0 0.354653 0.496875 0.354653 0.501562 0.350493 0.504687 0.348413 0.504687 0.344253 0.507812 0.342173 0.507812 0.327612 0.518750 0.327612 0.520312 0.325532 0.521875 0.325532 0.523437 0.323452 0.525000 0.323452 0.526562 0.319292 0.529687 0.313052 0.529687 0.313052 0.556250 0.319292 0.556250 0.323452 0.559375 0.323452 0.562500 0.329692 0.567187 0.329692 0.568750 0.340093 0.576562 0.340093 0.578125 0.348413 0.584375 0.348413 0.589062 0.410815 0.589062 0.410815 0.584375 0.433696 0.567187 0.433696 0.565625 0.437856 0.562500 0.444097 0.562500 0.444097 0.532812 0.437856 0.532812 0.435776 0.531250 0.435776 0.529687 0.433696 0.528125 0.433696 0.526562 0.431616 0.525000 0.431616 0.523437 0.429536 0.521875 0.429536 0.520312 0.427456 0.518750 0.427456 0.517187 0.423296 0.514062 0.423296 0.512500 0.414976 0.506250 0.412896 0.506250 0.410815 0.504687 0.408735 0.504687 0.404575 0.501562 0.404575 0.496875
0 0.577222 0.521875 0.577222 0.528125 0.575142 0.529687 0.573062 0.529687 0.570981 0.531250 0.568901 0.531250 0.566821 0.532812 0.564741 0.532812 0.556421 0.539062 0.554341 0.539062 0.550181 0.542187 0.550181 0.543750 0.543940 0.548437 0.543940 0.550000 0.541860 0.551562 0.541860 0.553125 0.539780 0.554687 0.539780 0.557812 0.535620 0.560937 0.529380 0.560937 0.529380 0.584375 0.535620 0.584375 0.546021 0.592187 0.546021 0.593750 0.562661 0.606250 0.562661 0.607813 0.564741 0.609375 0.566821 0.609375 0.573062 0.614062 0.573062 0.620312 0.616743 0.620312 0.616743 0.615625 0.618823 0.614062 0.620903 0.614062 0.622983 0.612500 0.625063 0.612500 0.627144 0.610937 0.629224 0.610937 0.633384 0.607813 0.635464 0.607813 0.639624 0.604687 0.641704 0.604687 0.656265 0.593750 0.656265 0.592187 0.658345 0.590625 0.658345 0.587500 0.662505 0.584375 0.668745 0.584375 0.668745 0.557812 0.662505 0.557812 0.658345 0.554687 0.658345 0.553125 0.656265 0.551562 0.656265 0.550000 0.650024 0.545312 0.650024 0.543750 0.637544 0.534375 0.635464 0.534375 0.629224 0.529687 0.627144 0.529687 0.622983 0.526562 0.622983 0.521875
1 0.466978 0.471875 0.466978 0.476562 0.462817 0.479687 0.460737 0.479687 0.458657 0.481250 0.454497 0.481250 0.450337 0.484375 0.448257 0.484375 0.444097 0.487500 0.442017 0.487500 0.439936 0.489062 0.439936 0.490625 0.437856 0.492188 0.429536 0.492188 0.429536 0.535937 0.435776 0.535937 0.442017 0.540625 0.442017 0.542187 0.454497 0.551562 0.456577 0.551562 0.462817 0.556250 0.469058 0.556250 0.473218 0.559375 0.473218 0.564062 0.510659 0.564062 0.510659 0.559375 0.514819 0.556250 0.518979 0.556250 0.521060 0.554687 0.523140 0.554687 0.527300 0.551562 0.529380 0.551562 0.539780 0.543750 0.539780 0.540625 0.541860 0.539062 0.541860 0.537500 0.543940 0.535937 0.543940 0.534375 0.548101 0.531250 0.548101 0.529687 0.550181 0.528125 0.550181 0.523437 0.552261 0.521875 0.552261 0.514062 0.550181 0.512500 0.550181 0.506250 0.548101 0.504687 0.548101 0.501562 0.543940 0.498437 0.543940 0.496875 0.539780 0.493750 0.539780 0.492188 0.537700 0.490625 0.537700 0.489062 0.535620 0.487500 0.535620 0.485937 0.531460 0.482812 0.531460 0.481250 0.529380 0.479687 0.527300 0.479687 0.525220 0.478125 0.525220 0.471875
2 0.417056 0.384375 0.417056 0.389062 0.412896 0.392187 0.410815 0.392187 0.408735 0.393750 0.404575 0.393750 0.398335 0.398438 0.396255 0.398438 0.383774 0.407812 0.383774 0.409375 0.381694 0.410937 0.381694 0.412500 0.377534 0.415625 0.371294 0.415625 0.371294 0.459375 0.379614 0.459375 0.381694 0.460938 0.381694 0.462500 0.398335 0.475000 0.400415 0.475000 0.404575 0.478125 0.406655 0.478125 0.408735 0.479687 0.410815 0.479687 0.412896 0.481250 0.417056 0.481250 0.419136 0.482812 0.423296 0.482812 0.425376 0.484375 0.425376 0.489062 0.431616 0.489062 0.431616 0.484375 0.433696 0.482812 0.435776 0.482812 0.437856 0.481250 0.452417 0.481250 0.456577 0.478125 0.462817 0.478125 0.464897 0.476562 0.471138 0.476562 0.477378 0.471875 0.479458 0.471875 0.481538 0.470312 0.483618 0.470312 0.489858 0.465625 0.489858 0.464062 0.496099 0.459375 0.502339 0.459375 0.502339 0.414062 0.496099 0.414062 0.489858 0.409375 0.489858 0.407812 0.471138 0.393750 0.469058 0.393750 0.466978 0.392187 0.464897 0.392187 0.460737 0.389062 0.460737 0.384375
1 0.362974 0.590625 0.362974 0.595312 0.348413 0.606250 0.348413 0.607813 0.346333 0.609375 0.346333 0.610937 0.340093 0.615625 0.340093 0.617188 0.335933 0.620312 0.329692 0.620312 0.329692 0.651562 0.335933 0.651562 0.350493 0.662500 0.350493 0.664062 0.360894 0.671875 0.362974 0.671875 0.367134 0.675000 0.369214 0.675000 0.371294 0.676562 0.371294 0.682812 0.414976 0.682812 0.414976 0.678125 0.419136 0.675000 0.421216 0.675000 0.423296 0.673437 0.425376 0.673437 0.427456 0.671875 0.429536 0.671875 0.435776 0.667187 0.437856 0.667187 0.446177 0.660937 0.452417 0.660937 0.452417 0.607813 0.446177 0.607813 0.442017 0.604687 0.442017 0.603125 0.431616 0.595312 0.431616 0.590625
2 0.256890 0.553125 0.256890 0.557812 0.252729 0.560937 0.250649 0.560937 0.246489 0.564062 0.244409 0.564062 0.227769 0.576562 0.227769 0.578125 0.225688 0.579687 0.225688 0.581250 0.223608 0.582812 0.223608 0.585937 0.221528 0.587500 0.213208 0.587500 0.213208 0.620312 0.221528 0.620312 0.223608 0.621875 0.223608 0.623438 0.225688 0.625000 0.225688 0.626562 0.227769 0.628125 0.227769 0.629687 0.246489 0.643750 0.248569 0.643750 0.252729 0.646875 0.254810 0.646875 0.256890 0.648438 0.258970 0.648438 0.261050 0.650000 0.263130 0.650000 0.267290 0.653125 0.267290 0.657812 0.298491 0.657812 0.298491 0.653125 0.302651 0.650000 0.304731 0.650000 0.306812 0.648438 0.308892 0.648438 0.327612 0.634375 0.327612 0.632812 0.329692 0.631250 0.329692 0.629687 0.333853 0.626562 0.333853 0.625000 0.335933 0.623438 0.335933 0.620312 0.338013 0.618750 0.338013 0.617188 0.340093 0.615625 0.340093 0.614062 0.342173 0.612500 0.342173 0.609375 0.344253 0.607813 0.344253 0.604687 0.346333 0.603125 0.352573 0.603125 0.352573 0.585937 0.346333 0.585937 0.338013 0.579687 0.338013 0.578125 0.327612 0.570312 0.327612 0.568750 0.313052 0.557812 0.313052 0.553125
2 0.645864 0.596875 0.645864 0.603125 0.622983 0.620312 0.622983 0.621875 0.620903 0.623438 0.618823 0.623438 0.616743 0.625000 0.616743 0.626562 0.610503 0.631250 0.604263 0.631250 0.604263 0.671875 0.610503 0.671875 0.616743 0.676562 0.616743 0.678125 0.631304 0.689062 0.633384 0.689062 0.637544 0.692187 0.641704 0.692187 0.643784 0.693750 0.645864 0.693750 0.650024 0.696875 0.650024 0.701562 0.702026 0.701562 0.702026 0.696875 0.710347 0.690625 0.712427 0.690625 0.726987 0.679688 0.726987 0.678125 0.729067 0.676562 0.729067 0.675000 0.731147 0.673437 0.731147 0.671875 0.737388 0.667187 0.743628 0.667187 0.743628 0.629687 0.737388 0.629687 0.731147 0.625000 0.731147 0.623438 0.729067 0.621875 0.729067 0.620312 0.722827 0.615625 0.722827 0.614062 0.718667 0.610937 0.716587 0.610937 0.710347 0.606250 0.708267 0.606250 0.702026 0.601562 0.702026 0.596875
2 0.645864 0.834375 0.645864 0.839062 0.643784 0.840625 0.639624 0.840625 0.637544 0.842187 0.625063 0.842187 0.622983 0.843750 0.612583 0.843750 0.610503 0.845312 0.598022 0.845312 0.595942 0.846875 0.562661 0.846875 0.560581 0.848437 0.552261 0.848437 0.550181 0.850000 0.548101 0.850000 0.535620 0.859375 0.535620 0.860937 0.533540 0.862500 0.533540 0.865625 0.531460 0.867188 0.531460 0.870312 0.529380 0.871875 0.529380 0.873437 0.527300 0.875000 0.521060 0.875000 0.521060 0.901562 0.527300 0.901562 0.531460 0.904687 0.531460 0.906250 0.533540 0.907812 0.533540 0.909375 0.535620 0.910937 0.535620 0.914062 0.537700 0.915625 0.537700 0.917187 0.539780 0.918750 0.539780 0.920312 0.541860 0.921875 0.541860 0.923437 0.543940 0.925000 0.543940 0.926562 0.550181 0.931250 0.550181 0.932812 0.552261 0.934375 0.554341 0.934375 0.558501 0.937500 0.560581 0.937500 0.562661 0.939062 0.564741 0.939062 0.566821 0.940625 0.570981 0.940625 0.573062 0.942187 0.577222 0.942187 0.579302 0.943750 0.583462 0.943750 0.587622 0.946875 0.587622 0.951562 0.681226 0.951562 0.681226 0.946875 0.685386 0.943750 0.687466 0.943750 0.689546 0.942187 0.691626 0.942187 0.693706 0.940625 0.695786 0.940625 0.697866 0.939062 0.702026 0.939062 0.704106 0.937500 0.710347 0.937500 0.712427 0.935937 0.718667 0.935937 0.720747 0.934375 0.724907 0.934375 0.726987 0.932812 0.731147 0.932812 0.733227 0.931250 0.735308 0.931250 0.737388 0.929688 0.741548 0.929688 0.743628 0.928125 0.745708 0.928125 0.760269 0.917187 0.768589 0.917187 0.768589 0.868750 0.762349 0.868750 0.758188 0.865625 0.758188 0.864062 0.754028 0.860937 0.754028 0.859375 0.733227 0.843750 0.731147 0.843750 0.729067 0.842187 0.726987 0.842187 0.724907 0.840625 0.724907 0.834375
2 0.483618 0.584375 0.483618 0.589062 0.477378 0.593750 0.475298 0.593750 0.460737 0.604687 0.460737 0.606250 0.456577 0.609375 0.456577 0.610937 0.454497 0.612500 0.446177 0.612500 0.446177 0.654687 0.452417 0.654687 0.454497 0.656250 0.454497 0.657812 0.458657 0.660937 0.458657 0.662500 0.469058 0.670312 0.469058 0.671875 0.471138 0.671875 0.479458 0.678125 0.481538 0.678125 0.483618 0.679688 0.487778 0.679688 0.489858 0.681250 0.491938 0.681250 0.494019 0.682812 0.494019 0.689062 0.533540 0.689062 0.533540 0.684375 0.539780 0.679688 0.541860 0.679688 0.543940 0.678125 0.546021 0.678125 0.550181 0.675000 0.552261 0.675000 0.558501 0.670312 0.558501 0.668750 0.564741 0.664062 0.564741 0.662500 0.566821 0.660937 0.566821 0.659375 0.570981 0.656250 0.577222 0.656250 0.577222 0.618750 0.570981 0.618750 0.568901 0.617188 0.568901 0.615625 0.564741 0.612500 0.564741 0.610937 0.541860 0.593750 0.541860 0.592187 0.537700 0.589062 0.537700 0.584375
2 0.573062 0.415625 0.573062 0.420312 0.568901 0.423437 0.566821 0.423437 0.562661 0.426562 0.560581 0.426562 0.541860 0.440625 0.541860 0.442187 0.539780 0.443750 0.539780 0.445312 0.535620 0.448437 0.529380 0.448437 0.529380 0.485937 0.535620 0.485937 0.537700 0.487500 0.537700 0.489062 0.541860 0.492188 0.541860 0.493750 0.546021 0.496875 0.546021 0.498437 0.554341 0.504687 0.556421 0.504687 0.562661 0.509375 0.562661 0.514062 0.622983 0.514062 0.622983 0.509375 0.641704 0.495312 0.641704 0.493750 0.647944 0.489062 0.647944 0.487500 0.654185 0.482812 0.660425 0.482812 0.660425 0.446875 0.654185 0.446875 0.647944 0.442187 0.647944 0.440625 0.639624 0.434375 0.639624 0.432812 0.637544 0.431250 0.635464 0.431250 0.627144 0.425000 0.625063 0.425000 0.622983 0.423437 0.620903 0.423437 0.616743 0.420312 0.616743 0.415625
1 0.483618 0.259375 0.483618 0.264062 0.479458 0.267187 0.475298 0.267187 0.473218 0.268750 0.471138 0.268750 0.464897 0.273437 0.462817 0.273437 0.458657 0.276562 0.458657 0.278125 0.452417 0.282812 0.446177 0.282812 0.446177 0.335938 0.454497 0.335938 0.456577 0.337500 0.456577 0.339062 0.460737 0.342187 0.460737 0.343750 0.469058 0.350000 0.471138 0.350000 0.473218 0.351562 0.473218 0.357812 0.539780 0.357812 0.539780 0.351562 0.554341 0.340625 0.554341 0.339062 0.558501 0.335938 0.558501 0.334375 0.560581 0.332812 0.568901 0.332812 0.568901 0.285937 0.562661 0.285937 0.558501 0.282812 0.558501 0.281250 0.556421 0.279687 0.556421 0.278125 0.541860 0.267187 0.539780 0.267187 0.535620 0.264062 0.535620 0.259375
1 0.000000 0.653125 0.000000 0.832812 0.067603 0.832812 0.067603 0.828125 0.069683 0.826562 0.073843 0.826562 0.075923 0.825000 0.084243 0.825000 0.086323 0.823437 0.088403 0.823437 0.090483 0.821875 0.092563 0.821875 0.094644 0.820312 0.098804 0.820312 0.102964 0.817187 0.105044 0.817187 0.107124 0.815625 0.109204 0.815625 0.111284 0.814062 0.113364 0.814062 0.115444 0.812500 0.117524 0.812500 0.119604 0.810937 0.127925 0.810937 0.127925 0.678125 0.121685 0.678125 0.119604 0.676562 0.119604 0.673437 0.117524 0.671875 0.117524 0.668750 0.115444 0.667187 0.115444 0.664062 0.113364 0.662500 0.113364 0.660937 0.111284 0.660937 0.109204 0.662500 0.107124 0.662500 0.098804 0.668750 0.098804 0.673437 0.100884 0.675000 0.100884 0.679688 0.102964 0.681250 0.102964 0.703125 0.105044 0.704687 0.105044 0.709375 0.102964 0.710938 0.102964 0.714062 0.100884 0.715625 0.100884 0.720312 0.098804 0.721875 0.098804 0.726562 0.096724 0.728125 0.096724 0.732812 0.092563 0.735937 0.088403 0.735937 0.084243 0.732812 0.084243 0.728125 0.082163 0.726562 0.082163 0.725000 0.078003 0.721875 0.078003 0.718750 0.075923 0.717187 0.075923 0.714062 0.073843 0.712500 0.073843 0.710938 0.071763 0.709375 0.071763 0.706250 0.069683 0.704687 0.069683 0.701562 0.065522 0.698437 0.065522 0.696875 0.063442 0.695312 0.063442 0.693750 0.044722 0.679688 0.044722 0.678125 0.042642 0.678125 0.038481 0.675000 0.038481 0.673437 0.026001 0.664062 0.021841 0.664062 0.019761 0.662500 0.017681 0.662500 0.015601 0.660937 0.013521 0.660937 0.009360 0.657812 0.009360 0.653125
1 0.392095 0.971875 0.392095 0.978125 0.383774 0.984375 0.383774 0.985937 0.381694 0.987500 0.381694 0.989062 0.377534 0.992188 0.371294 0.992188 0.371294 0.998437 0.458657 0.998437 0.458657 0.996875 0.456577 0.995312 0.454497 0.995312 0.437856 0.982812 0.437856 0.981250 0.431616 0.976562 0.431616 0.971875
1 0.333853 0.815625 0.333853 0.820312 0.331772 0.821875 0.304731 0.821875 0.304731 0.903125 0.313052 0.903125 0.317212 0.906250 0.319292 0.906250 0.321372 0.907812 0.321372 0.909375 0.323452 0.910937 0.323452 0.912500 0.325532 0.914062 0.325532 0.915625 0.329692 0.918750 0.329692 0.920312 0.331772 0.921875 0.331772 0.923437 0.333853 0.925000 0.333853 0.926562 0.340093 0.931250 0.340093 0.932812 0.358813 0.946875 0.360894 0.946875 0.369214 0.953125 0.369214 0.957812 0.439936 0.957812 0.439936 0.953125 0.444097 0.950000 0.446177 0.950000 0.448257 0.948437 0.450337 0.948437 0.452417 0.946875 0.456577 0.946875 0.458657 0.945312 0.460737 0.945312 0.462817 0.943750 0.464897 0.943750 0.471138 0.939062 0.471138 0.937500 0.473218 0.935937 0.473218 0.932812 0.475298 0.931250 0.475298 0.928125 0.477378 0.926562 0.477378 0.923437 0.479458 0.921875 0.485698 0.921875 0.485698 0.884375 0.479458 0.884375 0.471138 0.878125 0.471138 0.876562 0.466978 0.873437 0.464897 0.873437 0.460737 0.870312 0.454497 0.870312 0.452417 0.868750 0.446177 0.868750 0.442017 0.865625 0.442017 0.864062 0.437856 0.860937 0.437856 0.859375 0.433696 0.856250 0.433696 0.854687 0.429536 0.851562 0.429536 0.850000 0.423296 0.845312 0.423296 0.843750 0.414976 0.837500 0.412896 0.837500 0.406655 0.832812 0.404575 0.832812 0.400415 0.829687 0.398335 0.829687 0.396255 0.828125 0.394175 0.828125 0.390015 0.825000 0.385854 0.825000 0.383774 0.823437 0.379614 0.823437 0.377534 0.821875 0.373374 0.821875 0.371294 0.820312 0.371294 0.815625