0 0.642187 0.437500 0.642187 0.443750 0.640625 0.445833 0.639063 0.445833 0.637500 0.447917 0.635938 0.447917 0.634375 0.450000 0.632812 0.450000 0.631250 0.452083 0.629687 0.452083 0.628125 0.454167 0.626562 0.454167 0.623438 0.458333 0.621875 0.458333 0.620313 0.460417 0.618750 0.460417 0.615625 0.464583 0.614062 0.464583 0.603125 0.479167 0.603125 0.481250 0.600000 0.485417 0.600000 0.487500 0.598437 0.489583 0.598437 0.491667 0.595312 0.495833 0.590625 0.495833 0.590625 0.562500 0.595312 0.562500 0.598437 0.566667 0.598437 0.568750 0.600000 0.570833 0.600000 0.572917 0.601562 0.575000 0.601562 0.577083 0.607813 0.585417 0.607813 0.587500 0.614062 0.595833 0.615625 0.595833 0.620313 0.602083 0.621875 0.602083 0.623438 0.604167 0.625000 0.604167 0.628125 0.608333 0.631250 0.608333 0.634375 0.612500 0.634375 0.618750 0.671875 0.618750 0.671875 0.612500 0.675000 0.608333 0.676562 0.608333 0.678125 0.606250 0.681250 0.606250 0.682813 0.604167 0.684375 0.604167 0.687500 0.600000 0.689062 0.600000 0.690625 0.597917 0.692187 0.597917 0.698438 0.589583 0.700000 0.589583 0.703125 0.585417 0.703125 0.583333 0.707812 0.577083 0.707812 0.575000 0.710938 0.570833 0.710938 0.566667 0.712500 0.564583 0.712500 0.562500 0.715625 0.558333 0.720312 0.558333 0.720312 0.502083 0.715625 0.502083 0.712500 0.497917 0.712500 0.493750 0.710938 0.491667 0.710938 0.489583 0.709375 0.487500 0.709375 0.485417 0.704687 0.479167 0.704687 0.477083 0.692187 0.460417 0.690625 0.460417 0.687500 0.456250 0.684375 0.456250 0.681250 0.452083 0.679688 0.452083 0.678125 0.450000 0.675000 0.450000 0.673437 0.447917 0.668750 0.447917 0.665625 0.443750 0.665625 0.437500
1 0.401563 0.579167 0.401563 0.585417 0.398438 0.589583 0.395312 0.589583 0.393750 0.591667 0.390625 0.591667 0.389062 0.593750 0.385938 0.593750 0.384375 0.595833 0.382812 0.595833 0.379687 0.600000 0.378125 0.600000 0.373437 0.606250 0.373437 0.608333 0.365625 0.618750 0.365625 0.620833 0.364062 0.622917 0.364062 0.627083 0.362500 0.629167 0.362500 0.631250 0.360938 0.633333 0.360938 0.635417 0.359375 0.637500 0.359375 0.639583 0.357812 0.641667 0.353125 0.641667 0.353125 0.687500 0.357812 0.687500 0.359375 0.689583 0.359375 0.691667 0.360938 0.693750 0.360938 0.695833 0.362500 0.697917 0.362500 0.702083 0.365625 0.706250 0.365625 0.708333 0.368750 0.712500 0.368750 0.714583 0.381250 0.731250 0.382812 0.731250 0.384375 0.733333 0.385938 0.733333 0.389062 0.737500 0.390625 0.737500 0.392188 0.739583 0.393750 0.739583 0.395312 0.741667 0.396875 0.741667 0.400000 0.745833 0.400000 0.752083 0.434375 0.752083 0.434375 0.745833 0.435937 0.743750 0.437500 0.743750 0.439063 0.741667 0.440625 0.741667 0.442187 0.739583 0.443750 0.739583 0.445312 0.737500 0.446875 0.737500 0.448438 0.735417 0.450000 0.735417 0.453125 0.731250 0.454688 0.731250 0.457812 0.727083 0.459375 0.727083 0.459375 0.725000 0.467187 0.714583 0.467187 0.712500 0.471875 0.706250 0.476562 0.706250 0.476562 0.618750 0.471875 0.618750 0.467187 0.612500 0.467187 0.610417 0.457812 0.597917 0.456250 0.597917 0.451562 0.591667 0.450000 0.591667 0.448438 0.589583 0.446875 0.589583 0.445312 0.587500 0.443750 0.587500 0.442187 0.585417 0.442187 0.579167
1 0.485938 0.387500 0.485938 0.393750 0.482812 0.397917 0.481250 0.397917 0.478125 0.402083 0.476562 0.402083 0.471875 0.408333 0.470313 0.408333 0.468750 0.410417 0.468750 0.412500 0.460938 0.422917 0.460938 0.425000 0.457812 0.429167 0.453125 0.429167 0.453125 0.500000 0.457812 0.500000 0.459375 0.502083 0.459375 0.504167 0.460938 0.506250 0.460938 0.510417 0.464063 0.514583 0.464063 0.516667 0.465625 0.518750 0.465625 0.520833 0.467187 0.522917 0.467187 0.525000 0.470313 0.529167 0.471875 0.529167 0.478125 0.537500 0.479688 0.537500 0.481250 0.539583 0.482812 0.539583 0.484375 0.541667 0.485938 0.541667 0.489062 0.545833 0.489062 0.552083 0.537500 0.552083 0.537500 0.545833 0.540625 0.541667 0.542188 0.541667 0.543750 0.539583 0.545313 0.539583 0.548437 0.535417 0.550000 0.535417 0.564062 0.516667 0.564062 0.514583 0.567187 0.510417 0.567187 0.508333 0.571875 0.502083 0.576563 0.502083 0.576563 0.441667 0.571875 0.441667 0.568750 0.437500 0.568750 0.435417 0.565625 0.431250 0.565625 0.429167 0.564062 0.427083 0.564062 0.425000 0.556250 0.414583 0.556250 0.412500 0.551562 0.406250 0.550000 0.406250 0.545313 0.400000 0.543750 0.400000 0.542188 0.397917 0.540625 0.397917 0.539062 0.395833 0.537500 0.395833 0.535937 0.393750 0.535937 0.387500
0 0.378125 0.437500 0.378125 0.443750 0.375000 0.447917 0.373437 0.447917 0.371875 0.450000 0.370313 0.450000 0.365625 0.456250 0.364062 0.456250 0.354688 0.468750 0.354688 0.470833 0.351562 0.475000 0.351562 0.477083 0.350000 0.479167 0.350000 0.481250 0.348437 0.483333 0.348437 0.487500 0.345313 0.491667 0.340625 0.491667 0.340625 0.541667 0.345313 0.541667 0.348437 0.545833 0.348437 0.547917 0.350000 0.550000 0.350000 0.552083 0.353125 0.556250 0.353125 0.558333 0.356250 0.562500 0.356250 0.564583 0.359375 0.568750 0.359375 0.570833 0.360938 0.570833 0.362500 0.572917 0.362500 0.575000 0.371875 0.587500 0.371875 0.593750 0.407813 0.593750 0.407813 0.587500 0.409375 0.585417 0.412500 0.585417 0.414062 0.583333 0.431250 0.583333 0.432813 0.581250 0.440625 0.581250 0.442187 0.579167 0.443750 0.579167 0.453125 0.566667 0.453125 0.564583 0.456250 0.560417 0.456250 0.558333 0.459375 0.554167 0.464063 0.554167 0.464063 0.495833 0.459375 0.495833 0.456250 0.491667 0.456250 0.487500 0.454688 0.485417 0.454688 0.481250 0.453125 0.479167 0.453125 0.475000 0.451562 0.472917 0.451562 0.468750 0.448438 0.464583 0.448438 0.462500 0.442187 0.454167 0.440625 0.454167 0.437500 0.450000 0.435937 0.450000 0.434375 0.447917 0.432813 0.447917 0.429688 0.443750 0.429688 0.437500
2 0.667188 0.604167 0.667188 0.610417 0.665625 0.612500 0.664062 0.612500 0.662500 0.614583 0.659375 0.614583 0.657812 0.616667 0.656250 0.616667 0.653125 0.620833 0.651563 0.620833 0.650000 0.622917 0.648438 0.622917 0.646875 0.625000 0.645312 0.625000 0.640625 0.631250 0.639063 0.631250 0.637500 0.633333 0.635938 0.633333 0.626562 0.645833 0.626562 0.647917 0.623438 0.652083 0.623438 0.654167 0.620313 0.658333 0.615625 0.658333 0.615625 0.718750 0.620313 0.718750 0.625000 0.725000 0.625000 0.727083 0.626562 0.729167 0.626562 0.731250 0.628125 0.733333 0.628125 0.735417 0.632812 0.741667 0.632812 0.743750 0.635938 0.747917 0.637500 0.747917 0.642187 0.754167 0.643750 0.754167 0.646875 0.758333 0.648438 0.758333 0.651563 0.762500 0.651563 0.768750 0.715625 0.768750 0.715625 0.760417 0.717188 0.758333 0.718750 0.758333 0.720312 0.756250 0.721875 0.756250 0.723437 0.754167 0.725000 0.754167 0.726562 0.752083 0.728125 0.752083 0.740625 0.735417 0.740625 0.731250 0.743750 0.727083 0.743750 0.725000 0.745313 0.722917 0.751562 0.722917 0.751562 0.668750 0.746875 0.668750 0.743750 0.664583 0.743750 0.662500 0.742188 0.660417 0.742188 0.656250 0.740625 0.654167 0.740625 0.652083 0.739062 0.650000 0.739062 0.647917 0.735937 0.643750 0.735937 0.641667 0.721875 0.622917 0.720312 0.622917 0.717188 0.618750 0.715625 0.618750 0.714063 0.616667 0.710938 0.616667 0.709375 0.614583 0.707812 0.614583 0.704687 0.610417 0.704687 0.604167
2 0.301562 0.529167 0.301562 0.535417 0.298438 0.539583 0.295312 0.539583 0.293750 0.541667 0.292188 0.541667 0.290625 0.543750 0.289062 0.543750 0.285937 0.547917 0.284375 0.547917 0.282813 0.550000 0.281250 0.550000 0.279687 0.552083 0.278125 0.552083 0.271875 0.560417 0.270312 0.560417 0.270312 0.562500 0.264062 0.570833 0.264062 0.572917 0.260938 0.577083 0.260938 0.581250 0.257812 0.585417 0.253125 0.585417 0.253125 0.647917 0.257812 0.647917 0.260938 0.652083 0.260938 0.654167 0.262500 0.656250 0.262500 0.658333 0.264062 0.660417 0.264062 0.662500 0.265625 0.662500 0.267188 0.664583 0.267188 0.666667 0.278125 0.681250 0.279687 0.681250 0.284375 0.687500 0.285937 0.687500 0.287500 0.689583 0.289062 0.689583 0.290625 0.691667 0.292188 0.691667 0.295312 0.695833 0.295312 0.702083 0.339063 0.702083 0.339063 0.695833 0.343750 0.689583 0.345313 0.689583 0.353125 0.679167 0.353125 0.675000 0.354688 0.672917 0.354688 0.666667 0.356250 0.664583 0.356250 0.658333 0.357812 0.656250 0.357812 0.652083 0.359375 0.650000 0.359375 0.641667 0.360938 0.639583 0.360938 0.635417 0.362500 0.633333 0.362500 0.631250 0.365625 0.627083 0.370313 0.627083 0.370313 0.585417 0.365625 0.585417 0.364062 0.583333 0.364062 0.581250 0.359375 0.575000 0.359375 0.572917 0.353125 0.564583 0.353125 0.562500 0.351562 0.560417 0.351562 0.558333 0.350000 0.556250 0.350000 0.554167 0.345313 0.547917 0.345313 0.545833 0.340625 0.539583 0.339063 0.539583 0.335938 0.535417 0.335938 0.529167
2 0.995313 0.079167 0.995313 0.093750 0.993750 0.095833 0.993750 0.102083 0.992188 0.104167 0.992188 0.108333 0.990625 0.110417 0.990625 0.114583 0.989062 0.116667 0.989062 0.120833 0.987500 0.122917 0.987500 0.127083 0.985937 0.129167 0.985937 0.131250 0.984375 0.133333 0.984375 0.137500 0.982813 0.139583 0.982813 0.143750 0.981250 0.145833 0.981250 0.150000 0.979688 0.152083 0.979688 0.156250 0.978125 0.158333 0.978125 0.162500 0.976562 0.164583 0.976562 0.168750 0.975000 0.170833 0.975000 0.177083 0.973437 0.179167 0.973437 0.181250 0.970312 0.185417 0.965625 0.185417 0.965625 0.302083 0.970312 0.302083 0.973437 0.306250 0.973437 0.308333 0.975000 0.310417 0.975000 0.312500 0.978125 0.316667 0.978125 0.318750 0.981250 0.322917 0.981250 0.325000 0.989062 0.335417 0.989062 0.337500 0.990625 0.339583 0.992188 0.339583 0.995313 0.343750 0.995313 0.352083 0.998438 0.352083 0.998438 0.079167
2 0.509375 0.587500 0.509375 0.593750 0.506250 0.597917 0.503125 0.597917 0.501562 0.600000 0.500000 0.600000 0.495313 0.606250 0.493750 0.606250 0.485938 0.616667 0.485938 0.618750 0.479688 0.627083 0.479688 0.631250 0.476562 0.635417 0.471875 0.635417 0.471875 0.708333 0.476562 0.708333 0.479688 0.712500 0.479688 0.714583 0.487500 0.725000 0.487500 0.727083 0.495313 0.737500 0.496875 0.737500 0.500000 0.741667 0.501562 0.741667 0.504687 0.745833 0.504687 0.752083 0.560938 0.752083 0.560938 0.745833 0.567187 0.737500 0.568750 0.737500 0.573438 0.731250 0.575000 0.731250 0.582812 0.720833 0.582812 0.718750 0.584375 0.716667 0.584375 0.714583 0.585938 0.712500 0.585938 0.710417 0.587500 0.708333 0.587500 0.706250 0.589063 0.704167 0.595312 0.704167 0.595312 0.641667 0.590625 0.641667 0.587500 0.637500 0.587500 0.635417 0.585938 0.633333 0.585938 0.631250 0.584375 0.629167 0.584375 0.627083 0.578125 0.618750 0.578125 0.616667 0.576563 0.616667 0.565625 0.602083 0.564062 0.602083 0.562500 0.600000 0.560938 0.600000 0.556250 0.593750 0.556250 0.587500
1 0.007812 0.695833 0.007812 0.702083 0.004688 0.706250 0.000000 0.706250 0.000000 0.997917 0.107813 0.997917 0.107813 0.852083 0.103125 0.852083 0.095312 0.841667 0.095312 0.839583 0.093750 0.837500 0.093750 0.827083 0.092188 0.825000 0.092188 0.818750 0.090625 0.816667 0.090625 0.810417 0.089062 0.808333 0.089062 0.800000 0.087500 0.797917 0.087500 0.795833 0.085938 0.793750 0.085938 0.787500 0.084375 0.785417 0.084375 0.783333 0.082813 0.781250 0.082813 0.779167 0.081250 0.777083 0.081250 0.775000 0.079687 0.772917 0.079687 0.770833 0.076563 0.766667 0.076563 0.764583 0.075000 0.762500 0.075000 0.760417 0.073437 0.758333 0.073437 0.756250 0.071875 0.754167 0.071875 0.752083 0.064062 0.741667 0.064062 0.739583 0.054688 0.727083 0.054688 0.725000 0.046875 0.714583 0.045313 0.714583 0.040625 0.708333 0.037500 0.708333 0.035937 0.706250 0.032812 0.706250 0.031250 0.704167 0.029687 0.704167 0.028125 0.702083 0.028125 0.695833
2 0.448438 0.245833 0.448438 0.252083 0.445312 0.256250 0.442187 0.256250 0.440625 0.258333 0.437500 0.258333 0.435937 0.260417 0.434375 0.260417 0.431250 0.264583 0.429688 0.264583 0.426562 0.268750 0.425000 0.268750 0.412500 0.285417 0.412500 0.287500 0.407813 0.293750 0.403125 0.293750 0.403125 0.372917 0.407813 0.372917 0.410937 0.377083 0.410937 0.379167 0.418750 0.389583 0.418750 0.391667 0.421875 0.395833 0.423438 0.395833 0.429688 0.404167 0.429688 0.410417 0.475000 0.410417 0.475000 0.404167 0.478125 0.400000 0.479688 0.400000 0.481250 0.397917 0.482812 0.397917 0.484375 0.395833 0.485938 0.395833 0.487500 0.393750 0.489062 0.393750 0.490625 0.391667 0.492188 0.391667 0.493750 0.389583 0.495313 0.389583 0.496875 0.387500 0.503125 0.387500 0.504687 0.385417 0.507812 0.385417 0.509375 0.383333 0.510938 0.383333 0.512500 0.381250 0.514063 0.381250 0.514063 0.379167 0.517187 0.375000 0.517187 0.372917 0.518750 0.370833 0.518750 0.368750 0.521875 0.364583 0.526563 0.364583 0.526563 0.302083 0.521875 0.302083 0.518750 0.297917 0.518750 0.295833 0.517187 0.293750 0.517187 0.291667 0.515625 0.289583 0.515625 0.287500 0.509375 0.279167 0.509375 0.277083 0.503125 0.268750 0.501562 0.268750 0.498437 0.264583 0.496875 0.264583 0.493750 0.260417 0.492188 0.260417 0.490625 0.258333 0.489062 0.258333 0.487500 0.256250 0.485938 0.256250 0.484375 0.254167 0.482812 0.254167 0.481250 0.252083 0.481250 0.245833
1 0.584375 0.295833 0.584375 0.302083 0.581250 0.306250 0.579687 0.306250 0.578125 0.308333 0.576563 0.308333 0.575000 0.310417 0.573438 0.310417 0.571875 0.312500 0.570312 0.312500 0.553125 0.335417 0.553125 0.337500 0.551562 0.339583 0.551562 0.341667 0.550000 0.343750 0.550000 0.345833 0.548437 0.347917 0.548437 0.350000 0.546875 0.352083 0.540625 0.352083 0.540625 0.397917 0.545313 0.397917 0.548437 0.402083 0.550000 0.402083 0.564062 0.420833 0.564062 0.422917 0.565625 0.425000 0.565625 0.427083 0.570312 0.433333 0.570312 0.435417 0.571875 0.437500 0.571875 0.439583 0.575000 0.443750 0.575000 0.445833 0.576563 0.447917 0.578125 0.447917 0.581250 0.452083 0.581250 0.460417 0.626562 0.460417 0.626562 0.454167 0.631250 0.447917 0.634375 0.447917 0.635938 0.445833 0.637500 0.445833 0.639063 0.443750 0.640625 0.443750 0.642187 0.441667 0.643750 0.441667 0.646875 0.437500 0.648438 0.437500 0.651563 0.433333 0.653125 0.433333 0.656250 0.429167 0.657812 0.429167 0.665625 0.418750 0.670313 0.418750 0.670313 0.343750 0.664062 0.343750 0.662500 0.341667 0.662500 0.339583 0.660937 0.337500 0.660937 0.335417 0.643750 0.312500 0.642187 0.312500 0.639063 0.308333 0.637500 0.308333 0.635938 0.306250 0.634375 0.306250 0.631250 0.302083 0.631250 0.295833
2 0.584375 0.295833 0.584375 0.302083 0.581250 0.306250 0.579687 0.306250 0.578125 0.308333 0.576563 0.308333 0.575000 0.310417 0.573438 0.310417 0.570312 0.314583 0.568750 0.314583 0.554688 0.333333 0.554688 0.335417 0.551562 0.339583 0.551562 0.341667 0.550000 0.343750 0.550000 0.345833 0.548437 0.347917 0.548437 0.350000 0.545313 0.354167 0.540625 0.354167 0.540625 0.397917 0.545313 0.397917 0.548437 0.402083 0.550000 0.402083 0.564062 0.420833 0.564062 0.422917 0.565625 0.425000 0.565625 0.427083 0.570312 0.433333 0.570312 0.435417 0.571875 0.437500 0.571875 0.439583 0.582812 0.454167 0.582812 0.460417 0.626562 0.460417 0.626562 0.454167 0.631250 0.447917 0.634375 0.447917 0.635938 0.445833 0.637500 0.445833 0.639063 0.443750 0.640625 0.443750 0.642187 0.441667 0.643750 0.441667 0.646875 0.437500 0.648438 0.437500 0.651563 0.433333 0.653125 0.433333 0.656250 0.429167 0.657812 0.429167 0.665625 0.418750 0.670313 0.418750 0.670313 0.343750 0.664062 0.343750 0.662500 0.341667 0.662500 0.339583 0.659375 0.335417 0.659375 0.333333 0.643750 0.312500 0.642187 0.312500 0.639063 0.308333 0.637500 0.308333 0.635938 0.306250 0.634375 0.306250 0.631250 0.302083 0.631250 0.295833