1 0.340093 0.528125 0.340093 0.534375 0.335933 0.537500 0.335933 0.539062 0.327612 0.545312 0.327612 0.546875 0.323452 0.550000 0.323452 0.551562 0.319292 0.554687 0.313052 0.554687 0.313052 0.585937 0.319292 0.585937 0.321372 0.587500 0.321372 0.590625 0.323452 0.592187 0.323452 0.595312 0.325532 0.596875 0.325532 0.598437 0.327612 0.600000 0.327612 0.601562 0.344253 0.614062 0.346333 0.614062 0.348413 0.615625 0.352573 0.615625 0.354653 0.617188 0.356733 0.617188 0.358813 0.618750 0.360894 0.618750 0.362974 0.620312 0.365054 0.620312 0.367134 0.621875 0.367134 0.626562 0.402495 0.626562 0.402495 0.621875 0.404575 0.620312 0.408735 0.620312 0.410815 0.618750 0.414976 0.618750 0.417056 0.617188 0.421216 0.617188 0.423296 0.615625 0.425376 0.615625 0.427456 0.614062 0.429536 0.614062 0.431616 0.612500 0.433696 0.612500 0.435776 0.610937 0.437856 0.610937 0.446177 0.604687 0.446177 0.603125 0.448257 0.601562 0.448257 0.600000 0.450337 0.598437 0.450337 0.596875 0.452417 0.595312 0.452417 0.593750 0.454497 0.592187 0.460737 0.592187 0.460737 0.565625 0.454497 0.565625 0.452417 0.564062 0.452417 0.562500 0.450337 0.560937 0.450337 0.559375 0.448257 0.557812 0.448257 0.554687 0.431616 0.542187 0.427456 0.542187 0.425376 0.540625 0.421216 0.540625 0.412896 0.534375 0.412896 0.528125
1 0.560581 0.484375 0.560581 0.490625 0.552261 0.496875 0.552261 0.498437 0.537700 0.509375 0.537700 0.510937 0.535620 0.512500 0.535620 0.514062 0.533540 0.515625 0.533540 0.517187 0.529380 0.520312 0.521060 0.520312 0.521060 0.570312 0.529380 0.570312 0.529380 0.567187 0.531460 0.565625 0.531460 0.560937 0.529380 0.559375 0.531460 0.557812 0.535620 0.557812 0.539780 0.560937 0.539780 0.562500 0.541860 0.564062 0.543940 0.564062 0.550181 0.568750 0.552261 0.568750 0.560581 0.575000 0.562661 0.575000 0.564741 0.576562 0.564741 0.582812 0.625063 0.582812 0.625063 0.578125 0.629224 0.575000 0.633384 0.575000 0.635464 0.573437 0.637544 0.573437 0.639624 0.571875 0.641704 0.571875 0.645864 0.568750 0.647944 0.568750 0.656265 0.562500 0.658345 0.562500 0.662505 0.559375 0.662505 0.557812 0.664585 0.556250 0.664585 0.554687 0.666665 0.553125 0.666665 0.551562 0.670825 0.548437 0.677065 0.548437 0.677065 0.526562 0.668745 0.526562 0.666665 0.525000 0.666665 0.521875 0.664585 0.520312 0.664585 0.518750 0.662505 0.517187 0.662505 0.515625 0.660425 0.514062 0.660425 0.512500 0.656265 0.509375 0.656265 0.507812 0.654185 0.506250 0.654185 0.504687 0.645864 0.498437 0.645864 0.496875 0.643784 0.496875 0.633384 0.489062 0.633384 0.484375
0 0.308892 0.415625 0.308892 0.421875 0.306812 0.423437 0.304731 0.423437 0.302651 0.425000 0.300571 0.425000 0.290171 0.432812 0.290171 0.434375 0.281851 0.440625 0.281851 0.442187 0.277690 0.445312 0.271450 0.445312 0.271450 0.492188 0.277690 0.492188 0.286011 0.498437 0.288091 0.498437 0.290171 0.500000 0.292251 0.500000 0.296411 0.503125 0.300571 0.503125 0.302651 0.504687 0.304731 0.504687 0.306812 0.506250 0.308892 0.506250 0.313052 0.509375 0.313052 0.514062 0.346333 0.514062 0.346333 0.509375 0.350493 0.506250 0.356733 0.506250 0.358813 0.504687 0.360894 0.504687 0.362974 0.503125 0.367134 0.503125 0.371294 0.500000 0.373374 0.500000 0.375454 0.498437 0.377534 0.498437 0.390015 0.489062 0.390015 0.487500 0.396255 0.482812 0.402495 0.482812 0.402495 0.440625 0.396255 0.440625 0.387935 0.434375 0.387935 0.432812 0.371294 0.420312 0.371294 0.415625
1 0.429536 0.365625 0.429536 0.370312 0.427456 0.371875 0.425376 0.371875 0.423296 0.373437 0.421216 0.373437 0.419136 0.375000 0.417056 0.375000 0.410815 0.379687 0.408735 0.379687 0.398335 0.387500 0.398335 0.389062 0.394175 0.392187 0.387935 0.392187 0.387935 0.425000 0.394175 0.425000 0.396255 0.426562 0.396255 0.428125 0.398335 0.429688 0.398335 0.431250 0.419136 0.446875 0.419136 0.451562 0.458657 0.451562 0.458657 0.446875 0.460737 0.445312 0.462817 0.445312 0.464897 0.443750 0.487778 0.443750 0.489858 0.442187 0.498179 0.442187 0.508579 0.434375 0.508579 0.432812 0.512739 0.429688 0.518979 0.429688 0.518979 0.392187 0.512739 0.392187 0.506499 0.387500 0.506499 0.385937 0.502339 0.382812 0.502339 0.381250 0.491938 0.373437 0.489858 0.373437 0.485698 0.370312 0.485698 0.365625
0 0.296411 0.609375 0.296411 0.614062 0.290171 0.618750 0.288091 0.618750 0.286011 0.620312 0.283931 0.620312 0.269370 0.631250 0.269370 0.632812 0.265210 0.635937 0.265210 0.637500 0.261050 0.640625 0.254810 0.640625 0.254810 0.689062 0.263130 0.689062 0.265210 0.690625 0.265210 0.692187 0.267290 0.693750 0.267290 0.695312 0.275610 0.701562 0.275610 0.703125 0.277690 0.704687 0.279770 0.704687 0.286011 0.709375 0.288091 0.709375 0.290171 0.710938 0.292251 0.710938 0.298491 0.715625 0.298491 0.720312 0.360894 0.720312 0.360894 0.715625 0.365054 0.712500 0.367134 0.712500 0.369214 0.710938 0.371294 0.710938 0.390015 0.696875 0.390015 0.695312 0.396255 0.690625 0.402495 0.690625 0.402495 0.640625 0.396255 0.640625 0.392095 0.637500 0.392095 0.635937 0.390015 0.634375 0.390015 0.632812 0.381694 0.626562 0.379614 0.626562 0.377534 0.625000 0.375454 0.625000 0.373374 0.623438 0.369214 0.623438 0.367134 0.621875 0.360894 0.621875 0.358813 0.620312 0.356733 0.620312 0.354653 0.618750 0.352573 0.618750 0.350493 0.617188 0.346333 0.617188 0.344253 0.615625 0.342173 0.615625 0.340093 0.614062 0.340093 0.609375
0 0.442017 0.253125 0.442017 0.257812 0.437856 0.260937 0.433696 0.260937 0.431616 0.262500 0.429536 0.262500 0.427456 0.264062 0.427456 0.265625 0.425376 0.267187 0.423296 0.267187 0.417056 0.271875 0.417056 0.273437 0.408735 0.279687 0.408735 0.282812 0.406655 0.284375 0.406655 0.285937 0.402495 0.289062 0.396255 0.289062 0.396255 0.317187 0.402495 0.317187 0.406655 0.320312 0.406655 0.321875 0.408735 0.323437 0.408735 0.326562 0.414976 0.331250 0.414976 0.332812 0.425376 0.340625 0.427456 0.340625 0.429536 0.342187 0.431616 0.342187 0.433696 0.343750 0.435776 0.343750 0.439936 0.346875 0.439936 0.351562 0.481538 0.351562 0.481538 0.346875 0.496099 0.335938 0.496099 0.334375 0.498179 0.332812 0.498179 0.331250 0.500259 0.329687 0.500259 0.328125 0.502339 0.326562 0.502339 0.325000 0.504419 0.323437 0.504419 0.321875 0.506499 0.320312 0.506499 0.318750 0.510659 0.315625 0.510659 0.314062 0.512739 0.312500 0.512739 0.310937 0.514819 0.309375 0.514819 0.307813 0.516899 0.306250 0.516899 0.304688 0.518979 0.303125 0.527300 0.303125 0.527300 0.278125 0.512739 0.278125 0.489858 0.260937 0.487778 0.260937 0.483618 0.257812 0.483618 0.253125
1 0.672905 0.290625 0.672905 0.295312 0.670825 0.296875 0.668745 0.296875 0.666665 0.298437 0.662505 0.298437 0.658345 0.301562 0.656265 0.301562 0.641704 0.312500 0.641704 0.314062 0.639624 0.315625 0.639624 0.317187 0.637544 0.318750 0.637544 0.320312 0.633384 0.323437 0.633384 0.325000 0.631304 0.326562 0.631304 0.329687 0.629224 0.331250 0.629224 0.332812 0.627144 0.334375 0.620903 0.334375 0.620903 0.357812 0.627144 0.357812 0.631304 0.360937 0.631304 0.364062 0.633384 0.365625 0.633384 0.367188 0.641704 0.373437 0.643784 0.373437 0.652104 0.379687 0.654185 0.379687 0.660425 0.384375 0.660425 0.389062 0.693706 0.389062 0.693706 0.384375 0.699946 0.379687 0.702026 0.379687 0.704106 0.378125 0.708267 0.378125 0.710347 0.376562 0.716587 0.376562 0.718667 0.375000 0.720747 0.375000 0.722827 0.373437 0.724907 0.373437 0.726987 0.371875 0.729067 0.371875 0.731147 0.370312 0.731147 0.368750 0.737388 0.364062 0.737388 0.362500 0.739468 0.360937 0.739468 0.357812 0.741548 0.356250 0.741548 0.354687 0.743628 0.353125 0.743628 0.351562 0.745708 0.350000 0.751948 0.350000 0.751948 0.331250 0.745708 0.331250 0.743628 0.329687 0.743628 0.328125 0.741548 0.326562 0.741548 0.325000 0.739468 0.323437 0.739468 0.321875 0.737388 0.320312 0.737388 0.318750 0.733227 0.315625 0.733227 0.314062 0.722827 0.306250 0.720747 0.306250 0.712427 0.300000 0.710347 0.300000 0.708267 0.298437 0.706186 0.298437 0.702026 0.295312 0.702026 0.290625
1 0.920435 0.709375 0.918354 0.707812 0.912114 0.707812 0.912114 0.720312 0.920435 0.720312 0.920435 0.709375 0.945395 0.695312 0.947476 0.695312 0.953716 0.700000 0.955796 0.700000 0.959956 0.703125 0.962036 0.703125 0.966196 0.706250 0.968276 0.706250 0.972437 0.709375 0.974517 0.709375 0.976597 0.710938 0.980757 0.710938 0.982837 0.712500 0.984917 0.712500 0.989077 0.715625 0.989077 0.720312 1.000000 0.720312 1.000000 0.565625 0.968276 0.565625 0.968276 0.570312 0.964116 0.573437 0.962036 0.573437 0.959956 0.575000 0.957876 0.575000 0.953716 0.578125 0.951636 0.578125 0.937075 0.589062 0.937075 0.590625 0.932915 0.593750 0.932915 0.595312 0.928755 0.598437 0.928755 0.600000 0.924595 0.603125 0.924595 0.604687 0.922515 0.606250 0.922515 0.607813 0.918354 0.610937 0.912114 0.610937 0.912114 0.664062 0.918354 0.664062 0.920435 0.665625 0.920435 0.667187 0.922515 0.668750 0.922515 0.673437 0.924595 0.675000 0.924595 0.676562 0.928755 0.679688 0.928755 0.681250 0.932915 0.684375 0.932915 0.685937 0.945395 0.695312
0 0.512739 0.687500 0.504419 0.687500 0.504419 0.695312 0.514819 0.695312 0.514819 0.689062 0.512739 0.687500 0.523140 0.671875 0.541860 0.685937 0.543940 0.685937 0.546021 0.687500 0.548101 0.687500 0.552261 0.690625 0.552261 0.695312 0.608423 0.695312 0.608423 0.690625 0.612583 0.687500 0.614663 0.687500 0.616743 0.685937 0.618823 0.685937 0.627144 0.679688 0.629224 0.679688 0.641704 0.670312 0.641704 0.668750 0.647944 0.664062 0.647944 0.662500 0.650024 0.660937 0.650024 0.659375 0.654185 0.656250 0.654185 0.654687 0.656265 0.653125 0.656265 0.650000 0.658345 0.648438 0.658345 0.646875 0.662505 0.643750 0.668745 0.643750 0.668745 0.609375 0.660425 0.609375 0.658345 0.607813 0.658345 0.606250 0.656265 0.604687 0.656265 0.603125 0.652104 0.600000 0.652104 0.598437 0.637544 0.587500 0.635464 0.587500 0.629224 0.582812 0.629224 0.578125 0.546021 0.578125 0.546021 0.582812 0.541860 0.585937 0.537700 0.585937 0.531460 0.590625 0.529380 0.590625 0.518979 0.598437 0.518979 0.600000 0.514819 0.603125 0.514819 0.604687 0.512739 0.606250 0.504419 0.606250 0.504419 0.660937 0.510659 0.660937 0.514819 0.664062 0.514819 0.665625 0.516899 0.667187 0.518979 0.667187 0.523140 0.670312 0.523140 0.671875
0 0.562661 0.390625 0.562661 0.395312 0.558501 0.398438 0.556421 0.398438 0.554341 0.400000 0.552261 0.400000 0.543940 0.406250 0.541860 0.406250 0.539780 0.407812 0.539780 0.409375 0.537700 0.410937 0.535620 0.410937 0.531460 0.414062 0.531460 0.415625 0.527300 0.418750 0.521060 0.418750 0.521060 0.459375 0.527300 0.459375 0.546021 0.473437 0.548101 0.473437 0.554341 0.478125 0.554341 0.482812 0.620903 0.482812 0.620903 0.478125 0.627144 0.473437 0.629224 0.473437 0.635464 0.468750 0.635464 0.467187 0.639624 0.464062 0.639624 0.462500 0.641704 0.460938 0.641704 0.459375 0.645864 0.456250 0.652104 0.456250 0.652104 0.420312 0.645864 0.420312 0.643784 0.418750 0.643784 0.417187 0.641704 0.415625 0.641704 0.414062 0.637544 0.410937 0.637544 0.409375 0.627144 0.401562 0.625063 0.401562 0.620903 0.398438 0.618823 0.398438 0.614663 0.395312 0.614663 0.390625
2 0.689546 0.440625 0.689546 0.445312 0.685386 0.448437 0.683306 0.448437 0.679145 0.451562 0.677065 0.451562 0.666665 0.459375 0.666665 0.460938 0.664585 0.462500 0.664585 0.464062 0.660425 0.467187 0.654185 0.467187 0.654185 0.514062 0.660425 0.514062 0.666665 0.518750 0.666665 0.520312 0.668745 0.521875 0.668745 0.523437 0.670825 0.525000 0.670825 0.526562 0.683306 0.535937 0.685386 0.535937 0.691626 0.540625 0.691626 0.545312 0.747788 0.545312 0.747788 0.540625 0.754028 0.535937 0.756108 0.535937 0.758188 0.534375 0.760269 0.534375 0.768589 0.528125 0.770669 0.528125 0.770669 0.526562 0.776909 0.521875 0.776909 0.520312 0.778989 0.518750 0.778989 0.517187 0.781069 0.515625 0.781069 0.512500 0.783149 0.510937 0.783149 0.507812 0.787310 0.504687 0.793550 0.504687 0.793550 0.481250 0.787310 0.481250 0.783149 0.478125 0.783149 0.475000 0.781069 0.473437 0.781069 0.471875 0.778989 0.470312 0.778989 0.468750 0.776909 0.467187 0.776909 0.465625 0.772749 0.462500 0.772749 0.460938 0.760269 0.451562 0.758188 0.451562 0.756108 0.450000 0.754028 0.450000 0.747788 0.445312 0.747788 0.440625
2 0.541860 0.290625 0.541860 0.295312 0.539780 0.296875 0.537700 0.296875 0.535620 0.298437 0.531460 0.298437 0.527300 0.301562 0.525220 0.301562 0.508579 0.314062 0.508579 0.315625 0.502339 0.320312 0.496099 0.320312 0.496099 0.365625 0.502339 0.365625 0.518979 0.378125 0.521060 0.378125 0.529380 0.384375 0.529380 0.389062 0.583462 0.389062 0.583462 0.384375 0.587622 0.381250 0.589702 0.381250 0.591782 0.379687 0.593862 0.379687 0.598022 0.376562 0.600103 0.376562 0.604263 0.373437 0.604263 0.371875 0.608423 0.368750 0.608423 0.365625 0.612583 0.362500 0.618823 0.362500 0.618823 0.317187 0.612583 0.317187 0.608423 0.314062 0.608423 0.312500 0.593862 0.301562 0.591782 0.301562 0.587622 0.298437 0.585542 0.298437 0.581382 0.295312 0.581382 0.290625
1 0.017681 0.503125 0.017681 0.507812 0.013521 0.510937 0.011440 0.510937 0.009360 0.512500 0.007280 0.512500 0.007280 0.514062 0.005200 0.515625 0.000000 0.515625 0.000000 0.620312 0.005200 0.620312 0.007280 0.621875 0.009360 0.621875 0.011440 0.623438 0.017681 0.623438 0.019761 0.625000 0.026001 0.625000 0.028081 0.626562 0.030161 0.626562 0.032241 0.628125 0.032241 0.632812 0.053042 0.632812 0.053042 0.628125 0.055122 0.626562 0.057202 0.626562 0.059282 0.625000 0.063442 0.625000 0.065522 0.623438 0.069683 0.623438 0.071763 0.621875 0.075923 0.621875 0.078003 0.620312 0.080083 0.620312 0.080083 0.618750 0.082163 0.617188 0.084243 0.617188 0.086323 0.615625 0.088403 0.615625 0.090483 0.614062 0.102964 0.614062 0.102964 0.600000 0.094644 0.600000 0.092563 0.598437 0.092563 0.596875 0.090483 0.595312 0.090483 0.582812 0.092563 0.581250 0.092563 0.576562 0.096724 0.573437 0.102964 0.573437 0.102964 0.526562 0.096724 0.526562 0.094644 0.525000 0.094644 0.523437 0.092563 0.521875 0.092563 0.520312 0.090483 0.518750 0.090483 0.517187 0.078003 0.507812 0.078003 0.503125
2 0.317212 0.321875 0.317212 0.328125 0.315132 0.329687 0.313052 0.329687 0.308892 0.332812 0.306812 0.332812 0.292251 0.343750 0.292251 0.345312 0.286011 0.350000 0.279770 0.350000 0.279770 0.392187 0.288091 0.392187 0.290171 0.393750 0.290171 0.395312 0.294331 0.398438 0.294331 0.400000 0.304731 0.407812 0.306812 0.407812 0.313052 0.412500 0.317212 0.412500 0.321372 0.415625 0.321372 0.420312 0.356733 0.420312 0.356733 0.415625 0.358813 0.414062 0.362974 0.414062 0.365054 0.412500 0.369214 0.412500 0.371294 0.410937 0.373374 0.410937 0.375454 0.409375 0.377534 0.409375 0.387935 0.401562 0.387935 0.400000 0.394175 0.395312 0.394175 0.393750 0.396255 0.392187 0.396255 0.390625 0.398335 0.389062 0.398335 0.387500 0.400415 0.385937 0.400415 0.384375 0.402495 0.382812 0.402495 0.381250 0.404575 0.379687 0.410815 0.379687 0.410815 0.350000 0.404575 0.350000 0.400415 0.346875 0.400415 0.345312 0.396255 0.342187 0.396255 0.340625 0.383774 0.331250 0.381694 0.331250 0.375454 0.326562 0.375454 0.321875
1 0.084243 0.234375 0.084243 0.239062 0.080083 0.242188 0.078003 0.242188 0.061362 0.254687 0.055122 0.254687 0.055122 0.295312 0.063442 0.295312 0.065522 0.296875 0.065522 0.298437 0.069683 0.301562 0.069683 0.303125 0.071763 0.303125 0.078003 0.307813 0.078003 0.309375 0.080083 0.310937 0.082163 0.310937 0.090483 0.317187 0.092563 0.317187 0.094644 0.318750 0.096724 0.318750 0.098804 0.320312 0.100884 0.320312 0.102964 0.321875 0.102964 0.326562 0.150806 0.326562 0.150806 0.321875 0.159126 0.315625 0.161206 0.315625 0.163286 0.314062 0.163286 0.312500 0.167446 0.309375 0.167446 0.307813 0.171606 0.304688 0.171606 0.303125 0.173687 0.301562 0.173687 0.298437 0.175767 0.296875 0.175767 0.293750 0.177847 0.292187 0.177847 0.290625 0.179927 0.289062 0.186167 0.289062 0.186167 0.275000 0.179927 0.275000 0.177847 0.273437 0.177847 0.271875 0.175767 0.270312 0.175767 0.267187 0.173687 0.265625 0.173687 0.264062 0.165366 0.257812 0.165366 0.256250 0.154966 0.248437 0.152886 0.248437 0.146646 0.243750 0.144565 0.243750 0.142485 0.242188 0.140405 0.242188 0.136245 0.239062 0.136245 0.234375
2 0.456577 0.615625 0.456577 0.620312 0.452417 0.623438 0.450337 0.623438 0.448257 0.625000 0.446177 0.625000 0.444097 0.626562 0.442017 0.626562 0.437856 0.629687 0.435776 0.629687 0.421216 0.640625 0.421216 0.642187 0.417056 0.645312 0.417056 0.646875 0.414976 0.648438 0.414976 0.650000 0.410815 0.653125 0.404575 0.653125 0.404575 0.695312 0.410815 0.695312 0.414976 0.698437 0.414976 0.700000 0.417056 0.701562 0.417056 0.703125 0.419136 0.704687 0.419136 0.706250 0.425376 0.710938 0.425376 0.712500 0.429536 0.715625 0.431616 0.715625 0.439936 0.721875 0.442017 0.721875 0.444097 0.723437 0.448257 0.723437 0.454497 0.728125 0.454497 0.732812 0.506499 0.732812 0.506499 0.728125 0.510659 0.725000 0.512739 0.725000 0.514819 0.723437 0.518979 0.723437 0.521060 0.721875 0.523140 0.721875 0.525220 0.720312 0.527300 0.720312 0.531460 0.717187 0.533540 0.717187 0.546021 0.707812 0.546021 0.706250 0.548101 0.704687 0.548101 0.703125 0.550181 0.701562 0.550181 0.696875 0.554341 0.693750 0.560581 0.693750 0.560581 0.615625
2 0.527300 0.953125 0.527300 0.957812 0.523140 0.960938 0.523140 0.962500 0.521060 0.964062 0.512739 0.964062 0.512739 0.998437 0.627144 0.998437 0.627144 0.987500 0.620903 0.987500 0.614663 0.982812 0.612583 0.982812 0.589702 0.965625 0.587622 0.965625 0.581382 0.960938 0.579302 0.960938 0.575142 0.957812 0.575142 0.953125
2 0.213208 0.515625 0.213208 0.521875 0.211128 0.523437 0.209048 0.523437 0.206968 0.525000 0.204888 0.525000 0.200728 0.528125 0.198647 0.528125 0.192407 0.532812 0.192407 0.534375 0.184087 0.540625 0.184087 0.542187 0.182007 0.543750 0.182007 0.545312 0.177847 0.548437 0.171606 0.548437 0.171606 0.582812 0.177847 0.582812 0.182007 0.585937 0.182007 0.587500 0.184087 0.589062 0.184087 0.590625 0.186167 0.592187 0.186167 0.593750 0.190327 0.596875 0.190327 0.598437 0.198647 0.604687 0.200728 0.604687 0.206968 0.609375 0.209048 0.609375 0.211128 0.610937 0.213208 0.610937 0.215288 0.612500 0.217368 0.612500 0.221528 0.615625 0.221528 0.620312 0.271450 0.620312 0.271450 0.615625 0.275610 0.612500 0.277690 0.612500 0.279770 0.610937 0.281851 0.610937 0.290171 0.604687 0.292251 0.604687 0.294331 0.603125 0.294331 0.601562 0.300571 0.596875 0.300571 0.595312 0.304731 0.592187 0.310972 0.592187 0.310972 0.540625 0.304731 0.540625 0.296411 0.534375 0.296411 0.532812 0.288091 0.526562 0.286011 0.526562 0.281851 0.523437 0.279770 0.523437 0.277690 0.521875 0.277690 0.515625
1 0.000000 0.946875 0.000000 0.998437 0.100884 0.998437 0.100884 0.992188 0.102964 0.990625 0.102964 0.989062 0.105044 0.987500 0.111284 0.987500 0.111284 0.970312 0.105044 0.970312 0.088403 0.957812 0.086323 0.957812 0.082163 0.954687 0.078003 0.954687 0.073843 0.951562 0.073843 0.946875
2 0.431616 0.440625 0.431616 0.445312 0.435776 0.445312 0.439936 0.448437 0.444097 0.448437 0.448257 0.451562 0.444097 0.454687 0.435776 0.454687 0.419136 0.467187 0.419136 0.468750 0.414976 0.471875 0.414976 0.473437 0.412896 0.475000 0.404575 0.475000 0.404575 0.515625 0.410815 0.515625 0.419136 0.521875 0.419136 0.523437 0.435776 0.535937 0.437856 0.535937 0.439936 0.537500 0.442017 0.537500 0.446177 0.540625 0.446177 0.545312 0.504419 0.545312 0.504419 0.540625 0.518979 0.529687 0.518979 0.528125 0.531460 0.518750 0.531460 0.517187 0.533540 0.515625 0.533540 0.514062 0.537700 0.510937 0.543940 0.510937 0.543940 0.465625 0.537700 0.465625 0.531460 0.460938 0.529380 0.460938 0.523140 0.456250 0.521060 0.456250 0.518979 0.454687 0.516899 0.454687 0.514819 0.453125 0.512739 0.453125 0.510659 0.451562 0.508579 0.451562 0.506499 0.450000 0.504419 0.450000 0.502339 0.448437 0.500259 0.448437 0.496099 0.445312 0.496099 0.440625
2 0.279770 0.946875 0.279770 0.953125 0.250649 0.975000 0.250649 0.976562 0.244409 0.981250 0.242329 0.981250 0.240249 0.982812 0.238169 0.982812 0.236089 0.984375 0.236089 0.985937 0.234009 0.987500 0.231929 0.987500 0.227769 0.990625 0.221528 0.990625 0.221528 0.998437 0.577222 0.998437 0.577222 0.956250 0.570981 0.956250 0.568901 0.954687 0.564741 0.954687 0.560581 0.951562 0.560581 0.946875 0.537700 0.946875 0.537700 0.951562 0.531460 0.956250 0.529380 0.956250 0.523140 0.960938 0.523140 0.962500 0.521060 0.964062 0.518979 0.964062 0.510659 0.970312 0.508579 0.968750 0.504419 0.968750 0.502339 0.967187 0.500259 0.967187 0.498179 0.965625 0.496099 0.965625 0.494019 0.964062 0.489858 0.964062 0.487778 0.962500 0.483618 0.962500 0.481538 0.960938 0.475298 0.960938 0.473218 0.962500 0.471138 0.962500 0.469058 0.964062 0.466978 0.964062 0.464897 0.965625 0.460737 0.965625 0.458657 0.967187 0.454497 0.967187 0.452417 0.968750 0.450337 0.968750 0.448257 0.970312 0.446177 0.970312 0.444097 0.971875 0.421216 0.971875 0.419136 0.973437 0.414976 0.973437 0.412896 0.975000 0.410815 0.975000 0.404575 0.979687 0.398335 0.979687 0.394175 0.976562 0.394175 0.975000 0.392095 0.973437 0.392095 0.970312 0.394175 0.968750 0.394175 0.967187 0.398335 0.964062 0.398335 0.957812 0.396255 0.956250 0.385854 0.956250 0.383774 0.954687 0.377534 0.954687 0.375454 0.953125 0.373374 0.953125 0.371294 0.951562 0.371294 0.946875
2 0.094644 0.728125 0.094644 0.734375 0.098804 0.734375 0.100884 0.735937 0.105044 0.735937 0.109204 0.739062 0.109204 0.740625 0.102964 0.745312 0.100884 0.745312 0.098804 0.746875 0.096724 0.746875 0.094644 0.748437 0.092563 0.748437 0.086323 0.753125 0.078003 0.753125 0.075923 0.751562 0.075923 0.750000 0.071763 0.746875 0.065522 0.746875 0.063442 0.745312 0.061362 0.745312 0.057202 0.742188 0.053042 0.742188 0.050962 0.740625 0.044722 0.740625 0.042642 0.742188 0.036401 0.742188 0.034321 0.743750 0.032241 0.743750 0.030161 0.745312 0.028081 0.745312 0.023921 0.748437 0.021841 0.748437 0.019761 0.750000 0.019761 0.751562 0.015601 0.754687 0.015601 0.756250 0.011440 0.759375 0.011440 0.760937 0.009360 0.762500 0.009360 0.764062 0.007280 0.765625 0.007280 0.771875 0.003120 0.775000 0.000000 0.775000 0.000000 0.867188 0.003120 0.867188 0.005200 0.868750 0.005200 0.870312 0.007280 0.871875 0.007280 0.876562 0.009360 0.878125 0.009360 0.882812 0.011440 0.884375 0.011440 0.885937 0.013521 0.887500 0.013521 0.889062 0.015601 0.890625 0.015601 0.892187 0.017681 0.893750 0.017681 0.896875 0.019761 0.898438 0.019761 0.900000 0.023921 0.903125 0.023921 0.904687 0.028081 0.907812 0.028081 0.909375 0.030161 0.909375 0.038481 0.915625 0.038481 0.920312 0.100884 0.920312 0.100884 0.914062 0.102964 0.912500 0.105044 0.912500 0.109204 0.909375 0.111284 0.909375 0.121685 0.901562 0.121685 0.900000 0.127925 0.895312 0.127925 0.893750 0.130005 0.892187 0.130005 0.890625 0.132085 0.889062 0.132085 0.887500 0.138325 0.882812 0.144565 0.882812 0.144565 0.846875 0.138325 0.846875 0.136245 0.845312 0.136245 0.842187 0.134165 0.840625 0.134165 0.839062 0.132085 0.837500 0.132085 0.835938 0.127925 0.832812 0.127925 0.829687 0.125845 0.828125 0.125845 0.823437 0.123765 0.821875 0.123765 0.815625 0.121685 0.814062 0.121685 0.789062 0.123765 0.787500 0.123765 0.779687 0.125845 0.778125 0.123765 0.776562 0.123765 0.770312 0.121685 0.768750 0.121685 0.764062 0.119604 0.762500 0.119604 0.757812 0.117524 0.756250 0.117524 0.751562 0.115444 0.750000 0.115444 0.746875 0.113364 0.745312 0.113364 0.737500 0.115444 0.735937 0.115444 0.734375 0.117524 0.732812 0.117524 0.728125