0 0.443579 0.503125 0.443579 0.507812 0.447739 0.510937 0.449819 0.510937 0.451899 0.512500 0.453979 0.512500 0.464380 0.520312 0.466460 0.520312 0.468540 0.521875 0.468540 0.523437 0.470620 0.525000 0.472700 0.525000 0.476860 0.528125 0.476860 0.529687 0.478940 0.531250 0.481021 0.531250 0.483101 0.532812 0.483101 0.534375 0.489341 0.539062 0.495581 0.539062 0.495581 0.576562 0.489341 0.576562 0.483101 0.581250 0.483101 0.582812 0.472700 0.590625 0.472700 0.592187 0.464380 0.598437 0.462300 0.598437 0.451899 0.606250 0.449819 0.606250 0.445659 0.609375 0.445659 0.614062 0.397817 0.614062 0.397817 0.609375 0.391577 0.604687 0.389497 0.604687 0.385337 0.601562 0.383257 0.601562 0.377017 0.596875 0.374937 0.596875 0.364536 0.589062 0.364536 0.587500 0.362456 0.585937 0.362456 0.584375 0.360376 0.582812 0.360376 0.581250 0.358296 0.579687 0.358296 0.578125 0.354136 0.575000 0.347896 0.575000 0.347896 0.542187 0.354136 0.542187 0.358296 0.539062 0.358296 0.537500 0.360376 0.535937 0.360376 0.534375 0.362456 0.532812 0.362456 0.531250 0.366616 0.528125 0.366616 0.526562 0.381177 0.515625 0.383257 0.515625 0.387417 0.512500 0.389497 0.512500 0.391577 0.510937 0.395737 0.510937 0.399897 0.507812 0.399897 0.503125
0 0.661987 0.478125 0.661987 0.482812 0.666147 0.485937 0.670308 0.485937 0.674468 0.489062 0.676548 0.489062 0.689028 0.498437 0.691108 0.498437 0.693188 0.500000 0.693188 0.501562 0.699429 0.506250 0.699429 0.507812 0.701509 0.509375 0.701509 0.512500 0.705669 0.515625 0.711909 0.515625 0.711909 0.540625 0.705669 0.540625 0.703589 0.542187 0.703589 0.543750 0.701509 0.545312 0.701509 0.546875 0.693188 0.553125 0.693188 0.554687 0.670308 0.571875 0.670308 0.576562 0.614146 0.576562 0.614146 0.571875 0.607905 0.567187 0.605825 0.567187 0.601665 0.564062 0.599585 0.564062 0.587104 0.554687 0.585024 0.554687 0.582944 0.553125 0.582944 0.551562 0.578784 0.548437 0.572544 0.548437 0.572544 0.521875 0.578784 0.521875 0.582944 0.518750 0.582944 0.515625 0.585024 0.514062 0.585024 0.512500 0.587104 0.510937 0.587104 0.509375 0.589185 0.507812 0.589185 0.506250 0.591265 0.504687 0.591265 0.503125 0.599585 0.496875 0.599585 0.495312 0.603745 0.492188 0.605825 0.492188 0.612065 0.487500 0.614146 0.487500 0.616226 0.485937 0.618306 0.485937 0.620386 0.484375 0.622466 0.484375 0.624546 0.482812 0.624546 0.478125
1 0.649507 0.571875 0.649507 0.576562 0.651587 0.578125 0.653667 0.578125 0.655747 0.579687 0.657827 0.579687 0.659907 0.581250 0.661987 0.581250 0.676548 0.592187 0.676548 0.595312 0.678628 0.596875 0.678628 0.598437 0.680708 0.600000 0.680708 0.601562 0.684868 0.604687 0.684868 0.606250 0.689028 0.609375 0.695269 0.609375 0.695269 0.635937 0.689028 0.635937 0.684868 0.639062 0.684868 0.642187 0.682788 0.643750 0.682788 0.645312 0.678628 0.648438 0.678628 0.650000 0.668228 0.657812 0.666147 0.657812 0.661987 0.660937 0.659907 0.660937 0.657827 0.662500 0.655747 0.662500 0.651587 0.665625 0.651587 0.670312 0.607905 0.670312 0.607905 0.665625 0.603745 0.662500 0.601665 0.662500 0.599585 0.660937 0.597505 0.660937 0.595425 0.659375 0.593345 0.659375 0.587104 0.654687 0.585024 0.654687 0.578784 0.650000 0.572544 0.650000 0.572544 0.593750 0.578784 0.593750 0.582944 0.590625 0.582944 0.589062 0.587104 0.585937 0.589185 0.585937 0.597505 0.579687 0.599585 0.579687 0.601665 0.578125 0.603745 0.578125 0.605825 0.576562 0.605825 0.571875
1 0.551743 0.453125 0.551743 0.457812 0.555903 0.460938 0.560064 0.460938 0.564224 0.464062 0.566304 0.464062 0.572544 0.468750 0.574624 0.468750 0.574624 0.470312 0.585024 0.478125 0.585024 0.481250 0.589185 0.484375 0.595425 0.484375 0.595425 0.509375 0.589185 0.509375 0.585024 0.512500 0.585024 0.514062 0.582944 0.515625 0.582944 0.517187 0.580864 0.518750 0.580864 0.520312 0.578784 0.521875 0.578784 0.525000 0.576704 0.526562 0.576704 0.528125 0.572544 0.531250 0.572544 0.532812 0.566304 0.537500 0.564224 0.537500 0.560064 0.540625 0.557983 0.540625 0.555903 0.542187 0.551743 0.542187 0.549663 0.543750 0.545503 0.543750 0.541343 0.546875 0.541343 0.551562 0.514302 0.551562 0.514302 0.546875 0.512222 0.545312 0.510142 0.545312 0.508062 0.543750 0.505981 0.543750 0.503901 0.542187 0.501821 0.542187 0.497661 0.539062 0.497661 0.537500 0.493501 0.534375 0.493501 0.532812 0.491421 0.531250 0.491421 0.526562 0.489341 0.525000 0.489341 0.523437 0.483101 0.518750 0.483101 0.517187 0.478940 0.514062 0.472700 0.514062 0.472700 0.473437 0.478940 0.473437 0.487261 0.467187 0.489341 0.467187 0.495581 0.462500 0.497661 0.462500 0.503901 0.457812 0.503901 0.453125
2 0.537183 0.571875 0.537183 0.576562 0.541343 0.579687 0.543423 0.579687 0.545503 0.581250 0.547583 0.581250 0.566304 0.595312 0.566304 0.596875 0.568384 0.598437 0.568384 0.600000 0.570464 0.601562 0.570464 0.603125 0.572544 0.604687 0.578784 0.604687 0.578784 0.643750 0.572544 0.643750 0.568384 0.646875 0.568384 0.648438 0.566304 0.650000 0.566304 0.651562 0.560064 0.656250 0.560064 0.657812 0.553823 0.662500 0.551743 0.662500 0.545503 0.667187 0.543423 0.667187 0.541343 0.668750 0.539263 0.668750 0.537183 0.670312 0.537183 0.676562 0.481021 0.676562 0.481021 0.671875 0.474780 0.667187 0.472700 0.667187 0.466460 0.662500 0.464380 0.662500 0.460220 0.659375 0.460220 0.657812 0.453979 0.653125 0.453979 0.651562 0.451899 0.650000 0.451899 0.648438 0.449819 0.646875 0.449819 0.645312 0.445659 0.642187 0.439419 0.642187 0.439419 0.618750 0.445659 0.618750 0.449819 0.615625 0.449819 0.612500 0.451899 0.610937 0.451899 0.609375 0.456060 0.606250 0.456060 0.604687 0.460220 0.601562 0.462300 0.601562 0.478940 0.589062 0.478940 0.587500 0.485181 0.582812 0.485181 0.581250 0.489341 0.578125 0.489341 0.571875
2 0.614146 0.365625 0.614146 0.371875 0.616226 0.373437 0.618306 0.373437 0.620386 0.375000 0.622466 0.375000 0.641187 0.389062 0.641187 0.390625 0.643267 0.392187 0.643267 0.393750 0.647427 0.396875 0.653667 0.396875 0.653667 0.432812 0.647427 0.432812 0.643267 0.435937 0.643267 0.437500 0.641187 0.439062 0.641187 0.440625 0.637026 0.443750 0.637026 0.445312 0.630786 0.450000 0.630786 0.451562 0.628706 0.453125 0.626626 0.453125 0.620386 0.457812 0.620386 0.464062 0.553823 0.464062 0.553823 0.459375 0.549663 0.456250 0.547583 0.456250 0.543423 0.453125 0.541343 0.453125 0.537183 0.450000 0.535103 0.450000 0.533022 0.448437 0.533022 0.446875 0.530942 0.445312 0.530942 0.443750 0.526782 0.440625 0.526782 0.439062 0.520542 0.434375 0.514302 0.434375 0.514302 0.392187 0.520542 0.392187 0.524702 0.389062 0.524702 0.387500 0.526782 0.385937 0.526782 0.384375 0.535103 0.378125 0.535103 0.376562 0.537183 0.375000 0.539263 0.375000 0.545503 0.370312 0.545503 0.365625
2 0.761831 0.534375 0.761831 0.539062 0.765991 0.542187 0.768071 0.542187 0.770151 0.543750 0.772231 0.543750 0.776392 0.546875 0.778472 0.546875 0.784712 0.551562 0.786792 0.551562 0.790952 0.554687 0.790952 0.556250 0.799272 0.562500 0.799272 0.564062 0.801353 0.565625 0.801353 0.567187 0.803433 0.568750 0.811753 0.568750 0.811753 0.609375 0.803433 0.609375 0.801353 0.610937 0.801353 0.612500 0.799272 0.614062 0.799272 0.615625 0.797192 0.617188 0.797192 0.618750 0.782632 0.629687 0.780552 0.629687 0.774312 0.634375 0.774312 0.639062 0.709829 0.639062 0.709829 0.632812 0.703589 0.628125 0.701509 0.628125 0.697349 0.625000 0.697349 0.623438 0.695269 0.621875 0.695269 0.620312 0.691108 0.617188 0.691108 0.615625 0.689028 0.614062 0.689028 0.612500 0.686948 0.610937 0.686948 0.609375 0.684868 0.607813 0.684868 0.606250 0.682788 0.604687 0.682788 0.603125 0.680708 0.601562 0.680708 0.596875 0.678628 0.595312 0.672388 0.595312 0.672388 0.575000 0.678628 0.575000 0.680708 0.573437 0.680708 0.571875 0.682788 0.570312 0.682788 0.565625 0.684868 0.565625 0.689028 0.562500 0.689028 0.560937 0.695269 0.556250 0.695269 0.554687 0.697349 0.553125 0.697349 0.551562 0.707749 0.543750 0.709829 0.543750 0.711909 0.542187 0.713989 0.542187 0.718149 0.539062 0.718149 0.534375
2 0.362456 0.584375 0.362456 0.589062 0.372856 0.596875 0.374937 0.596875 0.383257 0.603125 0.385337 0.603125 0.399897 0.614062 0.399897 0.615625 0.410298 0.623438 0.410298 0.625000 0.414458 0.628125 0.420698 0.628125 0.420698 0.659375 0.412378 0.659375 0.410298 0.660937 0.410298 0.662500 0.408218 0.664062 0.408218 0.665625 0.404058 0.668750 0.404058 0.670312 0.391577 0.679688 0.389497 0.679688 0.385337 0.682812 0.383257 0.682812 0.381177 0.684375 0.379097 0.684375 0.377017 0.685937 0.372856 0.685937 0.370776 0.687500 0.368696 0.687500 0.366616 0.689062 0.364536 0.689062 0.362456 0.690625 0.362456 0.695312 0.327095 0.695312 0.327095 0.690625 0.322935 0.687500 0.320855 0.687500 0.318774 0.685937 0.316694 0.685937 0.314614 0.684375 0.312534 0.684375 0.293814 0.670312 0.293814 0.668750 0.289653 0.665625 0.281333 0.665625 0.281333 0.615625 0.289653 0.615625 0.291733 0.614062 0.291733 0.612500 0.293814 0.610937 0.293814 0.609375 0.302134 0.603125 0.302134 0.601562 0.304214 0.600000 0.306294 0.600000 0.314614 0.593750 0.318774 0.593750 0.320855 0.592187 0.322935 0.592187 0.327095 0.589062 0.327095 0.584375
1 0.530942 0.240625 0.530942 0.245312 0.535103 0.248437 0.537183 0.248437 0.545503 0.254687 0.547583 0.254687 0.560064 0.264062 0.560064 0.265625 0.562144 0.267187 0.570464 0.267187 0.570464 0.314062 0.564224 0.314062 0.560064 0.317187 0.560064 0.318750 0.555903 0.321875 0.555903 0.323437 0.539263 0.335938 0.537183 0.335938 0.535103 0.337500 0.533022 0.337500 0.530942 0.339062 0.528862 0.339062 0.526782 0.340625 0.526782 0.345312 0.487261 0.345312 0.487261 0.340625 0.483101 0.337500 0.481021 0.337500 0.476860 0.334375 0.474780 0.334375 0.451899 0.317187 0.451899 0.315625 0.445659 0.310937 0.439419 0.310937 0.439419 0.273437 0.445659 0.273437 0.449819 0.270312 0.449819 0.268750 0.451899 0.267187 0.451899 0.265625 0.453979 0.264062 0.453979 0.262500 0.462300 0.256250 0.462300 0.254687 0.464380 0.254687 0.466460 0.253125 0.466460 0.251562 0.474780 0.245312 0.474780 0.240625
1 0.366616 0.828125 0.366616 0.832812 0.368696 0.834375 0.370776 0.834375 0.372856 0.835938 0.389497 0.835938 0.391577 0.837500 0.397817 0.837500 0.399897 0.839062 0.412378 0.839062 0.414458 0.840625 0.464380 0.840625 0.466460 0.842187 0.472700 0.842187 0.474780 0.843750 0.476860 0.843750 0.478940 0.845312 0.481021 0.845312 0.485181 0.848437 0.487261 0.848437 0.491421 0.851562 0.491421 0.853125 0.493501 0.854687 0.493501 0.856250 0.497661 0.859375 0.503901 0.859375 0.503901 0.906250 0.497661 0.906250 0.495581 0.907812 0.495581 0.909375 0.493501 0.910937 0.493501 0.912500 0.491421 0.914062 0.491421 0.915625 0.489341 0.917187 0.489341 0.918750 0.485181 0.921875 0.485181 0.923437 0.481021 0.926562 0.481021 0.928125 0.474780 0.932812 0.472700 0.932812 0.470620 0.934375 0.468540 0.934375 0.466460 0.935937 0.464380 0.935937 0.462300 0.937500 0.458140 0.937500 0.456060 0.939062 0.453979 0.939062 0.451899 0.940625 0.447739 0.940625 0.445659 0.942187 0.441499 0.942187 0.439419 0.943750 0.433179 0.943750 0.431099 0.945312 0.429019 0.945312 0.426938 0.946875 0.426938 0.951562 0.366616 0.951562 0.366616 0.946875 0.364536 0.945312 0.362456 0.945312 0.360376 0.943750 0.356216 0.943750 0.354136 0.942187 0.347896 0.942187 0.345815 0.940625 0.343735 0.940625 0.341655 0.939062 0.339575 0.939062 0.337495 0.937500 0.331255 0.937500 0.329175 0.935937 0.322935 0.935937 0.320855 0.934375 0.314614 0.934375 0.312534 0.932812 0.308374 0.932812 0.306294 0.931250 0.300054 0.931250 0.297974 0.929688 0.291733 0.929688 0.289653 0.928125 0.287573 0.928125 0.285493 0.926562 0.283413 0.926562 0.279253 0.923437 0.277173 0.923437 0.273013 0.920312 0.270933 0.920312 0.270933 0.918750 0.264692 0.914062 0.256372 0.914062 0.256372 0.864062 0.262612 0.864062 0.268853 0.859375 0.268853 0.857812 0.275093 0.853125 0.275093 0.851562 0.293814 0.837500 0.295894 0.837500 0.297974 0.835938 0.300054 0.835938 0.304214 0.832812 0.304214 0.828125
1 0.720230 0.815625 0.720230 0.909375 0.711909 0.909375 0.709829 0.910937 0.709829 0.912500 0.707749 0.914062 0.707749 0.915625 0.705669 0.917187 0.705669 0.918750 0.703589 0.920312 0.703589 0.921875 0.701509 0.923437 0.701509 0.925000 0.693188 0.931250 0.693188 0.932812 0.676548 0.945312 0.674468 0.945312 0.668228 0.950000 0.666147 0.950000 0.661987 0.953125 0.661987 0.957812 0.597505 0.957812 0.597505 0.951562 0.595425 0.950000 0.593345 0.950000 0.589185 0.946875 0.587104 0.946875 0.585024 0.945312 0.582944 0.945312 0.580864 0.943750 0.578784 0.943750 0.576704 0.942187 0.574624 0.942187 0.572544 0.940625 0.570464 0.940625 0.568384 0.939062 0.568384 0.937500 0.566304 0.935937 0.566304 0.934375 0.564224 0.932812 0.564224 0.931250 0.562144 0.929688 0.562144 0.926562 0.560064 0.925000 0.560064 0.923437 0.557983 0.921875 0.557983 0.918750 0.555903 0.917187 0.555903 0.915625 0.553823 0.914062 0.547583 0.914062 0.547583 0.879687 0.555903 0.879687 0.557983 0.878125 0.557983 0.876562 0.560064 0.875000 0.560064 0.873437 0.564224 0.870312 0.566304 0.870312 0.570464 0.867188 0.576704 0.867188 0.578784 0.865625 0.582944 0.865625 0.585024 0.864062 0.587104 0.864062 0.593345 0.859375 0.593345 0.857812 0.597505 0.854687 0.597505 0.853125 0.599585 0.851562 0.599585 0.850000 0.603745 0.846875 0.603745 0.845312 0.607905 0.842187 0.607905 0.840625 0.614146 0.835938 0.614146 0.834375 0.616226 0.832812 0.618306 0.832812 0.624546 0.828125 0.626626 0.828125 0.630786 0.825000 0.632866 0.825000 0.634946 0.823437 0.637026 0.823437 0.641187 0.820312 0.641187 0.815625
1 0.645347 0.971875 0.645347 0.978125 0.651587 0.982812 0.651587 0.984375 0.659907 0.990625 0.659907 0.992188 0.661987 0.993750 0.670308 0.993750 0.670308 0.998437 0.582944 0.998437 0.582944 0.995312 0.593345 0.987500 0.593345 0.985937 0.603745 0.978125 0.603745 0.971875
1 0.447739 0.939062 0.447739 0.929688 0.464380 0.929688 0.466460 0.928125 0.466460 0.923437 0.464380 0.921875 0.462300 0.921875 0.460220 0.923437 0.447739 0.923437 0.447739 0.918750 0.458140 0.918750 0.462300 0.921875 0.464380 0.921875 0.466460 0.920312 0.472700 0.920312 0.474780 0.921875 0.476860 0.921875 0.476860 0.925000 0.478940 0.926562 0.472700 0.931250 0.472700 0.932812 0.470620 0.934375 0.462300 0.934375 0.460220 0.935937 0.458140 0.935937 0.456060 0.937500 0.456060 0.939062 0.447739 0.939062 0.447739 0.956250 0.466460 0.956250 0.468540 0.954687 0.472700 0.954687 0.474780 0.953125 0.478940 0.953125 0.481021 0.951562 0.483101 0.951562 0.485181 0.950000 0.487261 0.950000 0.495581 0.943750 0.495581 0.942187 0.501821 0.937500 0.501821 0.935937 0.503901 0.934375 0.503901 0.926562 0.501821 0.925000 0.501821 0.918750 0.499741 0.917187 0.499741 0.910937 0.497661 0.909375 0.497661 0.904687 0.499741 0.903125 0.499741 0.900000 0.503901 0.896875 0.503901 0.890625 0.545503 0.890625 0.545503 0.896875 0.549663 0.900000 0.549663 0.901562 0.551743 0.903125 0.551743 0.910937 0.553823 0.912500 0.553823 0.920312 0.555903 0.921875 0.555903 0.925000 0.557983 0.926562 0.557983 0.929688 0.560064 0.931250 0.560064 0.932812 0.564224 0.935937 0.570464 0.935937 0.570464 0.998437 0.447739 0.998437 0.447739 0.956250
2 0.447739 0.403125 0.447739 0.409375 0.449819 0.410937 0.451899 0.410937 0.453979 0.412500 0.456060 0.412500 0.474780 0.426562 0.474780 0.428125 0.476860 0.429688 0.476860 0.431250 0.478940 0.432812 0.487261 0.432812 0.487261 0.470312 0.481021 0.470312 0.476860 0.473437 0.476860 0.475000 0.474780 0.476562 0.474780 0.482812 0.472700 0.484375 0.472700 0.489062 0.470620 0.490625 0.470620 0.492188 0.468540 0.493750 0.468540 0.495312 0.464380 0.498437 0.460220 0.498437 0.458140 0.496875 0.449819 0.496875 0.447739 0.498437 0.437339 0.498437 0.435259 0.500000 0.433179 0.500000 0.431099 0.501562 0.429019 0.501562 0.426938 0.503125 0.426938 0.507812 0.416538 0.507812 0.416538 0.503125 0.414458 0.501562 0.412378 0.501562 0.410298 0.500000 0.404058 0.500000 0.401978 0.498437 0.399897 0.498437 0.397817 0.496875 0.395737 0.496875 0.391577 0.493750 0.389497 0.493750 0.387417 0.492188 0.385337 0.492188 0.383257 0.490625 0.381177 0.490625 0.381177 0.489062 0.379097 0.487500 0.379097 0.484375 0.377017 0.482812 0.377017 0.478125 0.374937 0.476562 0.374937 0.475000 0.366616 0.468750 0.356216 0.468750 0.356216 0.431250 0.364536 0.431250 0.366616 0.429688 0.366616 0.428125 0.372856 0.423437 0.372856 0.421875 0.383257 0.414062 0.385337 0.414062 0.387417 0.412500 0.389497 0.412500 0.391577 0.410937 0.393657 0.410937 0.395737 0.409375 0.395737 0.403125