0 0.429019 0.503125 0.429019 0.507812 0.433179 0.510937 0.435259 0.510937 0.439419 0.514062 0.441499 0.514062 0.449819 0.520312 0.451899 0.520312 0.456060 0.523437 0.456060 0.525000 0.464380 0.531250 0.464380 0.532812 0.468540 0.535937 0.468540 0.537500 0.472700 0.540625 0.478940 0.540625 0.478940 0.576562 0.472700 0.576562 0.468540 0.579687 0.468540 0.581250 0.460220 0.587500 0.460220 0.589062 0.445659 0.600000 0.443579 0.600000 0.435259 0.606250 0.433179 0.606250 0.429019 0.609375 0.429019 0.614062 0.383257 0.614062 0.383257 0.609375 0.377017 0.604687 0.374937 0.604687 0.372856 0.603125 0.370776 0.603125 0.362456 0.596875 0.360376 0.596875 0.347896 0.587500 0.347896 0.585937 0.345815 0.584375 0.345815 0.582812 0.343735 0.581250 0.343735 0.579687 0.341655 0.578125 0.341655 0.575000 0.339575 0.573437 0.339575 0.571875 0.337495 0.570312 0.331255 0.570312 0.331255 0.546875 0.337495 0.546875 0.339575 0.545312 0.339575 0.543750 0.341655 0.542187 0.341655 0.539062 0.343735 0.537500 0.343735 0.535937 0.345815 0.534375 0.345815 0.532812 0.347896 0.531250 0.347896 0.529687 0.352056 0.526562 0.352056 0.525000 0.362456 0.517187 0.364536 0.517187 0.370776 0.512500 0.372856 0.512500 0.374937 0.510937 0.377017 0.510937 0.381177 0.507812 0.381177 0.503125
0 0.653667 0.484375 0.653667 0.489062 0.659907 0.493750 0.661987 0.493750 0.676548 0.504687 0.676548 0.506250 0.680708 0.509375 0.686948 0.509375 0.686948 0.550000 0.680708 0.550000 0.676548 0.553125 0.676548 0.554687 0.672388 0.557812 0.672388 0.559375 0.653667 0.573437 0.651587 0.573437 0.649507 0.575000 0.647427 0.575000 0.645347 0.576562 0.643267 0.576562 0.641187 0.578125 0.641187 0.582812 0.618306 0.582812 0.618306 0.578125 0.616226 0.576562 0.614146 0.576562 0.612065 0.575000 0.607905 0.575000 0.605825 0.573437 0.599585 0.573437 0.597505 0.571875 0.593345 0.571875 0.591265 0.570312 0.589185 0.570312 0.580864 0.564062 0.578784 0.564062 0.574624 0.560937 0.574624 0.559375 0.570464 0.556250 0.568384 0.556250 0.568384 0.554687 0.564224 0.551562 0.564224 0.550000 0.562144 0.548437 0.555903 0.548437 0.555903 0.523437 0.562144 0.523437 0.564224 0.521875 0.564224 0.520312 0.566304 0.518750 0.566304 0.515625 0.568384 0.514062 0.568384 0.512500 0.570464 0.510937 0.570464 0.509375 0.574624 0.506250 0.574624 0.504687 0.576704 0.503125 0.576704 0.501562 0.587104 0.493750 0.589185 0.493750 0.591265 0.492188 0.593345 0.492188 0.597505 0.489062 0.597505 0.484375
1 0.624546 0.571875 0.624546 0.576562 0.626626 0.578125 0.630786 0.578125 0.632866 0.579687 0.637026 0.579687 0.645347 0.585937 0.647427 0.585937 0.653667 0.590625 0.653667 0.592187 0.659907 0.596875 0.659907 0.598437 0.668228 0.604687 0.668228 0.606250 0.672388 0.609375 0.678628 0.609375 0.678628 0.632812 0.672388 0.632812 0.670308 0.634375 0.670308 0.635937 0.668228 0.637500 0.668228 0.639062 0.666147 0.640625 0.666147 0.642187 0.661987 0.645312 0.661987 0.646875 0.657827 0.650000 0.657827 0.651562 0.647427 0.659375 0.645347 0.659375 0.641187 0.662500 0.639106 0.662500 0.634946 0.665625 0.634946 0.670312 0.589185 0.670312 0.589185 0.665625 0.585024 0.662500 0.582944 0.662500 0.580864 0.660937 0.578784 0.660937 0.576704 0.659375 0.574624 0.659375 0.564224 0.651562 0.562144 0.651562 0.562144 0.650000 0.557983 0.646875 0.557983 0.645312 0.553823 0.642187 0.547583 0.642187 0.547583 0.601562 0.553823 0.601562 0.557983 0.598437 0.557983 0.595312 0.562144 0.592187 0.562144 0.590625 0.570464 0.584375 0.572544 0.584375 0.578784 0.579687 0.582944 0.579687 0.587104 0.576562 0.587104 0.571875
1 0.568384 0.545312 0.570464 0.545312 0.572544 0.543750 0.578784 0.543750 0.578784 0.551562 0.568384 0.551562 0.568384 0.545312 0.557983 0.532812 0.555903 0.532812 0.543423 0.542187 0.541343 0.542187 0.539263 0.543750 0.537183 0.543750 0.533022 0.546875 0.533022 0.551562 0.493501 0.551562 0.493501 0.546875 0.491421 0.545312 0.489341 0.545312 0.487261 0.543750 0.485181 0.543750 0.483101 0.542187 0.481021 0.542187 0.478940 0.540625 0.476860 0.540625 0.474780 0.539062 0.472700 0.539062 0.472700 0.535937 0.468540 0.532812 0.468540 0.531250 0.466460 0.529687 0.466460 0.528125 0.464380 0.526562 0.464380 0.523437 0.460220 0.520312 0.460220 0.518750 0.458140 0.517187 0.458140 0.501562 0.456060 0.500000 0.456060 0.492188 0.458140 0.490625 0.458140 0.484375 0.460220 0.482812 0.460220 0.479687 0.462300 0.478125 0.462300 0.476562 0.468540 0.471875 0.468540 0.470312 0.478940 0.462500 0.481021 0.462500 0.483101 0.460938 0.487261 0.460938 0.491421 0.457812 0.491421 0.453125 0.526782 0.453125 0.526782 0.457812 0.528862 0.459375 0.530942 0.459375 0.533022 0.460938 0.539263 0.460938 0.541343 0.462500 0.543423 0.462500 0.549663 0.467187 0.551743 0.467187 0.560064 0.473437 0.560064 0.475000 0.566304 0.479687 0.566304 0.481250 0.568384 0.482812 0.568384 0.485937 0.570464 0.487500 0.570464 0.489062 0.572544 0.490625 0.578784 0.490625 0.578784 0.515625 0.572544 0.515625 0.566304 0.520312 0.566304 0.521875 0.564224 0.523437 0.564224 0.525000 0.562144 0.526562 0.562144 0.528125 0.560064 0.529687 0.560064 0.531250 0.557983 0.532812
2 0.580864 0.365625 0.580864 0.371875 0.582944 0.373437 0.587104 0.373437 0.589185 0.375000 0.593345 0.375000 0.595425 0.376562 0.597505 0.376562 0.601665 0.379687 0.603745 0.379687 0.609985 0.384375 0.609985 0.385937 0.612065 0.387500 0.614146 0.387500 0.616226 0.389062 0.616226 0.390625 0.618306 0.392187 0.618306 0.393750 0.620386 0.395312 0.628706 0.395312 0.628706 0.439062 0.622466 0.439062 0.618306 0.442187 0.618306 0.443750 0.603745 0.454687 0.601665 0.454687 0.595425 0.459375 0.595425 0.464062 0.524702 0.464062 0.524702 0.459375 0.518462 0.454687 0.516382 0.454687 0.514302 0.453125 0.512222 0.453125 0.510142 0.451562 0.508062 0.451562 0.503901 0.448437 0.497661 0.448437 0.497661 0.395312 0.503901 0.395312 0.510142 0.390625 0.510142 0.389062 0.522622 0.379687 0.524702 0.379687 0.530942 0.375000 0.533022 0.375000 0.535103 0.373437 0.539263 0.373437 0.543423 0.370312 0.543423 0.365625
1 0.516382 0.240625 0.516382 0.245312 0.522622 0.250000 0.524702 0.250000 0.524702 0.251562 0.528862 0.254687 0.530942 0.254687 0.543423 0.264062 0.543423 0.265625 0.545503 0.267187 0.553823 0.267187 0.553823 0.320312 0.545503 0.320312 0.543423 0.321875 0.543423 0.323437 0.524702 0.337500 0.522622 0.337500 0.520542 0.339062 0.518462 0.339062 0.516382 0.340625 0.516382 0.345312 0.468540 0.345312 0.468540 0.340625 0.464380 0.337500 0.462300 0.337500 0.441499 0.321875 0.441499 0.320312 0.437339 0.317187 0.437339 0.315625 0.435259 0.314062 0.435259 0.312500 0.433179 0.310937 0.433179 0.307813 0.431099 0.306250 0.431099 0.304688 0.429019 0.303125 0.422778 0.303125 0.422778 0.279687 0.429019 0.279687 0.433179 0.276562 0.433179 0.273437 0.435259 0.271875 0.435259 0.270312 0.437339 0.268750 0.437339 0.267187 0.441499 0.264062 0.441499 0.262500 0.458140 0.250000 0.460220 0.250000 0.462300 0.248437 0.464380 0.248437 0.468540 0.245312 0.468540 0.240625
2 0.522622 0.578125 0.522622 0.584375 0.524702 0.585937 0.526782 0.585937 0.541343 0.596875 0.541343 0.598437 0.543423 0.600000 0.543423 0.601562 0.545503 0.603125 0.553823 0.603125 0.553823 0.646875 0.545503 0.646875 0.543423 0.648438 0.543423 0.650000 0.541343 0.651562 0.541343 0.653125 0.537183 0.656250 0.537183 0.657812 0.528862 0.664062 0.526782 0.664062 0.522622 0.667187 0.520542 0.667187 0.518462 0.668750 0.516382 0.668750 0.514302 0.670312 0.514302 0.676562 0.466460 0.676562 0.466460 0.671875 0.460220 0.667187 0.458140 0.667187 0.456060 0.665625 0.453979 0.665625 0.449819 0.662500 0.447739 0.662500 0.443579 0.659375 0.443579 0.657812 0.437339 0.653125 0.437339 0.651562 0.435259 0.650000 0.435259 0.648438 0.433179 0.646875 0.433179 0.643750 0.429019 0.640625 0.422778 0.640625 0.422778 0.615625 0.429019 0.615625 0.433179 0.612500 0.433179 0.610937 0.439419 0.606250 0.439419 0.604687 0.441499 0.603125 0.443579 0.603125 0.462300 0.589062 0.462300 0.587500 0.468540 0.582812 0.468540 0.578125
2 0.345815 0.584375 0.345815 0.589062 0.349976 0.592187 0.352056 0.592187 0.354136 0.593750 0.354136 0.595312 0.356216 0.596875 0.358296 0.596875 0.366616 0.603125 0.368696 0.603125 0.372856 0.606250 0.374937 0.606250 0.381177 0.610937 0.383257 0.610937 0.387417 0.614062 0.387417 0.615625 0.389497 0.617188 0.391577 0.617188 0.397817 0.621875 0.404058 0.621875 0.404058 0.660937 0.395737 0.660937 0.393657 0.662500 0.393657 0.664062 0.391577 0.665625 0.391577 0.667187 0.381177 0.675000 0.381177 0.676562 0.379097 0.678125 0.377017 0.678125 0.372856 0.681250 0.370776 0.681250 0.366616 0.684375 0.366616 0.689062 0.295894 0.689062 0.295894 0.684375 0.287573 0.678125 0.285493 0.678125 0.279253 0.673437 0.279253 0.671875 0.277173 0.670312 0.277173 0.668750 0.273013 0.665625 0.273013 0.664062 0.270933 0.662500 0.270933 0.660937 0.268853 0.659375 0.268853 0.657812 0.266773 0.656250 0.266773 0.653125 0.262612 0.650000 0.256372 0.650000 0.256372 0.629687 0.262612 0.629687 0.266773 0.626562 0.266773 0.625000 0.268853 0.623438 0.268853 0.620312 0.270933 0.618750 0.270933 0.617188 0.275093 0.614062 0.275093 0.612500 0.277173 0.610937 0.277173 0.609375 0.293814 0.596875 0.295894 0.596875 0.300054 0.593750 0.302134 0.593750 0.304214 0.592187 0.306294 0.592187 0.310454 0.589062 0.310454 0.584375
2 0.745190 0.540625 0.745190 0.545312 0.749351 0.548437 0.751431 0.548437 0.753511 0.550000 0.755591 0.550000 0.759751 0.553125 0.761831 0.553125 0.776392 0.564062 0.776392 0.565625 0.778472 0.567187 0.786792 0.567187 0.786792 0.615625 0.780552 0.615625 0.759751 0.631250 0.757671 0.631250 0.755591 0.632812 0.755591 0.639062 0.695269 0.639062 0.695269 0.634375 0.682788 0.625000 0.682788 0.623438 0.678628 0.620312 0.678628 0.618750 0.674468 0.615625 0.674468 0.614062 0.672388 0.612500 0.672388 0.610937 0.670308 0.609375 0.670308 0.607813 0.668228 0.606250 0.668228 0.604687 0.666147 0.603125 0.666147 0.593750 0.664067 0.592187 0.664067 0.584375 0.661987 0.582812 0.655747 0.582812 0.655747 0.576562 0.661987 0.576562 0.664067 0.575000 0.664067 0.573437 0.666147 0.571875 0.666147 0.570312 0.668228 0.568750 0.668228 0.567187 0.674468 0.562500 0.674468 0.560937 0.680708 0.556250 0.680708 0.554687 0.686948 0.550000 0.689028 0.550000 0.691108 0.548437 0.695269 0.548437 0.699429 0.545312 0.699429 0.540625
2 0.429019 0.396875 0.429019 0.401562 0.433179 0.404687 0.435259 0.404687 0.437339 0.406250 0.439419 0.406250 0.445659 0.410937 0.447739 0.410937 0.462300 0.421875 0.462300 0.423437 0.466460 0.426562 0.466460 0.428125 0.468540 0.429688 0.468540 0.431250 0.472700 0.434375 0.478940 0.434375 0.478940 0.465625 0.472700 0.465625 0.462300 0.473437 0.462300 0.476562 0.458140 0.479687 0.458140 0.481250 0.456060 0.482812 0.456060 0.484375 0.453979 0.485937 0.453979 0.487500 0.447739 0.492188 0.437339 0.492188 0.435259 0.493750 0.429019 0.493750 0.426938 0.495312 0.424858 0.495312 0.422778 0.496875 0.422778 0.501562 0.393657 0.501562 0.393657 0.496875 0.391577 0.495312 0.389497 0.495312 0.387417 0.493750 0.385337 0.493750 0.383257 0.492188 0.381177 0.492188 0.379097 0.490625 0.377017 0.490625 0.372856 0.487500 0.370776 0.487500 0.366616 0.484375 0.364536 0.484375 0.347896 0.471875 0.339575 0.471875 0.339575 0.426562 0.345815 0.426562 0.349976 0.423437 0.349976 0.421875 0.366616 0.409375 0.368696 0.409375 0.372856 0.406250 0.374937 0.406250 0.377017 0.404687 0.379097 0.404687 0.383257 0.401562 0.383257 0.396875
2 0.362456 0.828125 0.362456 0.832812 0.364536 0.834375 0.368696 0.834375 0.370776 0.835938 0.385337 0.835938 0.387417 0.837500 0.399897 0.837500 0.401978 0.839062 0.414458 0.839062 0.416538 0.840625 0.426938 0.840625 0.429019 0.839062 0.435259 0.839062 0.437339 0.840625 0.447739 0.840625 0.449819 0.842187 0.453979 0.842187 0.456060 0.843750 0.458140 0.843750 0.460220 0.845312 0.462300 0.845312 0.470620 0.851562 0.470620 0.853125 0.472700 0.854687 0.472700 0.856250 0.474780 0.857812 0.474780 0.862500 0.476860 0.864062 0.476860 0.867188 0.478940 0.868750 0.478940 0.870312 0.481021 0.871875 0.487261 0.871875 0.487261 0.892187 0.481021 0.892187 0.478940 0.893750 0.478940 0.895312 0.476860 0.896875 0.476860 0.898438 0.474780 0.900000 0.474780 0.901562 0.472700 0.903125 0.472700 0.904687 0.470620 0.906250 0.470620 0.907812 0.466460 0.910937 0.466460 0.912500 0.464380 0.914062 0.464380 0.917187 0.462300 0.918750 0.462300 0.920312 0.460220 0.921875 0.460220 0.923437 0.449819 0.931250 0.447739 0.931250 0.445659 0.932812 0.443579 0.932812 0.441499 0.934375 0.437339 0.934375 0.435259 0.935937 0.431099 0.935937 0.429019 0.937500 0.424858 0.937500 0.422778 0.939062 0.420698 0.939062 0.418618 0.940625 0.418618 0.945312 0.331255 0.945312 0.331255 0.940625 0.329175 0.939062 0.327095 0.939062 0.325015 0.937500 0.318774 0.937500 0.316694 0.935937 0.312534 0.935937 0.310454 0.934375 0.308374 0.934375 0.306294 0.932812 0.302134 0.932812 0.300054 0.931250 0.295894 0.931250 0.293814 0.929688 0.287573 0.929688 0.285493 0.928125 0.281333 0.928125 0.279253 0.926562 0.277173 0.926562 0.275093 0.925000 0.270933 0.925000 0.268853 0.923437 0.264692 0.923437 0.262612 0.921875 0.260532 0.921875 0.256372 0.918750 0.254292 0.918750 0.243892 0.910937 0.243892 0.909375 0.237651 0.904687 0.231411 0.904687 0.231411 0.868750 0.237651 0.868750 0.241812 0.865625 0.241812 0.864062 0.243892 0.862500 0.243892 0.860937 0.245972 0.859375 0.245972 0.857812 0.248052 0.856250 0.248052 0.854687 0.252212 0.851562 0.252212 0.850000 0.270933 0.835938 0.273013 0.835938 0.277173 0.832812 0.277173 0.828125
1 0.614146 0.965625 0.614146 0.970312 0.624546 0.978125 0.624546 0.979687 0.630786 0.984375 0.637026 0.984375 0.637026 0.998437 0.553823 0.998437 0.553823 0.996875 0.560064 0.992188 0.560064 0.990625 0.580864 0.975000 0.582944 0.975000 0.589185 0.970312 0.589185 0.965625
1 0.686948 0.809375 0.686948 0.917187 0.680708 0.917187 0.676548 0.920312 0.676548 0.921875 0.670308 0.926562 0.670308 0.928125 0.666147 0.931250 0.666147 0.932812 0.653667 0.942187 0.651587 0.942187 0.645347 0.946875 0.643267 0.946875 0.641187 0.948437 0.639106 0.948437 0.637026 0.950000 0.634946 0.950000 0.630786 0.953125 0.630786 0.957812 0.578784 0.957812 0.578784 0.953125 0.572544 0.948437 0.570464 0.948437 0.564224 0.943750 0.562144 0.943750 0.560064 0.942187 0.557983 0.942187 0.555903 0.940625 0.553823 0.940625 0.551743 0.939062 0.549663 0.939062 0.541343 0.932812 0.541343 0.931250 0.539263 0.929688 0.539263 0.928125 0.537183 0.926562 0.537183 0.925000 0.535103 0.923437 0.535103 0.921875 0.533022 0.920312 0.533022 0.917187 0.530942 0.915625 0.530942 0.912500 0.528862 0.910937 0.522622 0.910937 0.522622 0.881250 0.528862 0.881250 0.533022 0.878125 0.533022 0.876562 0.537183 0.873437 0.537183 0.871875 0.545503 0.865625 0.549663 0.865625 0.551743 0.864062 0.562144 0.864062 0.570464 0.857812 0.570464 0.856250 0.574624 0.853125 0.574624 0.851562 0.576704 0.850000 0.576704 0.848437 0.578784 0.846875 0.578784 0.845312 0.585024 0.840625 0.585024 0.839062 0.595425 0.831250 0.597505 0.831250 0.601665 0.828125 0.603745 0.828125 0.607905 0.825000 0.609985 0.825000 0.612065 0.823437 0.614146 0.823437 0.618306 0.820312 0.620386 0.820312 0.622466 0.818750 0.626626 0.818750 0.628706 0.817187 0.634946 0.817187 0.637026 0.815625 0.639106 0.815625 0.641187 0.814062 0.641187 0.809375
1 1.000000 0.000000 1.000000 0.095312 0.955278 0.095312 0.955278 0.090625 0.953198 0.089062 0.951118 0.089062 0.949038 0.087500 0.944878 0.087500 0.942798 0.085938 0.936558 0.085938 0.934478 0.084375 0.930317 0.084375 0.928237 0.082812 0.926157 0.082812 0.924077 0.081250 0.917837 0.081250 0.915757 0.079687 0.909517 0.079687 0.907437 0.078125 0.901196 0.078125 0.899116 0.076562 0.894956 0.076562 0.892876 0.075000 0.886636 0.075000 0.884556 0.073437 0.878315 0.073437 0.876235 0.071875 0.869995 0.071875 0.867915 0.070312 0.863755 0.070312 0.861675 0.068750 0.855435 0.068750 0.853354 0.067187 0.849194 0.067187 0.847114 0.065625 0.842954 0.065625 0.840874 0.064062 0.836714 0.064062 0.834634 0.062500 0.828394 0.062500 0.826313 0.060937 0.820073 0.060937 0.817993 0.059375 0.811753 0.059375 0.809673 0.057812 0.807593 0.057812 0.805513 0.056250 0.799272 0.056250 0.797192 0.054688 0.790952 0.054688 0.788872 0.053125 0.784712 0.053125 0.782632 0.051562 0.780552 0.051562 0.778472 0.050000 0.774312 0.050000 0.772231 0.048437 0.768071 0.048437 0.765991 0.046875 0.761831 0.046875 0.759751 0.045312 0.757671 0.045312 0.755591 0.043750 0.747271 0.043750 0.747271 0.000000