1 0.637026 0.553125 0.637026 0.559375 0.639106 0.560937 0.641187 0.560937 0.655747 0.571875 0.657827 0.571875 0.661987 0.575000 0.661987 0.576562 0.668228 0.581250 0.668228 0.582812 0.672388 0.585937 0.678628 0.585937 0.678628 0.620312 0.672388 0.620312 0.670308 0.621875 0.670308 0.623438 0.668228 0.625000 0.668228 0.626562 0.664067 0.629687 0.664067 0.631250 0.649507 0.642187 0.647427 0.642187 0.645347 0.643750 0.643267 0.643750 0.641187 0.645312 0.639106 0.645312 0.634946 0.648438 0.632866 0.648438 0.630786 0.650000 0.628706 0.650000 0.624546 0.653125 0.624546 0.657812 0.578784 0.657812 0.578784 0.653125 0.574624 0.650000 0.570464 0.650000 0.568384 0.648438 0.566304 0.648438 0.564224 0.646875 0.562144 0.646875 0.560064 0.645312 0.557983 0.645312 0.553823 0.642187 0.551743 0.642187 0.547583 0.639062 0.545503 0.639062 0.543423 0.637500 0.543423 0.635937 0.537183 0.631250 0.530942 0.631250 0.530942 0.590625 0.537183 0.590625 0.543423 0.585937 0.543423 0.584375 0.553823 0.576562 0.555903 0.576562 0.560064 0.573437 0.562144 0.573437 0.568384 0.568750 0.570464 0.568750 0.572544 0.567187 0.574624 0.567187 0.578784 0.564062 0.580864 0.564062 0.589185 0.557812 0.589185 0.553125
0 0.699429 0.646875 0.699429 0.651562 0.711909 0.660937 0.713989 0.660937 0.720230 0.665625 0.720230 0.667187 0.726470 0.671875 0.726470 0.673437 0.730630 0.676562 0.736870 0.676562 0.736870 0.725000 0.728550 0.725000 0.726470 0.726562 0.726470 0.728125 0.720230 0.732812 0.720230 0.734375 0.709829 0.742188 0.707749 0.742188 0.703589 0.745312 0.701509 0.745312 0.697349 0.748437 0.691108 0.748437 0.689028 0.750000 0.686948 0.750000 0.682788 0.753125 0.682788 0.757812 0.632866 0.757812 0.632866 0.753125 0.628706 0.750000 0.626626 0.750000 0.624546 0.748437 0.620386 0.748437 0.616226 0.745312 0.614146 0.745312 0.601665 0.735937 0.601665 0.734375 0.597505 0.731250 0.597505 0.729687 0.595425 0.728125 0.595425 0.726562 0.593345 0.725000 0.593345 0.723437 0.591265 0.721875 0.591265 0.720312 0.587104 0.717187 0.580864 0.717187 0.580864 0.692187 0.587104 0.692187 0.589185 0.690625 0.589185 0.689062 0.591265 0.687500 0.591265 0.682812 0.593345 0.681250 0.593345 0.678125 0.597505 0.675000 0.597505 0.673437 0.601665 0.670312 0.601665 0.668750 0.616226 0.657812 0.618306 0.657812 0.622466 0.654687 0.624546 0.654687 0.628706 0.651562 0.628706 0.646875
0 0.433179 0.421875 0.433179 0.426562 0.441499 0.432812 0.443579 0.432812 0.453979 0.440625 0.453979 0.442187 0.460220 0.446875 0.460220 0.448437 0.464380 0.451562 0.470620 0.451562 0.470620 0.487500 0.462300 0.487500 0.458140 0.490625 0.456060 0.490625 0.451899 0.493750 0.451899 0.495312 0.437339 0.506250 0.437339 0.507812 0.435259 0.509375 0.435259 0.514062 0.372856 0.514062 0.372856 0.509375 0.366616 0.504687 0.364536 0.504687 0.356216 0.498437 0.356216 0.496875 0.352056 0.493750 0.352056 0.492188 0.349976 0.490625 0.349976 0.489062 0.345815 0.485937 0.339575 0.485937 0.339575 0.448437 0.345815 0.448437 0.349976 0.445312 0.349976 0.443750 0.352056 0.442187 0.352056 0.440625 0.370776 0.426562 0.370776 0.421875
1 0.574624 0.396875 0.574624 0.401562 0.585024 0.409375 0.585024 0.410937 0.589185 0.414062 0.591265 0.414062 0.591265 0.415625 0.597505 0.420312 0.603745 0.420312 0.603745 0.460938 0.597505 0.460938 0.593345 0.464062 0.593345 0.465625 0.591265 0.467187 0.589185 0.467187 0.578784 0.475000 0.576704 0.475000 0.568384 0.481250 0.566304 0.481250 0.562144 0.484375 0.562144 0.489062 0.530942 0.489062 0.530942 0.484375 0.526782 0.481250 0.522622 0.481250 0.520542 0.479687 0.518462 0.479687 0.516382 0.478125 0.512222 0.478125 0.510142 0.476562 0.505981 0.476562 0.503901 0.475000 0.501821 0.475000 0.497661 0.471875 0.495581 0.471875 0.483101 0.462500 0.483101 0.460938 0.478940 0.457812 0.472700 0.457812 0.472700 0.423437 0.478940 0.423437 0.483101 0.420312 0.483101 0.418750 0.487261 0.415625 0.487261 0.414062 0.493501 0.409375 0.493501 0.407812 0.495581 0.406250 0.495581 0.404687 0.497661 0.403125 0.497661 0.396875
0 0.686948 0.446875 0.686948 0.453125 0.689028 0.454687 0.691108 0.454687 0.695269 0.457812 0.697349 0.457812 0.699429 0.459375 0.699429 0.460938 0.713989 0.471875 0.716069 0.471875 0.718149 0.473437 0.728550 0.473437 0.728550 0.520312 0.720230 0.520312 0.709829 0.528125 0.707749 0.528125 0.705669 0.529687 0.703589 0.529687 0.701509 0.531250 0.699429 0.531250 0.695269 0.534375 0.695269 0.539062 0.622466 0.539062 0.622466 0.534375 0.614146 0.528125 0.612065 0.528125 0.601665 0.520312 0.601665 0.518750 0.599585 0.517187 0.599585 0.515625 0.595425 0.512500 0.589185 0.512500 0.589185 0.473437 0.595425 0.473437 0.599585 0.470312 0.599585 0.468750 0.603745 0.465625 0.603745 0.464062 0.612065 0.457812 0.614146 0.457812 0.622466 0.451562 0.622466 0.446875
0 0.557983 0.278125 0.557983 0.282812 0.562144 0.285937 0.564224 0.285937 0.566304 0.287500 0.568384 0.287500 0.589185 0.303125 0.595425 0.303125 0.595425 0.353125 0.587104 0.353125 0.585024 0.354687 0.585024 0.356250 0.570464 0.367188 0.568384 0.367188 0.562144 0.371875 0.562144 0.376562 0.514302 0.376562 0.514302 0.370312 0.512222 0.368750 0.512222 0.367188 0.508062 0.364062 0.508062 0.360937 0.493501 0.350000 0.493501 0.348437 0.489341 0.345312 0.489341 0.342187 0.487261 0.340625 0.487261 0.337500 0.485181 0.335938 0.485181 0.332812 0.483101 0.331250 0.483101 0.329687 0.478940 0.326562 0.472700 0.326562 0.472700 0.306250 0.478940 0.306250 0.483101 0.303125 0.483101 0.301562 0.495581 0.292187 0.497661 0.292187 0.503901 0.287500 0.505981 0.287500 0.508062 0.285937 0.510142 0.285937 0.514302 0.282812 0.514302 0.278125
1 0.410298 0.515625 0.410298 0.520312 0.414458 0.523437 0.416538 0.523437 0.433179 0.535937 0.433179 0.537500 0.439419 0.542187 0.445659 0.542187 0.445659 0.578125 0.437339 0.578125 0.435259 0.579687 0.435259 0.581250 0.431099 0.584375 0.431099 0.585937 0.426938 0.589062 0.426938 0.590625 0.422778 0.593750 0.414458 0.593750 0.412378 0.595312 0.408218 0.595312 0.406138 0.596875 0.401978 0.596875 0.399897 0.598437 0.391577 0.598437 0.389497 0.600000 0.385337 0.600000 0.381177 0.603125 0.381177 0.607813 0.341655 0.607813 0.341655 0.601562 0.335415 0.596875 0.333335 0.596875 0.329175 0.593750 0.329175 0.592187 0.325015 0.589062 0.325015 0.587500 0.322935 0.585937 0.314614 0.585937 0.314614 0.554687 0.320855 0.554687 0.327095 0.550000 0.327095 0.548437 0.329175 0.546875 0.329175 0.543750 0.331255 0.542187 0.331255 0.540625 0.333335 0.539062 0.333335 0.537500 0.335415 0.535937 0.335415 0.534375 0.337495 0.532812 0.337495 0.531250 0.341655 0.528125 0.341655 0.526562 0.343735 0.525000 0.345815 0.525000 0.352056 0.520312 0.352056 0.515625
2 0.780552 0.546875 0.780552 0.551562 0.786792 0.556250 0.788872 0.556250 0.790952 0.557812 0.793032 0.557812 0.801353 0.564062 0.803433 0.564062 0.807593 0.567187 0.807593 0.568750 0.813833 0.573437 0.813833 0.575000 0.815913 0.576562 0.815913 0.578125 0.817993 0.579687 0.817993 0.581250 0.822153 0.584375 0.828394 0.584375 0.828394 0.621875 0.822153 0.621875 0.817993 0.625000 0.817993 0.626562 0.815913 0.628125 0.815913 0.629687 0.813833 0.631250 0.813833 0.632812 0.807593 0.637500 0.807593 0.639062 0.803433 0.642187 0.801353 0.642187 0.797192 0.645312 0.797192 0.646875 0.795112 0.646875 0.793032 0.648438 0.790952 0.648438 0.784712 0.653125 0.784712 0.657812 0.726470 0.657812 0.726470 0.651562 0.724390 0.650000 0.722310 0.650000 0.720230 0.648438 0.718149 0.648438 0.716069 0.646875 0.713989 0.646875 0.709829 0.643750 0.707749 0.643750 0.705669 0.642187 0.703589 0.642187 0.697349 0.637500 0.697349 0.635937 0.693188 0.632812 0.693188 0.631250 0.691108 0.629687 0.691108 0.628125 0.689028 0.626562 0.680708 0.626562 0.680708 0.579687 0.689028 0.579687 0.691108 0.578125 0.691108 0.576562 0.693188 0.575000 0.693188 0.573437 0.695269 0.571875 0.695269 0.570312 0.703589 0.564062 0.705669 0.564062 0.709829 0.560937 0.711909 0.560937 0.718149 0.556250 0.720230 0.556250 0.722310 0.554687 0.724390 0.554687 0.728550 0.551562 0.728550 0.546875
2 0.524702 0.478125 0.524702 0.482812 0.528862 0.485937 0.530942 0.485937 0.533022 0.487500 0.535103 0.487500 0.537183 0.489062 0.541343 0.489062 0.543423 0.490625 0.547583 0.490625 0.549663 0.492188 0.553823 0.492188 0.560064 0.496875 0.562144 0.496875 0.566304 0.500000 0.566304 0.501562 0.570464 0.504687 0.578784 0.504687 0.578784 0.551562 0.572544 0.551562 0.566304 0.556250 0.564224 0.556250 0.560064 0.559375 0.557983 0.559375 0.555903 0.560937 0.553823 0.560937 0.551743 0.562500 0.549663 0.562500 0.547583 0.564062 0.545503 0.564062 0.543423 0.565625 0.541343 0.565625 0.539263 0.567187 0.537183 0.567187 0.535103 0.568750 0.533022 0.568750 0.528862 0.571875 0.528862 0.576562 0.476860 0.576562 0.476860 0.571875 0.472700 0.568750 0.470620 0.568750 0.456060 0.557812 0.453979 0.557812 0.453979 0.556250 0.445659 0.550000 0.445659 0.548437 0.441499 0.545312 0.441499 0.543750 0.437339 0.540625 0.431099 0.540625 0.431099 0.514062 0.437339 0.514062 0.439419 0.512500 0.439419 0.510937 0.441499 0.509375 0.441499 0.507812 0.443579 0.506250 0.443579 0.503125 0.447739 0.500000 0.447739 0.498437 0.456060 0.492188 0.456060 0.490625 0.464380 0.484375 0.464380 0.478125
2 0.289653 0.465625 0.289653 0.470312 0.291733 0.471875 0.293814 0.471875 0.295894 0.473437 0.297974 0.473437 0.300054 0.475000 0.302134 0.475000 0.304214 0.476562 0.306294 0.476562 0.327095 0.492188 0.327095 0.493750 0.331255 0.496875 0.337495 0.496875 0.337495 0.542187 0.331255 0.542187 0.327095 0.545312 0.327095 0.546875 0.322935 0.550000 0.322935 0.551562 0.320855 0.553125 0.320855 0.554687 0.314614 0.559375 0.314614 0.560937 0.310454 0.564062 0.308374 0.564062 0.304214 0.567187 0.300054 0.567187 0.297974 0.568750 0.293814 0.568750 0.289653 0.571875 0.289653 0.576562 0.250132 0.576562 0.250132 0.571875 0.245972 0.568750 0.243892 0.568750 0.241812 0.567187 0.237651 0.567187 0.233491 0.564062 0.231411 0.564062 0.225171 0.559375 0.223091 0.559375 0.214771 0.553125 0.214771 0.551562 0.210610 0.548437 0.210610 0.546875 0.208530 0.545312 0.208530 0.543750 0.204370 0.540625 0.198130 0.540625 0.198130 0.504687 0.204370 0.504687 0.208530 0.501562 0.208530 0.500000 0.210610 0.498437 0.210610 0.496875 0.212690 0.495312 0.212690 0.493750 0.233491 0.478125 0.235571 0.478125 0.239731 0.475000 0.241812 0.475000 0.243892 0.473437 0.245972 0.473437 0.248052 0.471875 0.250132 0.471875 0.252212 0.470312 0.252212 0.465625
2 0.668228 0.346875 0.668228 0.353125 0.670308 0.354687 0.672388 0.354687 0.674468 0.356250 0.676548 0.356250 0.678628 0.357812 0.680708 0.357812 0.686948 0.362500 0.689028 0.362500 0.701509 0.371875 0.701509 0.373437 0.703589 0.375000 0.711909 0.375000 0.711909 0.421875 0.705669 0.421875 0.697349 0.428125 0.697349 0.429688 0.689028 0.435937 0.686948 0.435937 0.684868 0.437500 0.682788 0.437500 0.680708 0.439062 0.680708 0.445312 0.620386 0.445312 0.620386 0.440625 0.618306 0.439062 0.616226 0.439062 0.607905 0.432812 0.607905 0.431250 0.599585 0.425000 0.599585 0.423437 0.595425 0.420312 0.589185 0.420312 0.589185 0.370312 0.597505 0.370312 0.601665 0.367188 0.601665 0.365625 0.612065 0.357812 0.614146 0.357812 0.618306 0.354687 0.620386 0.354687 0.624546 0.351562 0.624546 0.346875
1 0.915757 0.253125 0.915757 0.257812 0.917837 0.259375 0.919917 0.259375 0.921997 0.260937 0.926157 0.260937 0.928237 0.262500 0.930317 0.262500 0.932397 0.264062 0.934478 0.264062 0.940718 0.268750 0.942798 0.268750 0.946958 0.271875 0.946958 0.273437 0.951118 0.276562 0.951118 0.278125 0.953198 0.279687 0.961519 0.279687 0.961519 0.315625 0.955278 0.315625 0.951118 0.318750 0.951118 0.320312 0.949038 0.321875 0.949038 0.323437 0.942798 0.328125 0.942798 0.329687 0.926157 0.342187 0.924077 0.342187 0.921997 0.343750 0.919917 0.343750 0.915757 0.346875 0.915757 0.351562 0.874155 0.351562 0.874155 0.346875 0.869995 0.343750 0.861675 0.343750 0.859595 0.342187 0.855435 0.342187 0.836714 0.328125 0.830474 0.328125 0.830474 0.285937 0.838794 0.285937 0.840874 0.284375 0.840874 0.282812 0.857515 0.270312 0.859595 0.270312 0.861675 0.268750 0.865835 0.268750 0.867915 0.267187 0.869995 0.267187 0.872075 0.265625 0.874155 0.265625 0.884556 0.257812 0.884556 0.253125
0 0.339575 0.595312 0.339575 0.590625 0.339575 0.595312 0.349976 0.617188 0.352056 0.617188 0.368696 0.604687 0.372856 0.604687 0.377017 0.601562 0.377017 0.590625 0.435259 0.590625 0.435259 0.595312 0.437339 0.596875 0.439419 0.596875 0.441499 0.598437 0.445659 0.598437 0.447739 0.600000 0.449819 0.600000 0.458140 0.606250 0.460220 0.606250 0.474780 0.617188 0.474780 0.618750 0.483101 0.625000 0.483101 0.626562 0.489341 0.631250 0.495581 0.631250 0.495581 0.707812 0.370776 0.707812 0.370776 0.703125 0.366616 0.700000 0.364536 0.700000 0.362456 0.698437 0.358296 0.698437 0.356216 0.696875 0.354136 0.696875 0.349976 0.693750 0.347896 0.693750 0.335415 0.684375 0.335415 0.682812 0.329175 0.678125 0.322935 0.678125 0.322935 0.634375 0.329175 0.634375 0.333335 0.631250 0.333335 0.629687 0.349976 0.617188
1 0.335415 0.321875 0.335415 0.328125 0.337495 0.329687 0.339575 0.329687 0.352056 0.339062 0.352056 0.340625 0.356216 0.343750 0.356216 0.345312 0.358296 0.346875 0.358296 0.348437 0.360376 0.350000 0.360376 0.351562 0.362456 0.353125 0.362456 0.354687 0.364536 0.356250 0.370776 0.356250 0.370776 0.392187 0.362456 0.392187 0.360376 0.393750 0.360376 0.395312 0.358296 0.395312 0.349976 0.401562 0.347896 0.401562 0.337495 0.409375 0.337495 0.414062 0.279253 0.414062 0.279253 0.409375 0.275093 0.406250 0.273013 0.406250 0.268853 0.403125 0.266773 0.403125 0.254292 0.393750 0.254292 0.392187 0.252212 0.390625 0.252212 0.389062 0.250132 0.387500 0.250132 0.385937 0.245972 0.382812 0.239731 0.382812 0.239731 0.351562 0.245972 0.351562 0.250132 0.348437 0.250132 0.346875 0.252212 0.345312 0.252212 0.343750 0.254292 0.342187 0.254292 0.340625 0.264692 0.332812 0.266773 0.332812 0.270933 0.329687 0.273013 0.329687 0.275093 0.328125 0.275093 0.321875
1 0.973999 0.528125 0.973999 0.532812 0.978159 0.535937 0.980239 0.535937 0.982319 0.537500 0.984399 0.537500 0.988560 0.540625 0.990640 0.540625 0.996880 0.545312 1.000000 0.545312 1.000000 0.651562 0.994800 0.651562 0.992720 0.653125 0.990640 0.653125 0.988560 0.654687 0.984399 0.654687 0.982319 0.656250 0.980239 0.656250 0.976079 0.659375 0.976079 0.664062 0.924077 0.664062 0.924077 0.659375 0.919917 0.656250 0.917837 0.656250 0.915757 0.654687 0.913677 0.654687 0.911597 0.653125 0.907437 0.653125 0.905356 0.651562 0.897036 0.651562 0.897036 0.559375 0.903276 0.559375 0.907437 0.556250 0.907437 0.554687 0.909517 0.553125 0.909517 0.551562 0.911597 0.550000 0.911597 0.548437 0.926157 0.537500 0.928237 0.537500 0.930317 0.535937 0.932397 0.535937 0.936558 0.532812 0.936558 0.528125
2 0.466460 0.315625 0.466460 0.321875 0.468540 0.323437 0.468540 0.325000 0.474780 0.329687 0.474780 0.332812 0.476860 0.334375 0.476860 0.335938 0.485181 0.342187 0.485181 0.343750 0.491421 0.348437 0.493501 0.348437 0.493501 0.350000 0.497661 0.353125 0.503901 0.353125 0.503901 0.390625 0.497661 0.390625 0.483101 0.401562 0.481021 0.401562 0.474780 0.406250 0.472700 0.406250 0.470620 0.407812 0.468540 0.407812 0.464380 0.410937 0.462300 0.410937 0.460220 0.412500 0.458140 0.412500 0.456060 0.414062 0.453979 0.414062 0.451899 0.415625 0.451899 0.420312 0.414458 0.420312 0.414458 0.415625 0.410298 0.412500 0.406138 0.412500 0.404058 0.410937 0.401978 0.410937 0.399897 0.409375 0.397817 0.409375 0.389497 0.403125 0.387417 0.403125 0.385337 0.401562 0.385337 0.400000 0.381177 0.396875 0.372856 0.396875 0.372856 0.345312 0.379097 0.345312 0.406138 0.325000 0.408218 0.325000 0.410298 0.323437 0.412378 0.323437 0.416538 0.320312 0.416538 0.315625
1 0.067085 0.745312 0.071245 0.742188 0.071245 0.740625 0.079565 0.740625 0.079565 0.751562 0.067085 0.751562 0.067085 0.745312 0.040044 0.732812 0.037964 0.732812 0.027563 0.740625 0.025483 0.740625 0.023403 0.742188 0.021323 0.742188 0.015083 0.746875 0.015083 0.751562 0.000000 0.751562 0.000000 0.603125 0.021323 0.603125 0.021323 0.609375 0.023403 0.610937 0.025483 0.610937 0.027563 0.612500 0.029644 0.612500 0.037964 0.618750 0.040044 0.618750 0.056685 0.631250 0.056685 0.632812 0.060845 0.635937 0.060845 0.637500 0.067085 0.642187 0.067085 0.643750 0.069165 0.645312 0.069165 0.648438 0.073325 0.651562 0.079565 0.651562 0.079565 0.710938 0.073325 0.710938 0.071245 0.712500 0.065005 0.712500 0.060845 0.715625 0.060845 0.717187 0.040044 0.732812
2 0.942798 0.765625 0.942798 0.770312 0.946958 0.773438 0.949038 0.773438 0.951118 0.775000 0.953198 0.775000 0.955278 0.776562 0.957358 0.776562 0.961519 0.779687 0.963599 0.779687 0.971919 0.785937 0.971919 0.787500 0.973999 0.789062 0.973999 0.792187 0.976079 0.793750 0.976079 0.795312 0.978159 0.796875 0.978159 0.798437 0.980239 0.800000 0.980239 0.803125 0.982319 0.804688 0.982319 0.810937 0.984399 0.812500 0.984399 0.818750 0.988560 0.821875 0.994800 0.821875 0.994800 0.885937 0.988560 0.885937 0.986479 0.887500 0.986479 0.889062 0.984399 0.890625 0.984399 0.893750 0.982319 0.895312 0.982319 0.898438 0.980239 0.900000 0.980239 0.901562 0.978159 0.903125 0.978159 0.904687 0.976079 0.906250 0.976079 0.909375 0.973999 0.910937 0.973999 0.914062 0.971919 0.915625 0.971919 0.918750 0.969839 0.920312 0.969839 0.921875 0.967759 0.923437 0.967759 0.925000 0.965679 0.926562 0.965679 0.929688 0.963599 0.931250 0.963599 0.932812 0.955278 0.939062 0.955278 0.940625 0.953198 0.942187 0.951118 0.942187 0.944878 0.946875 0.942798 0.946875 0.938638 0.950000 0.936558 0.950000 0.932397 0.953125 0.932397 0.957812 0.899116 0.957812 0.899116 0.953125 0.894956 0.950000 0.892876 0.950000 0.890796 0.948437 0.886636 0.948437 0.884556 0.946875 0.882476 0.946875 0.880396 0.945312 0.878315 0.945312 0.872075 0.940625 0.869995 0.940625 0.853354 0.928125 0.853354 0.926562 0.851274 0.925000 0.851274 0.923437 0.849194 0.921875 0.849194 0.920312 0.845034 0.917187 0.838794 0.917187 0.838794 0.873437 0.845034 0.873437 0.847114 0.871875 0.847114 0.870312 0.849194 0.868750 0.849194 0.859375 0.851274 0.857812 0.851274 0.850000 0.853354 0.848437 0.853354 0.840625 0.855435 0.839062 0.855435 0.829687 0.857515 0.828125 0.857515 0.825000 0.859595 0.823437 0.859595 0.820312 0.861675 0.818750 0.861675 0.815625 0.872075 0.807812 0.872075 0.803125 0.874155 0.801562 0.874155 0.795312 0.876235 0.793750 0.876235 0.792187 0.880396 0.789062 0.880396 0.785937 0.882476 0.784375 0.882476 0.782812 0.884556 0.781250 0.884556 0.779687 0.886636 0.778125 0.886636 0.776562 0.888716 0.775000 0.890796 0.775000 0.897036 0.770312 0.897036 0.765625
2 0.578784 0.959375 0.578784 0.964062 0.582944 0.967187 0.585024 0.967187 0.587104 0.968750 0.589185 0.968750 0.595425 0.973437 0.597505 0.973437 0.603745 0.978125 0.605825 0.978125 0.609985 0.981250 0.612065 0.981250 0.614146 0.982812 0.616226 0.982812 0.618306 0.984375 0.618306 0.985937 0.622466 0.989062 0.626626 0.989062 0.628706 0.990625 0.637026 0.990625 0.637026 0.998437 0.381177 0.998437 0.381177 0.987500 0.387417 0.987500 0.391577 0.984375 0.391577 0.982812 0.393657 0.981250 0.393657 0.979687 0.395737 0.978125 0.395737 0.976562 0.397817 0.976562 0.406138 0.970312 0.408218 0.970312 0.412378 0.967187 0.412378 0.959375
1 0.008843 0.246875 0.008843 0.251562 0.065005 0.293750 0.065005 0.295312 0.069165 0.298437 0.069165 0.300000 0.073325 0.303125 0.079565 0.303125 0.079565 0.337500 0.073325 0.337500 0.069165 0.340625 0.069165 0.342187 0.065005 0.345312 0.065005 0.346875 0.058765 0.351562 0.058765 0.353125 0.054605 0.356250 0.054605 0.357812 0.050444 0.360937 0.050444 0.362500 0.033804 0.375000 0.031724 0.375000 0.029644 0.376562 0.029644 0.382812 0.000000 0.382812 0.000000 0.246875
2 0.308374 0.970312 0.308374 0.965625 0.310454 0.965625 0.312534 0.964062 0.316694 0.964062 0.318774 0.965625 0.322935 0.965625 0.325015 0.964062 0.327095 0.964062 0.329175 0.962500 0.331255 0.962500 0.333335 0.964062 0.335415 0.964062 0.337495 0.965625 0.337495 0.970312 0.308374 0.970312 0.260532 0.957812 0.258452 0.959375 0.252212 0.959375 0.250132 0.960938 0.245972 0.960938 0.243892 0.962500 0.241812 0.962500 0.239731 0.964062 0.237651 0.964062 0.235571 0.965625 0.235571 0.970312 0.297974 0.970312 0.268853 0.951562 0.243892 0.951562 0.241812 0.950000 0.235571 0.950000 0.233491 0.951562 0.229331 0.951562 0.227251 0.950000 0.198130 0.950000 0.196050 0.951562 0.187730 0.951562 0.185649 0.953125 0.181489 0.953125 0.179409 0.954687 0.173169 0.954687 0.171089 0.956250 0.164849 0.956250 0.160689 0.959375 0.158608 0.959375 0.156528 0.960938 0.150288 0.960938 0.148208 0.962500 0.129487 0.962500 0.127407 0.960938 0.125327 0.960938 0.121167 0.957812 0.114927 0.957812 0.114927 0.835938 0.121167 0.835938 0.125327 0.832812 0.125327 0.831250 0.127407 0.829687 0.127407 0.828125 0.131567 0.825000 0.133648 0.825000 0.137808 0.821875 0.139888 0.821875 0.141968 0.820312 0.175249 0.820312 0.177329 0.818750 0.208530 0.818750 0.210610 0.820312 0.216851 0.820312 0.218931 0.821875 0.223091 0.821875 0.225171 0.820312 0.229331 0.820312 0.231411 0.818750 0.235571 0.818750 0.237651 0.817187 0.252212 0.817187 0.254292 0.815625 0.273013 0.815625 0.275093 0.814062 0.279253 0.814062 0.281333 0.812500 0.287573 0.812500 0.289653 0.810937 0.297974 0.810937 0.300054 0.809375 0.308374 0.809375 0.310454 0.807812 0.325015 0.807812 0.327095 0.806250 0.337495 0.806250 0.339575 0.804688 0.356216 0.804688 0.358296 0.803125 0.362456 0.803125 0.364536 0.801562 0.364536 0.796875 0.406138 0.796875 0.406138 0.803125 0.414458 0.809375 0.414458 0.812500 0.416538 0.814062 0.416538 0.815625 0.418618 0.817187 0.418618 0.820312 0.420698 0.821875 0.420698 0.823437 0.422778 0.825000 0.422778 0.831250 0.424858 0.832812 0.424858 0.837500 0.426938 0.839062 0.426938 0.845312 0.429019 0.846875 0.429019 0.848437 0.431099 0.850000 0.437339 0.850000 0.437339 0.920312 0.431099 0.920312 0.429019 0.921875 0.426938 0.921875 0.420698 0.926562 0.420698 0.928125 0.410298 0.935937 0.410298 0.937500 0.406138 0.940625 0.404058 0.940625 0.401978 0.942187 0.399897 0.942187 0.397817 0.943750 0.395737 0.943750 0.389497 0.948437 0.385337 0.948437 0.383257 0.950000 0.381177 0.950000 0.379097 0.951562 0.377017 0.951562 0.374937 0.953125 0.372856 0.953125 0.370776 0.954687 0.347896 0.954687 0.345815 0.953125 0.341655 0.953125 0.339575 0.951562 0.333335 0.951562 0.331255 0.953125 0.327095 0.953125 0.325015 0.951562 0.314614 0.951562 0.312534 0.950000 0.270933 0.950000 0.268853 0.951562 0.297974 0.970312 0.297974 0.965625 0.287573 0.965625 0.285493 0.964062 0.281333 0.964062 0.279253 0.962500 0.273013 0.962500 0.270933 0.960938 0.268853 0.960938 0.266773 0.959375 0.264692 0.959375 0.262612 0.957812 0.260532 0.957812
1 0.358296 0.978125 0.358296 0.982812 0.360376 0.984375 0.360376 0.985937 0.372856 0.995312 0.374937 0.995312 0.377017 0.996875 0.377017 0.998437 0.264692 0.998437 0.264692 0.995312 0.275093 0.995312 0.277173 0.993750 0.279253 0.993750 0.281333 0.992188 0.283413 0.992188 0.285493 0.990625 0.289653 0.990625 0.291733 0.989062 0.295894 0.989062 0.297974 0.987500 0.300054 0.987500 0.302134 0.985937 0.304214 0.985937 0.308374 0.982812 0.308374 0.978125