1 0.398335 0.540625 0.398335 0.546875 0.396255 0.548437 0.394175 0.548437 0.390015 0.551562 0.387935 0.551562 0.381694 0.556250 0.379614 0.556250 0.373374 0.560937 0.371294 0.560937 0.350493 0.576562 0.350493 0.578125 0.344253 0.582812 0.338013 0.582812 0.338013 0.635937 0.346333 0.635937 0.348413 0.637500 0.348413 0.639062 0.352573 0.642187 0.352573 0.643750 0.365054 0.653125 0.367134 0.653125 0.371294 0.656250 0.373374 0.656250 0.375454 0.657812 0.377534 0.657812 0.379614 0.659375 0.381694 0.659375 0.383774 0.660937 0.385854 0.660937 0.387935 0.662500 0.394175 0.662500 0.396255 0.664062 0.398335 0.664062 0.400415 0.665625 0.400415 0.670312 0.452417 0.670312 0.452417 0.665625 0.456577 0.662500 0.460737 0.662500 0.462817 0.660937 0.464897 0.660937 0.466978 0.659375 0.469058 0.659375 0.471138 0.657812 0.473218 0.657812 0.475298 0.656250 0.479458 0.656250 0.481538 0.654687 0.483618 0.654687 0.485698 0.653125 0.487778 0.653125 0.489858 0.651562 0.491938 0.651562 0.496099 0.648438 0.498179 0.648438 0.512739 0.637500 0.512739 0.635937 0.516899 0.632812 0.516899 0.631250 0.521060 0.628125 0.527300 0.628125 0.527300 0.582812 0.521060 0.582812 0.516899 0.579687 0.516899 0.576562 0.510659 0.571875 0.510659 0.570312 0.504419 0.565625 0.504419 0.564062 0.498179 0.559375 0.496099 0.559375 0.489858 0.554687 0.487778 0.554687 0.481538 0.550000 0.479458 0.550000 0.473218 0.545312 0.473218 0.540625
1 0.627144 0.515625 0.627144 0.520312 0.620903 0.525000 0.618823 0.525000 0.616743 0.526562 0.612583 0.526562 0.610503 0.528125 0.608423 0.528125 0.606343 0.529687 0.604263 0.529687 0.593862 0.537500 0.593862 0.539062 0.587622 0.543750 0.587622 0.545312 0.575142 0.554687 0.575142 0.556250 0.568901 0.560937 0.562661 0.560937 0.562661 0.607813 0.568901 0.607813 0.573062 0.610937 0.573062 0.612500 0.577222 0.615625 0.577222 0.617188 0.585542 0.623438 0.587622 0.623438 0.589702 0.625000 0.591782 0.625000 0.593862 0.626562 0.595942 0.626562 0.600103 0.629687 0.602183 0.629687 0.604263 0.631250 0.606343 0.631250 0.610503 0.634375 0.612583 0.634375 0.614663 0.635937 0.616743 0.635937 0.618823 0.637500 0.620903 0.637500 0.622983 0.639062 0.625063 0.639062 0.627144 0.640625 0.627144 0.645312 0.702026 0.645312 0.702026 0.640625 0.706186 0.637500 0.708267 0.637500 0.710347 0.635937 0.712427 0.635937 0.718667 0.631250 0.720747 0.631250 0.722827 0.629687 0.724907 0.629687 0.733227 0.623438 0.735308 0.623438 0.749868 0.612500 0.749868 0.610937 0.756108 0.606250 0.756108 0.603125 0.758188 0.601562 0.758188 0.600000 0.762349 0.596875 0.768589 0.596875 0.768589 0.557812 0.762349 0.557812 0.758188 0.554687 0.758188 0.553125 0.756108 0.551562 0.756108 0.550000 0.749868 0.545312 0.749868 0.543750 0.735308 0.532812 0.733227 0.532812 0.731147 0.531250 0.729067 0.531250 0.724907 0.528125 0.722827 0.528125 0.718667 0.525000 0.716587 0.525000 0.714507 0.523437 0.712427 0.523437 0.708267 0.520312 0.708267 0.515625
1 0.246489 0.365625 0.246489 0.370312 0.242329 0.373437 0.238169 0.373437 0.236089 0.375000 0.234009 0.375000 0.229849 0.378125 0.227769 0.378125 0.209048 0.392187 0.209048 0.393750 0.202808 0.398438 0.196567 0.398438 0.196567 0.453125 0.204888 0.453125 0.206968 0.454687 0.206968 0.456250 0.211128 0.459375 0.211128 0.460938 0.217368 0.465625 0.219448 0.465625 0.227769 0.471875 0.229849 0.471875 0.231929 0.473437 0.234009 0.473437 0.236089 0.475000 0.238169 0.475000 0.242329 0.478125 0.242329 0.482812 0.292251 0.482812 0.292251 0.478125 0.296411 0.475000 0.298491 0.475000 0.302651 0.471875 0.304731 0.471875 0.306812 0.470312 0.308892 0.470312 0.315132 0.465625 0.317212 0.465625 0.333853 0.453125 0.335933 0.453125 0.338013 0.451562 0.338013 0.450000 0.346333 0.443750 0.352573 0.443750 0.352573 0.418750 0.346333 0.418750 0.344253 0.417187 0.344253 0.415625 0.342173 0.414062 0.342173 0.412500 0.340093 0.410937 0.340093 0.407812 0.338013 0.406250 0.338013 0.403125 0.335933 0.401562 0.335933 0.400000 0.333853 0.398438 0.333853 0.396875 0.331772 0.395312 0.331772 0.393750 0.329692 0.392187 0.329692 0.390625 0.321372 0.384375 0.321372 0.382812 0.319292 0.382812 0.308892 0.375000 0.306812 0.375000 0.304731 0.373437 0.300571 0.373437 0.296411 0.370312 0.296411 0.365625
0 0.598022 0.403125 0.598022 0.407812 0.595942 0.409375 0.593862 0.409375 0.591782 0.410937 0.589702 0.410937 0.585542 0.414062 0.583462 0.414062 0.577222 0.418750 0.575142 0.418750 0.568901 0.423437 0.566821 0.423437 0.558501 0.429688 0.558501 0.431250 0.548101 0.439062 0.548101 0.440625 0.546021 0.442187 0.537700 0.442187 0.537700 0.495312 0.543940 0.495312 0.548101 0.498437 0.548101 0.500000 0.550181 0.501562 0.550181 0.503125 0.558501 0.509375 0.558501 0.510937 0.560581 0.512500 0.562661 0.512500 0.564741 0.514062 0.564741 0.515625 0.566821 0.517187 0.568901 0.517187 0.575142 0.521875 0.575142 0.526562 0.631304 0.526562 0.631304 0.521875 0.635464 0.518750 0.641704 0.518750 0.643784 0.517187 0.654185 0.517187 0.656265 0.515625 0.662505 0.515625 0.664585 0.514062 0.670825 0.514062 0.672905 0.512500 0.677065 0.512500 0.681226 0.509375 0.683306 0.509375 0.689546 0.504687 0.689546 0.503125 0.695786 0.498437 0.695786 0.496875 0.697866 0.495312 0.697866 0.493750 0.699946 0.492188 0.699946 0.487500 0.702026 0.485937 0.702026 0.484375 0.704106 0.482812 0.710347 0.482812 0.710347 0.456250 0.704106 0.456250 0.702026 0.454687 0.702026 0.451562 0.699946 0.450000 0.699946 0.446875 0.697866 0.445312 0.697866 0.442187 0.693706 0.439062 0.693706 0.437500 0.689546 0.434375 0.689546 0.432812 0.670825 0.418750 0.668745 0.418750 0.664585 0.415625 0.662505 0.415625 0.660425 0.414062 0.658345 0.414062 0.656265 0.412500 0.654185 0.412500 0.652104 0.410937 0.647944 0.410937 0.645864 0.409375 0.643784 0.409375 0.641704 0.407812 0.641704 0.403125
1 0.964116 0.571875 0.964116 0.576562 0.959956 0.579687 0.953716 0.579687 0.951636 0.581250 0.947476 0.581250 0.945395 0.582812 0.943315 0.582812 0.939155 0.585937 0.937075 0.585937 0.934995 0.587500 0.932915 0.587500 0.930835 0.589062 0.928755 0.589062 0.910034 0.603125 0.910034 0.604687 0.905874 0.607813 0.905874 0.609375 0.901714 0.612500 0.901714 0.614062 0.899634 0.615625 0.899634 0.617188 0.897554 0.618750 0.897554 0.621875 0.893394 0.625000 0.887153 0.625000 0.887153 0.668750 0.893394 0.668750 0.895474 0.670312 0.895474 0.671875 0.897554 0.673437 0.897554 0.676562 0.899634 0.678125 0.899634 0.679688 0.901714 0.681250 0.901714 0.682812 0.905874 0.685937 0.905874 0.687500 0.907954 0.689062 0.907954 0.690625 0.910034 0.692187 0.910034 0.693750 0.914194 0.696875 0.914194 0.706250 0.910034 0.709375 0.910034 0.710938 0.907954 0.712500 0.907954 0.714062 0.905874 0.715625 0.905874 0.717187 0.903794 0.718750 0.903794 0.720312 0.899634 0.723437 0.899634 0.725000 0.897554 0.726562 0.897554 0.739062 0.899634 0.740625 0.899634 0.742188 0.910034 0.750000 0.912114 0.750000 0.914194 0.751562 0.914194 0.757812 0.941235 0.757812 0.941235 0.753125 0.945395 0.750000 0.947476 0.750000 0.949556 0.748437 0.951636 0.748437 0.955796 0.745312 0.957876 0.745312 0.962036 0.742188 0.964116 0.742188 0.970356 0.737500 0.972437 0.737500 0.978677 0.732812 0.982837 0.732812 0.984917 0.731250 0.993237 0.731250 0.995317 0.729687 1.000000 0.729687 1.000000 0.571875
2 0.546021 0.296875 0.546021 0.301562 0.541860 0.304688 0.539780 0.304688 0.537700 0.306250 0.535620 0.306250 0.533540 0.307813 0.531460 0.307813 0.527300 0.310937 0.525220 0.310937 0.521060 0.314062 0.518979 0.314062 0.506499 0.323437 0.506499 0.325000 0.502339 0.328125 0.496099 0.328125 0.496099 0.375000 0.502339 0.375000 0.506499 0.378125 0.506499 0.379687 0.508579 0.381250 0.508579 0.382812 0.512739 0.385937 0.512739 0.387500 0.529380 0.400000 0.531460 0.400000 0.535620 0.403125 0.537700 0.403125 0.539780 0.404687 0.541860 0.404687 0.543940 0.406250 0.575142 0.406250 0.577222 0.407812 0.589702 0.407812 0.591782 0.406250 0.598022 0.406250 0.600103 0.404687 0.602183 0.404687 0.604263 0.403125 0.606343 0.403125 0.608423 0.401562 0.610503 0.401562 0.612583 0.400000 0.614663 0.400000 0.625063 0.392187 0.625063 0.390625 0.631304 0.385937 0.631304 0.384375 0.637544 0.379687 0.643784 0.379687 0.643784 0.331250 0.635464 0.331250 0.633384 0.329687 0.633384 0.328125 0.631304 0.326562 0.631304 0.325000 0.625063 0.320312 0.625063 0.318750 0.616743 0.312500 0.614663 0.312500 0.610503 0.309375 0.608423 0.309375 0.604263 0.306250 0.602183 0.306250 0.600103 0.304688 0.598022 0.304688 0.593862 0.301562 0.593862 0.296875
0 0.000000 0.490625 0.000000 0.614062 0.023921 0.614062 0.023921 0.607813 0.026001 0.606250 0.028081 0.606250 0.030161 0.604687 0.032241 0.604687 0.034321 0.603125 0.036401 0.603125 0.044722 0.596875 0.046802 0.596875 0.046802 0.595312 0.055122 0.589062 0.055122 0.587500 0.061362 0.582812 0.061362 0.581250 0.063442 0.579687 0.063442 0.578125 0.065522 0.576562 0.065522 0.575000 0.067603 0.573437 0.067603 0.571875 0.069683 0.570312 0.069683 0.568750 0.071763 0.567187 0.078003 0.567187 0.078003 0.531250 0.071763 0.531250 0.067603 0.528125 0.067603 0.526562 0.065522 0.525000 0.065522 0.523437 0.063442 0.521875 0.063442 0.520312 0.044722 0.506250 0.042642 0.506250 0.040562 0.504687 0.038481 0.504687 0.032241 0.500000 0.030161 0.500000 0.028081 0.498437 0.023921 0.498437 0.019761 0.495312 0.019761 0.490625
2 0.138325 0.871875 0.138325 0.876562 0.134165 0.879687 0.132085 0.879687 0.130005 0.881250 0.127925 0.881250 0.125845 0.882812 0.123765 0.882812 0.117524 0.887500 0.115444 0.887500 0.113364 0.889062 0.111284 0.889062 0.107124 0.892187 0.105044 0.892187 0.100884 0.895312 0.098804 0.895312 0.092563 0.900000 0.090483 0.900000 0.080083 0.907812 0.080083 0.909375 0.075923 0.912500 0.075923 0.914062 0.073843 0.915625 0.073843 0.917187 0.069683 0.920312 0.063442 0.920312 0.063442 0.998437 0.261050 0.998437 0.261050 0.973437 0.254810 0.973437 0.250649 0.970312 0.250649 0.964062 0.248569 0.962500 0.248569 0.954687 0.246489 0.953125 0.246489 0.950000 0.244409 0.948437 0.244409 0.945312 0.242329 0.943750 0.242329 0.939062 0.240249 0.937500 0.240249 0.931250 0.238169 0.929688 0.238169 0.925000 0.236089 0.923437 0.236089 0.918750 0.234009 0.917187 0.234009 0.912500 0.231929 0.910937 0.231929 0.904687 0.229849 0.903125 0.229849 0.900000 0.227769 0.898438 0.227769 0.896875 0.225688 0.895312 0.225688 0.893750 0.223608 0.892187 0.223608 0.890625 0.221528 0.889062 0.221528 0.887500 0.217368 0.884375 0.217368 0.882812 0.211128 0.878125 0.211128 0.871875
2 0.375454 0.334375 0.375454 0.339062 0.369214 0.343750 0.367134 0.343750 0.365054 0.345312 0.362974 0.345312 0.348413 0.356250 0.348413 0.357812 0.344253 0.360937 0.344253 0.362500 0.340093 0.365625 0.340093 0.367188 0.335933 0.370312 0.329692 0.370312 0.329692 0.395312 0.335933 0.395312 0.338013 0.396875 0.338013 0.400000 0.340093 0.401562 0.340093 0.404687 0.342173 0.406250 0.342173 0.409375 0.344253 0.410937 0.344253 0.414062 0.346333 0.415625 0.346333 0.418750 0.348413 0.420312 0.348413 0.421875 0.354653 0.426562 0.354653 0.428125 0.360894 0.432812 0.362974 0.432812 0.367134 0.435937 0.369214 0.435937 0.371294 0.437500 0.373374 0.437500 0.375454 0.439062 0.377534 0.439062 0.379614 0.440625 0.381694 0.440625 0.383774 0.442187 0.387935 0.442187 0.390015 0.443750 0.394175 0.443750 0.396255 0.445312 0.398335 0.445312 0.400415 0.446875 0.400415 0.451562 0.439936 0.451562 0.439936 0.446875 0.444097 0.443750 0.446177 0.443750 0.448257 0.442187 0.450337 0.442187 0.452417 0.440625 0.454497 0.440625 0.458657 0.437500 0.460737 0.437500 0.471138 0.429688 0.471138 0.428125 0.479458 0.421875 0.485698 0.421875 0.485698 0.375000 0.479458 0.375000 0.477378 0.373437 0.477378 0.371875 0.475298 0.370312 0.475298 0.365625 0.473218 0.364062 0.473218 0.362500 0.471138 0.360937 0.471138 0.359375 0.466978 0.356250 0.466978 0.354687 0.452417 0.343750 0.450337 0.343750 0.444097 0.339062 0.444097 0.334375
1 0.683306 0.884375 0.683306 0.889062 0.679145 0.892187 0.677065 0.892187 0.672905 0.895312 0.670825 0.895312 0.656265 0.906250 0.656265 0.907812 0.650024 0.912500 0.647944 0.912500 0.639624 0.918750 0.637544 0.918750 0.631304 0.923437 0.629224 0.923437 0.627144 0.925000 0.625063 0.925000 0.622983 0.926562 0.620903 0.926562 0.614663 0.931250 0.612583 0.931250 0.606343 0.935937 0.604263 0.935937 0.600103 0.939062 0.598022 0.939062 0.593862 0.942187 0.591782 0.942187 0.589702 0.943750 0.587622 0.943750 0.568901 0.957812 0.568901 0.959375 0.564741 0.962500 0.564741 0.965625 0.560581 0.968750 0.554341 0.968750 0.554341 0.998437 0.768589 0.998437 0.768589 0.884375
2 0.331772 0.453125 0.331772 0.459375 0.329692 0.460938 0.327612 0.460938 0.315132 0.470312 0.313052 0.470312 0.306812 0.475000 0.304731 0.475000 0.298491 0.479687 0.296411 0.479687 0.290171 0.484375 0.288091 0.484375 0.286011 0.485937 0.279770 0.485937 0.277690 0.487500 0.273530 0.487500 0.271450 0.489062 0.269370 0.489062 0.261050 0.495312 0.254810 0.495312 0.254810 0.550000 0.261050 0.550000 0.265210 0.553125 0.265210 0.554687 0.267290 0.556250 0.267290 0.557812 0.279770 0.567187 0.281851 0.567187 0.288091 0.571875 0.290171 0.571875 0.292251 0.573437 0.294331 0.573437 0.296411 0.575000 0.298491 0.575000 0.302651 0.578125 0.302651 0.582812 0.344253 0.582812 0.344253 0.576562 0.348413 0.573437 0.350493 0.573437 0.360894 0.565625 0.362974 0.565625 0.373374 0.557812 0.375454 0.557812 0.381694 0.553125 0.383774 0.553125 0.392095 0.546875 0.394175 0.546875 0.396255 0.545312 0.398335 0.545312 0.400415 0.543750 0.402495 0.543750 0.404575 0.542187 0.406655 0.542187 0.408735 0.540625 0.410815 0.540625 0.412896 0.539062 0.414976 0.539062 0.417056 0.537500 0.419136 0.537500 0.421216 0.535937 0.423296 0.535937 0.425376 0.534375 0.427456 0.534375 0.429536 0.532812 0.435776 0.532812 0.435776 0.493750 0.427456 0.493750 0.425376 0.492188 0.425376 0.490625 0.423296 0.489062 0.423296 0.487500 0.421216 0.485937 0.421216 0.484375 0.412896 0.478125 0.412896 0.476562 0.410815 0.476562 0.400415 0.468750 0.398335 0.468750 0.392095 0.464062 0.390015 0.464062 0.385854 0.460938 0.383774 0.460938 0.381694 0.459375 0.381694 0.453125
2 0.839311 0.871875 0.839311 0.878125 0.835151 0.881250 0.820591 0.881250 0.820591 0.892187 0.828911 0.892187 0.830991 0.893750 0.830991 0.898438 0.826831 0.901562 0.820591 0.901562 0.820591 0.998437 1.000000 0.998437 1.000000 0.900000 0.995317 0.900000 0.991157 0.896875 0.989077 0.896875 0.986997 0.895312 0.984917 0.895312 0.982837 0.893750 0.976597 0.893750 0.974517 0.892187 0.966196 0.892187 0.964116 0.890625 0.957876 0.890625 0.955796 0.889062 0.951636 0.889062 0.949556 0.887500 0.945395 0.887500 0.943315 0.885937 0.939155 0.885937 0.937075 0.884375 0.934995 0.884375 0.932915 0.882812 0.930835 0.882812 0.928755 0.881250 0.924595 0.881250 0.922515 0.879687 0.918354 0.879687 0.916274 0.878125 0.914194 0.878125 0.912114 0.876562 0.912114 0.871875