1 0.526782 0.521875 0.526782 0.526562 0.530942 0.529687 0.543423 0.529687 0.545503 0.531250 0.549663 0.531250 0.551743 0.532812 0.553823 0.532812 0.568384 0.543750 0.570464 0.543750 0.576704 0.548437 0.578784 0.548437 0.587104 0.554687 0.589185 0.554687 0.595425 0.559375 0.603745 0.559375 0.603745 0.590625 0.597505 0.590625 0.595425 0.592187 0.595425 0.593750 0.593345 0.595312 0.593345 0.598437 0.591265 0.600000 0.591265 0.601562 0.589185 0.603125 0.589185 0.604687 0.587104 0.606250 0.587104 0.607813 0.585024 0.609375 0.585024 0.610937 0.574624 0.618750 0.572544 0.618750 0.568384 0.621875 0.568384 0.623438 0.566304 0.623438 0.564224 0.625000 0.562144 0.625000 0.557983 0.628125 0.557983 0.632812 0.501821 0.632812 0.501821 0.628125 0.499741 0.626562 0.497661 0.626562 0.495581 0.625000 0.491421 0.625000 0.489341 0.623438 0.487261 0.623438 0.483101 0.620312 0.481021 0.620312 0.476860 0.617188 0.474780 0.617188 0.470620 0.614062 0.468540 0.614062 0.460220 0.607813 0.458140 0.607813 0.458140 0.606250 0.451899 0.601562 0.451899 0.600000 0.449819 0.598437 0.449819 0.593750 0.447739 0.592187 0.447739 0.589062 0.445659 0.587500 0.439419 0.587500 0.439419 0.557812 0.445659 0.557812 0.447739 0.556250 0.447739 0.554687 0.449819 0.553125 0.449819 0.551562 0.451899 0.550000 0.451899 0.548437 0.460220 0.542187 0.462300 0.542187 0.466460 0.539062 0.466460 0.537500 0.468540 0.537500 0.470620 0.535937 0.472700 0.535937 0.476860 0.532812 0.478940 0.532812 0.481021 0.531250 0.483101 0.531250 0.485181 0.529687 0.489341 0.529687 0.493501 0.526562 0.493501 0.521875
1 0.555903 0.353125 0.555903 0.357812 0.560064 0.360937 0.562144 0.360937 0.564224 0.362500 0.566304 0.362500 0.578784 0.371875 0.580864 0.371875 0.589185 0.378125 0.589185 0.379687 0.591265 0.381250 0.591265 0.382812 0.593345 0.384375 0.593345 0.387500 0.597505 0.390625 0.603745 0.390625 0.603745 0.414062 0.597505 0.414062 0.593345 0.417187 0.593345 0.418750 0.591265 0.420312 0.591265 0.421875 0.589185 0.423437 0.589185 0.425000 0.585024 0.428125 0.585024 0.429688 0.582944 0.431250 0.582944 0.432812 0.572544 0.440625 0.570464 0.440625 0.568384 0.442187 0.564224 0.442187 0.562144 0.443750 0.560064 0.443750 0.555903 0.446875 0.555903 0.451562 0.516382 0.451562 0.516382 0.445312 0.514302 0.443750 0.512222 0.443750 0.510142 0.442187 0.508062 0.442187 0.503901 0.439062 0.499741 0.439062 0.497661 0.437500 0.497661 0.435937 0.493501 0.432812 0.491421 0.432812 0.489341 0.431250 0.489341 0.429688 0.485181 0.426562 0.483101 0.426562 0.483101 0.425000 0.478940 0.421875 0.472700 0.421875 0.472700 0.381250 0.481021 0.381250 0.483101 0.379687 0.483101 0.378125 0.491421 0.371875 0.491421 0.370312 0.493501 0.368750 0.495581 0.368750 0.501821 0.364062 0.503901 0.364062 0.505981 0.362500 0.508062 0.362500 0.512222 0.359375 0.516382 0.359375 0.518462 0.357812 0.518462 0.353125
1 0.377017 0.234375 0.377017 0.240625 0.389497 0.250000 0.391577 0.250000 0.393657 0.251562 0.393657 0.253125 0.395737 0.254687 0.397817 0.254687 0.401978 0.257812 0.401978 0.259375 0.408218 0.264062 0.408218 0.265625 0.414458 0.270312 0.420698 0.270312 0.420698 0.303125 0.414458 0.303125 0.410298 0.306250 0.410298 0.307813 0.406138 0.310937 0.406138 0.312500 0.393657 0.321875 0.391577 0.321875 0.389497 0.323437 0.387417 0.323437 0.385337 0.325000 0.383257 0.325000 0.379097 0.328125 0.379097 0.332812 0.329175 0.332812 0.329175 0.326562 0.325015 0.323437 0.322935 0.323437 0.316694 0.318750 0.316694 0.317187 0.312534 0.314062 0.312534 0.312500 0.308374 0.309375 0.308374 0.307813 0.304214 0.304688 0.297974 0.304688 0.297974 0.260937 0.304214 0.260937 0.316694 0.251562 0.318774 0.251562 0.322935 0.248437 0.325015 0.248437 0.329175 0.245312 0.331255 0.245312 0.333335 0.243750 0.335415 0.243750 0.341655 0.239062 0.341655 0.234375
0 0.616226 0.259375 0.616226 0.264062 0.620386 0.267187 0.622466 0.267187 0.634946 0.276562 0.634946 0.278125 0.639106 0.281250 0.645347 0.281250 0.645347 0.329687 0.637026 0.329687 0.634946 0.331250 0.634946 0.332812 0.632866 0.334375 0.632866 0.335938 0.626626 0.340625 0.626626 0.342187 0.620386 0.346875 0.618306 0.346875 0.616226 0.348437 0.612065 0.348437 0.609985 0.350000 0.603745 0.350000 0.601665 0.351562 0.599585 0.351562 0.597505 0.353125 0.597505 0.357812 0.572544 0.357812 0.572544 0.353125 0.570464 0.351562 0.568384 0.351562 0.566304 0.350000 0.560064 0.350000 0.557983 0.348437 0.555903 0.348437 0.543423 0.339062 0.543423 0.337500 0.541343 0.335938 0.541343 0.334375 0.537183 0.331250 0.530942 0.331250 0.530942 0.279687 0.537183 0.279687 0.553823 0.267187 0.555903 0.267187 0.560064 0.264062 0.560064 0.259375
0 0.302134 0.496875 0.302134 0.501562 0.306294 0.504687 0.310454 0.504687 0.312534 0.506250 0.314614 0.506250 0.316694 0.507812 0.318774 0.507812 0.322935 0.510937 0.325015 0.510937 0.327095 0.512500 0.329175 0.512500 0.337495 0.518750 0.339575 0.518750 0.339575 0.520312 0.345815 0.525000 0.345815 0.526562 0.352056 0.531250 0.352056 0.532812 0.356216 0.535937 0.362456 0.535937 0.362456 0.578125 0.356216 0.578125 0.343735 0.587500 0.343735 0.589062 0.329175 0.600000 0.327095 0.600000 0.320855 0.604687 0.318774 0.604687 0.312534 0.609375 0.312534 0.614062 0.262612 0.614062 0.262612 0.609375 0.258452 0.606250 0.256372 0.606250 0.254292 0.604687 0.252212 0.604687 0.250132 0.603125 0.245972 0.603125 0.239731 0.598437 0.237651 0.598437 0.227251 0.590625 0.227251 0.589062 0.221011 0.584375 0.221011 0.582812 0.218931 0.581250 0.218931 0.579687 0.216851 0.578125 0.216851 0.575000 0.212690 0.571875 0.206450 0.571875 0.206450 0.540625 0.212690 0.540625 0.216851 0.537500 0.216851 0.534375 0.218931 0.532812 0.218931 0.531250 0.221011 0.529687 0.221011 0.528125 0.227251 0.523437 0.227251 0.521875 0.237651 0.514062 0.239731 0.514062 0.243892 0.510937 0.245972 0.510937 0.248052 0.509375 0.250132 0.509375 0.252212 0.507812 0.254292 0.507812 0.256372 0.506250 0.260532 0.506250 0.262612 0.504687 0.266773 0.504687 0.270933 0.501562 0.270933 0.496875
1 0.347896 0.421875 0.347896 0.426562 0.352056 0.429688 0.354136 0.429688 0.362456 0.435937 0.364536 0.435937 0.377017 0.445312 0.377017 0.446875 0.381177 0.450000 0.387417 0.450000 0.387417 0.492188 0.381177 0.492188 0.377017 0.495312 0.377017 0.498437 0.374937 0.500000 0.374937 0.501562 0.372856 0.503125 0.372856 0.504687 0.364536 0.510937 0.362456 0.510937 0.360376 0.512500 0.358296 0.512500 0.354136 0.515625 0.354136 0.520312 0.329175 0.520312 0.329175 0.514062 0.325015 0.510937 0.322935 0.510937 0.320855 0.509375 0.318774 0.509375 0.316694 0.507812 0.312534 0.507812 0.308374 0.504687 0.304214 0.504687 0.302134 0.503125 0.293814 0.503125 0.291733 0.501562 0.287573 0.501562 0.285493 0.500000 0.283413 0.500000 0.281333 0.498437 0.279253 0.498437 0.277173 0.496875 0.275093 0.496875 0.268853 0.492188 0.268853 0.490625 0.262612 0.485937 0.256372 0.485937 0.256372 0.456250 0.262612 0.456250 0.266773 0.453125 0.266773 0.451562 0.268853 0.450000 0.268853 0.448437 0.277173 0.442187 0.277173 0.440625 0.279253 0.439062 0.281333 0.439062 0.293814 0.429688 0.295894 0.429688 0.297974 0.428125 0.297974 0.421875
0 0.655747 0.421875 0.655747 0.426562 0.659907 0.429688 0.661987 0.429688 0.664067 0.431250 0.668228 0.431250 0.670308 0.432812 0.672388 0.432812 0.674468 0.434375 0.678628 0.434375 0.680708 0.435937 0.682788 0.435937 0.686948 0.439062 0.689028 0.439062 0.705669 0.451562 0.705669 0.453125 0.709829 0.456250 0.709829 0.457812 0.713989 0.460938 0.720230 0.460938 0.720230 0.512500 0.713989 0.512500 0.709829 0.515625 0.709829 0.517187 0.699429 0.525000 0.699429 0.526562 0.689028 0.534375 0.686948 0.534375 0.682788 0.537500 0.680708 0.537500 0.676548 0.540625 0.676548 0.545312 0.607905 0.545312 0.607905 0.540625 0.603745 0.537500 0.601665 0.537500 0.599585 0.535937 0.597505 0.535937 0.593345 0.532812 0.591265 0.532812 0.576704 0.521875 0.576704 0.520312 0.574624 0.518750 0.574624 0.517187 0.570464 0.514062 0.570464 0.512500 0.568384 0.510937 0.568384 0.509375 0.566304 0.507812 0.566304 0.503125 0.562144 0.500000 0.555903 0.500000 0.555903 0.464062 0.562144 0.464062 0.564224 0.462500 0.564224 0.460938 0.566304 0.459375 0.566304 0.457812 0.568384 0.456250 0.568384 0.454687 0.576704 0.448437 0.576704 0.446875 0.578784 0.445312 0.580864 0.445312 0.589185 0.439062 0.591265 0.439062 0.595425 0.435937 0.597505 0.435937 0.599585 0.434375 0.601665 0.434375 0.603745 0.432812 0.605825 0.432812 0.607905 0.431250 0.609985 0.431250 0.612065 0.429688 0.614146 0.429688 0.616226 0.428125 0.618306 0.428125 0.620386 0.426562 0.620386 0.421875
1 0.986479 0.321875 0.986479 0.326562 0.996880 0.334375 0.998960 0.334375 1.000000 0.335938 1.000000 0.337500 1.000000 0.340625 1.000000 0.340625 1.000000 0.385937 1.000000 0.385937 1.000000 0.387500 1.000000 0.389062 1.000000 0.390625 1.000000 0.393750 0.988560 0.403125 0.986479 0.403125 0.984399 0.404687 0.982319 0.404687 0.978159 0.407812 0.976079 0.407812 0.971919 0.410937 0.967759 0.410937 0.965679 0.412500 0.961519 0.412500 0.959438 0.414062 0.957358 0.414062 0.955278 0.415625 0.955278 0.420312 0.926157 0.420312 0.926157 0.415625 0.921997 0.412500 0.919917 0.412500 0.917837 0.410937 0.915757 0.410937 0.911597 0.407812 0.909517 0.407812 0.892876 0.395312 0.892876 0.393750 0.886636 0.389062 0.880396 0.389062 0.880396 0.351562 0.886636 0.351562 0.890796 0.348437 0.890796 0.346875 0.892876 0.345312 0.892876 0.343750 0.903276 0.335938 0.905356 0.335938 0.911597 0.331250 0.913677 0.331250 0.915757 0.329687 0.917837 0.329687 0.919917 0.328125 0.919917 0.321875
0 0.555903 0.628125 0.555903 0.632812 0.557983 0.634375 0.562144 0.634375 0.564224 0.635937 0.570464 0.635937 0.574624 0.639062 0.576704 0.639062 0.580864 0.642187 0.582944 0.642187 0.589185 0.646875 0.591265 0.646875 0.599585 0.653125 0.599585 0.654687 0.607905 0.660937 0.607905 0.662500 0.609985 0.664062 0.609985 0.665625 0.614146 0.668750 0.620386 0.668750 0.620386 0.717187 0.614146 0.717187 0.607905 0.721875 0.607905 0.723437 0.605825 0.725000 0.605825 0.726562 0.597505 0.732812 0.597505 0.734375 0.589185 0.740625 0.587104 0.740625 0.580864 0.745312 0.578784 0.745312 0.576704 0.746875 0.574624 0.746875 0.572544 0.748437 0.570464 0.748437 0.568384 0.750000 0.566304 0.750000 0.562144 0.753125 0.562144 0.757812 0.501821 0.757812 0.501821 0.753125 0.497661 0.750000 0.495581 0.750000 0.493501 0.748437 0.491421 0.748437 0.489341 0.746875 0.487261 0.746875 0.485181 0.745312 0.483101 0.745312 0.462300 0.729687 0.462300 0.728125 0.458140 0.725000 0.458140 0.723437 0.453979 0.720312 0.453979 0.718750 0.451899 0.717187 0.451899 0.714062 0.449819 0.712500 0.449819 0.709375 0.445659 0.706250 0.439419 0.706250 0.439419 0.670312 0.445659 0.670312 0.449819 0.667187 0.449819 0.664062 0.453979 0.660937 0.453979 0.659375 0.458140 0.656250 0.458140 0.654687 0.476860 0.640625 0.478940 0.640625 0.481021 0.639062 0.481021 0.637500 0.483101 0.637500 0.485181 0.635937 0.487261 0.635937 0.489341 0.634375 0.491421 0.634375 0.493501 0.632812 0.493501 0.628125
0 0.420698 0.346875 0.420698 0.351562 0.422778 0.353125 0.424858 0.353125 0.426938 0.354687 0.431099 0.354687 0.439419 0.360937 0.441499 0.360937 0.445659 0.364062 0.445659 0.365625 0.451899 0.370312 0.451899 0.371875 0.453979 0.373437 0.462300 0.373437 0.462300 0.414062 0.456060 0.414062 0.447739 0.420312 0.445659 0.420312 0.439419 0.425000 0.437339 0.425000 0.435259 0.426562 0.433179 0.426562 0.431099 0.428125 0.429019 0.428125 0.426938 0.429688 0.424858 0.429688 0.422778 0.431250 0.420698 0.431250 0.416538 0.434375 0.416538 0.439062 0.364536 0.439062 0.364536 0.432812 0.362456 0.431250 0.360376 0.431250 0.347896 0.421875 0.347896 0.420312 0.343735 0.417187 0.343735 0.415625 0.341655 0.414062 0.341655 0.412500 0.337495 0.409375 0.331255 0.409375 0.331255 0.376562 0.337495 0.376562 0.341655 0.373437 0.341655 0.371875 0.343735 0.370312 0.343735 0.368750 0.347896 0.365625 0.347896 0.364062 0.358296 0.356250 0.360376 0.356250 0.366616 0.351562 0.366616 0.346875
2 0.697349 0.553125 0.697349 0.557812 0.699429 0.559375 0.701509 0.559375 0.703589 0.560937 0.705669 0.560937 0.707749 0.562500 0.709829 0.562500 0.711909 0.564062 0.713989 0.564062 0.720230 0.568750 0.722310 0.568750 0.728550 0.573437 0.730630 0.573437 0.734790 0.576562 0.734790 0.578125 0.741030 0.582812 0.741030 0.584375 0.747271 0.589062 0.747271 0.590625 0.749351 0.592187 0.749351 0.595312 0.751431 0.596875 0.751431 0.600000 0.755591 0.603125 0.761831 0.603125 0.761831 0.632812 0.755591 0.632812 0.751431 0.635937 0.751431 0.640625 0.749351 0.642187 0.749351 0.643750 0.747271 0.645312 0.747271 0.646875 0.745190 0.648438 0.745190 0.650000 0.741030 0.653125 0.741030 0.654687 0.730630 0.662500 0.730630 0.664062 0.728550 0.664062 0.724390 0.667187 0.722310 0.667187 0.718149 0.670312 0.716069 0.670312 0.713989 0.671875 0.709829 0.671875 0.707749 0.673437 0.703589 0.673437 0.701509 0.675000 0.697349 0.675000 0.695269 0.676562 0.693188 0.676562 0.691108 0.678125 0.691108 0.682812 0.657827 0.682812 0.657827 0.678125 0.653667 0.675000 0.649507 0.675000 0.647427 0.673437 0.643267 0.673437 0.641187 0.671875 0.637026 0.671875 0.630786 0.667187 0.628706 0.667187 0.612065 0.654687 0.612065 0.653125 0.609985 0.651562 0.609985 0.648438 0.607905 0.646875 0.607905 0.645312 0.603745 0.642187 0.597505 0.642187 0.597505 0.590625 0.603745 0.590625 0.607905 0.587500 0.607905 0.585937 0.609985 0.584375 0.609985 0.582812 0.612065 0.581250 0.612065 0.579687 0.624546 0.570312 0.626626 0.570312 0.630786 0.567187 0.632866 0.567187 0.639106 0.562500 0.643267 0.562500 0.645347 0.560937 0.647427 0.560937 0.649507 0.559375 0.651587 0.559375 0.653667 0.557812 0.653667 0.553125
2 0.416538 0.578125 0.416538 0.584375 0.418618 0.585937 0.420698 0.585937 0.422778 0.587500 0.424858 0.587500 0.429019 0.590625 0.431099 0.590625 0.437339 0.595312 0.439419 0.595312 0.443579 0.598437 0.443579 0.600000 0.458140 0.610937 0.458140 0.612500 0.464380 0.617188 0.470620 0.617188 0.470620 0.642187 0.462300 0.642187 0.460220 0.643750 0.460220 0.648438 0.462300 0.650000 0.470620 0.650000 0.470620 0.656250 0.462300 0.656250 0.460220 0.657812 0.460220 0.659375 0.464380 0.662500 0.470620 0.662500 0.470620 0.695312 0.453979 0.695312 0.453979 0.689062 0.458140 0.685937 0.458140 0.679688 0.456060 0.678125 0.453979 0.678125 0.451899 0.676562 0.447739 0.676562 0.443579 0.673437 0.437339 0.673437 0.435259 0.675000 0.435259 0.676562 0.429019 0.681250 0.429019 0.682812 0.426938 0.684375 0.424858 0.684375 0.422778 0.685937 0.420698 0.685937 0.418618 0.687500 0.416538 0.687500 0.414458 0.689062 0.414458 0.695312 0.370776 0.695312 0.370776 0.689062 0.368696 0.687500 0.366616 0.687500 0.364536 0.685937 0.358296 0.685937 0.356216 0.684375 0.352056 0.684375 0.349976 0.682812 0.347896 0.682812 0.343735 0.679688 0.341655 0.679688 0.337495 0.676562 0.335415 0.676562 0.329175 0.671875 0.327095 0.671875 0.312534 0.660937 0.312534 0.659375 0.310454 0.657812 0.310454 0.656250 0.304214 0.651562 0.297974 0.651562 0.297974 0.618750 0.306294 0.618750 0.310454 0.615625 0.310454 0.610937 0.314614 0.607813 0.318774 0.607813 0.322935 0.604687 0.322935 0.603125 0.325015 0.603125 0.327095 0.601562 0.329175 0.601562 0.331255 0.600000 0.331255 0.598437 0.333335 0.596875 0.335415 0.596875 0.349976 0.585937 0.349976 0.584375 0.352056 0.582812 0.352056 0.578125
2 0.782632 0.846875 0.782632 0.853125 0.784712 0.854687 0.786792 0.854687 0.790952 0.857812 0.793032 0.857812 0.805513 0.867188 0.807593 0.867188 0.838794 0.890625 0.845034 0.890625 0.845034 0.956250 0.838794 0.956250 0.836714 0.957812 0.836714 0.959375 0.834634 0.960938 0.834634 0.962500 0.832554 0.964062 0.832554 0.965625 0.830474 0.967187 0.830474 0.968750 0.828394 0.970312 0.828394 0.971875 0.826313 0.973437 0.826313 0.976562 0.824233 0.978125 0.824233 0.981250 0.822153 0.982812 0.822153 0.984375 0.820073 0.985937 0.820073 0.987500 0.817993 0.989062 0.817993 0.990625 0.815913 0.992188 0.815913 0.993750 0.813833 0.995312 0.813833 0.998437 0.622466 0.998437 0.622466 0.985937 0.628706 0.985937 0.632866 0.982812 0.632866 0.979687 0.634946 0.978125 0.634946 0.976562 0.637026 0.975000 0.637026 0.973437 0.641187 0.970312 0.641187 0.967187 0.643267 0.965625 0.643267 0.962500 0.645347 0.960938 0.645347 0.959375 0.647427 0.957812 0.647427 0.956250 0.649507 0.954687 0.649507 0.953125 0.651587 0.951562 0.651587 0.948437 0.653667 0.946875 0.653667 0.945312 0.655747 0.943750 0.655747 0.942187 0.657827 0.940625 0.657827 0.939062 0.659907 0.937500 0.659907 0.935937 0.661987 0.934375 0.661987 0.932812 0.664067 0.931250 0.664067 0.929688 0.666147 0.928125 0.666147 0.926562 0.668228 0.925000 0.668228 0.921875 0.670308 0.920312 0.670308 0.918750 0.672388 0.917187 0.672388 0.915625 0.674468 0.914062 0.674468 0.912500 0.676548 0.910937 0.676548 0.907812 0.678628 0.906250 0.678628 0.904687 0.680708 0.903125 0.680708 0.901562 0.682788 0.900000 0.682788 0.896875 0.684868 0.895312 0.684868 0.890625 0.686948 0.889062 0.686948 0.887500 0.689028 0.885937 0.689028 0.882812 0.691108 0.881250 0.691108 0.878125 0.693188 0.876562 0.693188 0.873437 0.695269 0.871875 0.695269 0.870312 0.697349 0.868750 0.697349 0.867188 0.699429 0.865625 0.699429 0.864062 0.701509 0.862500 0.701509 0.860937 0.705669 0.857812 0.705669 0.856250 0.711909 0.851562 0.711909 0.846875
2 0.497661 0.265625 0.497661 0.270312 0.501821 0.273437 0.503901 0.273437 0.505981 0.275000 0.508062 0.275000 0.516382 0.281250 0.518462 0.281250 0.520542 0.282812 0.520542 0.284375 0.522622 0.285937 0.524702 0.285937 0.524702 0.287500 0.530942 0.292187 0.537183 0.292187 0.537183 0.343750 0.530942 0.343750 0.518462 0.353125 0.516382 0.353125 0.512222 0.356250 0.510142 0.356250 0.508062 0.357812 0.505981 0.357812 0.503901 0.359375 0.503901 0.364062 0.456060 0.364062 0.456060 0.359375 0.451899 0.356250 0.447739 0.356250 0.445659 0.354687 0.443579 0.354687 0.439419 0.351562 0.437339 0.351562 0.422778 0.340625 0.422778 0.339062 0.416538 0.334375 0.416538 0.332812 0.414458 0.331250 0.414458 0.329687 0.412378 0.328125 0.406138 0.328125 0.406138 0.306250 0.412378 0.306250 0.414458 0.304688 0.414458 0.303125 0.416538 0.301562 0.416538 0.300000 0.418618 0.298437 0.418618 0.295312 0.422778 0.292187 0.422778 0.290625 0.426938 0.287500 0.426938 0.285937 0.441499 0.275000 0.443579 0.275000 0.445659 0.273437 0.447739 0.273437 0.451899 0.270312 0.451899 0.265625
2 0.266773 0.359375 0.266773 0.365625 0.268853 0.367188 0.270933 0.367188 0.273013 0.368750 0.275093 0.368750 0.279253 0.371875 0.281333 0.371875 0.287573 0.376562 0.289653 0.376562 0.289653 0.378125 0.297974 0.384375 0.297974 0.385937 0.302134 0.389062 0.302134 0.390625 0.306294 0.393750 0.312534 0.393750 0.312534 0.421875 0.306294 0.421875 0.300054 0.426562 0.297974 0.426562 0.295894 0.428125 0.293814 0.428125 0.285493 0.434375 0.283413 0.434375 0.270933 0.443750 0.270933 0.445312 0.264692 0.450000 0.264692 0.451562 0.262612 0.453125 0.262612 0.454687 0.260532 0.456250 0.260532 0.457812 0.258452 0.459375 0.258452 0.464062 0.233491 0.464062 0.233491 0.459375 0.227251 0.454687 0.225171 0.454687 0.223091 0.453125 0.221011 0.453125 0.218931 0.451562 0.216851 0.451562 0.214771 0.450000 0.212690 0.450000 0.208530 0.446875 0.206450 0.446875 0.193970 0.437500 0.193970 0.435937 0.187730 0.431250 0.187730 0.429688 0.185649 0.428125 0.185649 0.425000 0.183569 0.423437 0.183569 0.421875 0.179409 0.418750 0.173169 0.418750 0.173169 0.396875 0.179409 0.396875 0.183569 0.393750 0.183569 0.392187 0.185649 0.390625 0.185649 0.389062 0.187730 0.387500 0.187730 0.385937 0.191890 0.382812 0.191890 0.381250 0.204370 0.371875 0.206450 0.371875 0.210610 0.368750 0.212690 0.368750 0.214771 0.367188 0.216851 0.367188 0.221011 0.364062 0.221011 0.359375
2 0.481021 0.421875 0.481021 0.426562 0.518462 0.454687 0.520542 0.454687 0.530942 0.462500 0.530942 0.464062 0.535103 0.467187 0.535103 0.470312 0.539263 0.473437 0.545503 0.473437 0.545503 0.514062 0.539263 0.514062 0.530942 0.520312 0.528862 0.520312 0.526782 0.521875 0.522622 0.521875 0.520542 0.523437 0.514302 0.523437 0.512222 0.525000 0.505981 0.525000 0.503901 0.526562 0.501821 0.526562 0.499741 0.528125 0.499741 0.532812 0.447739 0.532812 0.447739 0.528125 0.445659 0.526562 0.445659 0.525000 0.441499 0.521875 0.437339 0.521875 0.422778 0.510937 0.420698 0.510937 0.401978 0.496875 0.401978 0.495312 0.395737 0.490625 0.389497 0.490625 0.389497 0.450000 0.395737 0.450000 0.410298 0.439062 0.412378 0.439062 0.418618 0.434375 0.420698 0.434375 0.424858 0.431250 0.426938 0.431250 0.429019 0.429688 0.431099 0.429688 0.433179 0.428125 0.433179 0.421875
1 0.994800 0.626562 1.000000 0.626562 1.000000 0.732812 0.994800 0.732812 0.990640 0.735937 0.967759 0.735937 0.965679 0.737500 0.959438 0.737500 0.957358 0.739062 0.955278 0.739062 0.953198 0.740625 0.951118 0.740625 0.949038 0.742188 0.944878 0.742188 0.942798 0.743750 0.936558 0.743750 0.934478 0.745312 0.930317 0.745312 0.928237 0.746875 0.928237 0.751562 0.861675 0.751562 0.861675 0.746875 0.855435 0.742188 0.853354 0.742188 0.849194 0.739062 0.849194 0.737500 0.838794 0.729687 0.830474 0.729687 0.830474 0.657812 0.836714 0.657812 0.840874 0.654687 0.840874 0.653125 0.842954 0.651562 0.842954 0.650000 0.847114 0.646875 0.847114 0.645312 0.849194 0.643750 0.849194 0.640625 0.851274 0.639062 0.851274 0.637500 0.855435 0.634375 0.855435 0.632812 0.859595 0.629687 0.859595 0.628125 0.878315 0.614062 0.878315 0.609375 0.924077 0.609375 0.924077 0.615625 0.926157 0.617188 0.928237 0.617188 0.930317 0.618750 0.932397 0.618750 0.934478 0.620312 0.936558 0.620312 0.938638 0.621875 0.940718 0.621875 0.944878 0.625000 0.946958 0.625000 0.949038 0.626562 0.951118 0.626562 0.953198 0.628125 0.955278 0.628125 0.959438 0.631250 0.961519 0.631250 0.969839 0.637500 0.971919 0.637500 0.973999 0.639062 0.976079 0.639062 0.980239 0.642187 0.982319 0.642187 0.984399 0.643750 0.984399 0.645312 0.988560 0.648438 0.990640 0.648438 0.992720 0.646875 0.992720 0.643750 0.990640 0.642187 0.990640 0.632812 0.992720 0.631250 0.992720 0.628125 0.994800 0.626562 0.990640 0.617188 0.988560 0.617188 0.986479 0.615625 0.986479 0.609375 0.992720 0.609375 0.992720 0.615625 0.990640 0.617188
1 0.048364 0.529687 0.054605 0.529687 0.054605 0.545312 0.037964 0.545312 0.037964 0.540625 0.044204 0.535937 0.044204 0.534375 0.046284 0.532812 0.046284 0.531250 0.048364 0.529687 0.042124 0.520312 0.040044 0.520312 0.025483 0.531250 0.023403 0.531250 0.017163 0.535937 0.017163 0.537500 0.015083 0.539062 0.013003 0.539062 0.010923 0.540625 0.010923 0.545312 0.000000 0.545312 0.000000 0.428125 0.017163 0.428125 0.017163 0.434375 0.023403 0.439062 0.023403 0.440625 0.042124 0.454687 0.044204 0.454687 0.048364 0.457812 0.054605 0.457812 0.054605 0.517187 0.048364 0.517187 0.046284 0.518750 0.044204 0.518750 0.042124 0.520312
1 0.017163 0.428125 0.017163 0.434375 0.025483 0.440625 0.025483 0.442187 0.033804 0.448437 0.035884 0.448437 0.040044 0.451562 0.042124 0.451562 0.044204 0.453125 0.048364 0.453125 0.054605 0.448437 0.058765 0.448437 0.060845 0.446875 0.067085 0.446875 0.069165 0.445312 0.075405 0.445312 0.077485 0.446875 0.083726 0.446875 0.085806 0.448437 0.092046 0.448437 0.094126 0.450000 0.098286 0.450000 0.102446 0.453125 0.104526 0.453125 0.106606 0.454687 0.108687 0.454687 0.110767 0.456250 0.112847 0.456250 0.125327 0.465625 0.125327 0.467187 0.127407 0.468750 0.127407 0.470312 0.131567 0.473437 0.131567 0.475000 0.133648 0.476562 0.133648 0.478125 0.135728 0.479687 0.135728 0.481250 0.137808 0.482812 0.146128 0.482812 0.146128 0.514062 0.139888 0.514062 0.135728 0.517187 0.135728 0.520312 0.133648 0.521875 0.133648 0.525000 0.131567 0.526562 0.131567 0.528125 0.129487 0.529687 0.129487 0.531250 0.125327 0.534375 0.125327 0.535937 0.119087 0.540625 0.119087 0.542187 0.117007 0.543750 0.114927 0.543750 0.104526 0.551562 0.104526 0.553125 0.102446 0.554687 0.102446 0.556250 0.100366 0.557812 0.100366 0.560937 0.102446 0.562500 0.102446 0.567187 0.104526 0.568750 0.104526 0.582812 0.102446 0.584375 0.102446 0.585937 0.098286 0.589062 0.098286 0.590625 0.096206 0.590625 0.092046 0.593750 0.087886 0.593750 0.085806 0.595312 0.083726 0.595312 0.081646 0.596875 0.081646 0.601562 0.077485 0.601562 0.077485 0.596875 0.075405 0.595312 0.073325 0.595312 0.071245 0.593750 0.069165 0.593750 0.067085 0.592187 0.065005 0.592187 0.056685 0.585937 0.054605 0.585937 0.046284 0.579687 0.044204 0.579687 0.042124 0.578125 0.042124 0.576562 0.040044 0.575000 0.033804 0.575000 0.031724 0.573437 0.029644 0.573437 0.027563 0.575000 0.025483 0.575000 0.021323 0.578125 0.021323 0.581250 0.019243 0.582812 0.019243 0.584375 0.013003 0.589062 0.013003 0.592187 0.010923 0.593750 0.010923 0.601562 0.000000 0.601562 0.000000 0.428125
2 0.695269 0.346875 0.695269 0.351562 0.701509 0.356250 0.703589 0.356250 0.716069 0.365625 0.716069 0.367188 0.722310 0.371875 0.728550 0.371875 0.728550 0.412500 0.722310 0.412500 0.716069 0.417187 0.716069 0.418750 0.707749 0.425000 0.705669 0.425000 0.703589 0.426562 0.701509 0.426562 0.699429 0.428125 0.695269 0.428125 0.693188 0.429688 0.691108 0.429688 0.689028 0.431250 0.682788 0.431250 0.680708 0.432812 0.678628 0.431250 0.672388 0.431250 0.670308 0.429688 0.668228 0.429688 0.666147 0.428125 0.647427 0.428125 0.645347 0.426562 0.637026 0.426562 0.634946 0.425000 0.620386 0.425000 0.607905 0.415625 0.607905 0.414062 0.603745 0.410937 0.597505 0.410937 0.597505 0.373437 0.603745 0.373437 0.614146 0.365625 0.614146 0.364062 0.616226 0.364062 0.626626 0.356250 0.628706 0.356250 0.634946 0.351562 0.634946 0.346875
1 0.139888 0.945312 0.137808 0.946875 0.131567 0.946875 0.131567 0.940625 0.139888 0.940625 0.139888 0.945312 0.154448 0.946875 0.173169 0.946875 0.175249 0.945312 0.183569 0.945312 0.185649 0.946875 0.200210 0.946875 0.204370 0.943750 0.204370 0.942187 0.206450 0.940625 0.206450 0.935937 0.204370 0.934375 0.204370 0.932812 0.206450 0.932812 0.210610 0.929688 0.241812 0.929688 0.243892 0.931250 0.254292 0.931250 0.256372 0.932812 0.262612 0.932812 0.264692 0.934375 0.268853 0.934375 0.270933 0.935937 0.277173 0.935937 0.279253 0.937500 0.283413 0.937500 0.285493 0.939062 0.289653 0.939062 0.293814 0.942187 0.297974 0.942187 0.300054 0.943750 0.304214 0.943750 0.306294 0.945312 0.308374 0.945312 0.310454 0.946875 0.312534 0.946875 0.314614 0.948437 0.316694 0.948437 0.318774 0.950000 0.322935 0.950000 0.327095 0.953125 0.329175 0.953125 0.331255 0.954687 0.337495 0.950000 0.337495 0.948437 0.339575 0.946875 0.339575 0.943750 0.337495 0.942187 0.337495 0.932812 0.339575 0.932812 0.341655 0.931250 0.347896 0.931250 0.349976 0.929688 0.366616 0.929688 0.368696 0.931250 0.379097 0.931250 0.381177 0.932812 0.389497 0.932812 0.391577 0.934375 0.395737 0.934375 0.397817 0.935937 0.401978 0.935937 0.404058 0.937500 0.406138 0.937500 0.408218 0.939062 0.412378 0.939062 0.416538 0.942187 0.418618 0.942187 0.420698 0.943750 0.422778 0.943750 0.424858 0.945312 0.426938 0.945312 0.429019 0.946875 0.431099 0.946875 0.435259 0.950000 0.437339 0.950000 0.449819 0.959375 0.449819 0.960938 0.458140 0.967187 0.458140 0.968750 0.460220 0.970312 0.460220 0.971875 0.464380 0.975000 0.464380 0.976562 0.466460 0.978125 0.466460 0.979687 0.468540 0.981250 0.468540 0.982812 0.472700 0.985937 0.478940 0.985937 0.478940 0.998437 0.131567 0.998437 0.131567 0.964062 0.137808 0.964062 0.141968 0.960938 0.141968 0.959375 0.144048 0.959375 0.154448 0.951562 0.154448 0.946875