1 0.647427 0.528125 0.647427 0.532812 0.651587 0.535937 0.653667 0.535937 0.659907 0.540625 0.661987 0.540625 0.674468 0.550000 0.674468 0.551562 0.676548 0.553125 0.676548 0.554687 0.678628 0.556250 0.678628 0.557812 0.680708 0.559375 0.686948 0.559375 0.686948 0.598437 0.680708 0.598437 0.674468 0.603125 0.674468 0.604687 0.672388 0.606250 0.670308 0.606250 0.668228 0.607813 0.668228 0.609375 0.661987 0.614062 0.659907 0.614062 0.653667 0.618750 0.651587 0.618750 0.647427 0.621875 0.647427 0.626562 0.587104 0.626562 0.587104 0.621875 0.582944 0.618750 0.580864 0.618750 0.578784 0.617188 0.574624 0.617188 0.572544 0.615625 0.570464 0.615625 0.553823 0.603125 0.547583 0.603125 0.547583 0.554687 0.555903 0.554687 0.564224 0.548437 0.568384 0.548437 0.570464 0.546875 0.572544 0.546875 0.576704 0.543750 0.580864 0.543750 0.589185 0.537500 0.591265 0.537500 0.593345 0.535937 0.595425 0.535937 0.599585 0.532812 0.599585 0.528125
0 0.716069 0.615625 0.716069 0.620312 0.718149 0.621875 0.720230 0.621875 0.722310 0.623438 0.724390 0.623438 0.726470 0.625000 0.728550 0.625000 0.734790 0.629687 0.736870 0.629687 0.741030 0.632812 0.741030 0.634375 0.747271 0.639062 0.747271 0.640625 0.749351 0.642187 0.749351 0.643750 0.751431 0.645312 0.751431 0.646875 0.755591 0.650000 0.761831 0.650000 0.761831 0.693750 0.755591 0.693750 0.751431 0.696875 0.751431 0.698437 0.749351 0.700000 0.749351 0.703125 0.745190 0.706250 0.745190 0.707812 0.726470 0.721875 0.726470 0.726562 0.655747 0.726562 0.655747 0.721875 0.651587 0.718750 0.649507 0.718750 0.647427 0.717187 0.645347 0.717187 0.639106 0.712500 0.637026 0.712500 0.626626 0.704687 0.626626 0.703125 0.618306 0.696875 0.618306 0.693750 0.616226 0.692187 0.616226 0.690625 0.612065 0.687500 0.605825 0.687500 0.605825 0.656250 0.612065 0.656250 0.616226 0.653125 0.616226 0.650000 0.618306 0.648438 0.618306 0.646875 0.624546 0.642187 0.624546 0.640625 0.639106 0.629687 0.641187 0.629687 0.649507 0.623438 0.653667 0.623438 0.657827 0.620312 0.657827 0.615625
0 0.414458 0.396875 0.414458 0.401562 0.416538 0.403125 0.418618 0.403125 0.420698 0.404687 0.424858 0.404687 0.426938 0.406250 0.429019 0.406250 0.431099 0.407812 0.433179 0.407812 0.435259 0.409375 0.437339 0.409375 0.458140 0.425000 0.458140 0.426562 0.460220 0.428125 0.460220 0.429688 0.464380 0.432812 0.470620 0.432812 0.470620 0.465625 0.462300 0.465625 0.453979 0.471875 0.453979 0.475000 0.443579 0.482812 0.441499 0.482812 0.435259 0.487500 0.435259 0.489062 0.433179 0.490625 0.433179 0.495312 0.370776 0.495312 0.370776 0.490625 0.366616 0.487500 0.364536 0.487500 0.352056 0.478125 0.352056 0.476562 0.349976 0.475000 0.349976 0.473437 0.345815 0.470312 0.339575 0.470312 0.339575 0.426562 0.345815 0.426562 0.349976 0.423437 0.349976 0.421875 0.364536 0.410937 0.366616 0.410937 0.372856 0.406250 0.374937 0.406250 0.377017 0.404687 0.379097 0.404687 0.383257 0.401562 0.383257 0.396875
0 0.689028 0.409375 0.689028 0.415625 0.691108 0.417187 0.693188 0.417187 0.695269 0.418750 0.697349 0.418750 0.699429 0.420312 0.701509 0.420312 0.705669 0.423437 0.707749 0.423437 0.718149 0.431250 0.718149 0.432812 0.724390 0.437500 0.724390 0.439062 0.726470 0.440625 0.726470 0.442187 0.728550 0.443750 0.728550 0.445312 0.730630 0.446875 0.736870 0.446875 0.736870 0.479687 0.730630 0.479687 0.726470 0.482812 0.726470 0.484375 0.724390 0.485937 0.724390 0.487500 0.720230 0.490625 0.720230 0.492188 0.705669 0.503125 0.703589 0.503125 0.699429 0.506250 0.697349 0.506250 0.693188 0.509375 0.693188 0.514062 0.628706 0.514062 0.628706 0.509375 0.622466 0.504687 0.620386 0.504687 0.605825 0.493750 0.605825 0.492188 0.601665 0.489062 0.601665 0.487500 0.599585 0.485937 0.599585 0.482812 0.595425 0.479687 0.589185 0.479687 0.589185 0.442187 0.595425 0.442187 0.599585 0.439062 0.599585 0.437500 0.601665 0.435937 0.601665 0.434375 0.607905 0.429688 0.607905 0.428125 0.612065 0.425000 0.614146 0.425000 0.620386 0.420312 0.622466 0.420312 0.624546 0.418750 0.626626 0.418750 0.628706 0.417187 0.630786 0.417187 0.634946 0.414062 0.634946 0.409375
1 0.416538 0.496875 0.416538 0.501562 0.420698 0.504687 0.424858 0.504687 0.431099 0.509375 0.435259 0.509375 0.449819 0.520312 0.449819 0.521875 0.456060 0.526562 0.456060 0.528125 0.460220 0.531250 0.460220 0.532812 0.462300 0.534375 0.470620 0.534375 0.470620 0.570312 0.464380 0.570312 0.453979 0.578125 0.451899 0.578125 0.447739 0.581250 0.445659 0.581250 0.443579 0.582812 0.441499 0.582812 0.439419 0.584375 0.437339 0.584375 0.433179 0.587500 0.429019 0.587500 0.426938 0.589062 0.424858 0.589062 0.422778 0.590625 0.422778 0.595312 0.364536 0.595312 0.364536 0.590625 0.360376 0.587500 0.356216 0.587500 0.354136 0.585937 0.352056 0.585937 0.349976 0.584375 0.347896 0.584375 0.343735 0.581250 0.341655 0.581250 0.331255 0.573437 0.322935 0.573437 0.322935 0.534375 0.329175 0.534375 0.333335 0.531250 0.333335 0.529687 0.335415 0.528125 0.335415 0.526562 0.337495 0.525000 0.337495 0.523437 0.341655 0.520312 0.341655 0.518750 0.354136 0.509375 0.356216 0.509375 0.360376 0.506250 0.362456 0.506250 0.368696 0.501562 0.368696 0.496875
1 0.568384 0.371875 0.568384 0.378125 0.572544 0.381250 0.574624 0.381250 0.576704 0.382812 0.576704 0.384375 0.578784 0.385937 0.578784 0.387500 0.580864 0.389062 0.580864 0.390625 0.582944 0.392187 0.582944 0.393750 0.585024 0.395312 0.585024 0.396875 0.589185 0.400000 0.595425 0.400000 0.595425 0.434375 0.589185 0.434375 0.585024 0.437500 0.585024 0.440625 0.580864 0.443750 0.578784 0.443750 0.576704 0.445312 0.576704 0.446875 0.574624 0.448437 0.572544 0.448437 0.564224 0.454687 0.562144 0.454687 0.560064 0.456250 0.557983 0.456250 0.555903 0.457812 0.553823 0.457812 0.551743 0.459375 0.551743 0.464062 0.518462 0.464062 0.518462 0.459375 0.516382 0.457812 0.514302 0.457812 0.512222 0.456250 0.508062 0.456250 0.505981 0.454687 0.503901 0.454687 0.501821 0.453125 0.499741 0.453125 0.495581 0.450000 0.493501 0.450000 0.483101 0.442187 0.483101 0.440625 0.481021 0.439062 0.472700 0.439062 0.472700 0.393750 0.478940 0.393750 0.485181 0.389062 0.485181 0.387500 0.493501 0.381250 0.493501 0.379687 0.495581 0.378125 0.495581 0.371875
0 0.545503 0.259375 0.545503 0.264062 0.549663 0.267187 0.551743 0.267187 0.555903 0.270312 0.557983 0.270312 0.566304 0.276562 0.566304 0.278125 0.568384 0.279687 0.568384 0.281250 0.570464 0.282812 0.578784 0.282812 0.578784 0.331250 0.572544 0.331250 0.566304 0.335938 0.566304 0.337500 0.555903 0.345312 0.553823 0.345312 0.549663 0.348437 0.547583 0.348437 0.545503 0.350000 0.541343 0.350000 0.537183 0.353125 0.537183 0.357812 0.499741 0.357812 0.499741 0.353125 0.493501 0.348437 0.491421 0.348437 0.481021 0.340625 0.481021 0.339062 0.478940 0.337500 0.478940 0.335938 0.474780 0.332812 0.474780 0.331250 0.470620 0.328125 0.470620 0.326562 0.462300 0.320312 0.456060 0.320312 0.456060 0.285937 0.462300 0.285937 0.466460 0.282812 0.466460 0.281250 0.470620 0.278125 0.470620 0.276562 0.472700 0.275000 0.474780 0.275000 0.483101 0.268750 0.485181 0.268750 0.487261 0.267187 0.489341 0.267187 0.493501 0.264062 0.493501 0.259375
1 0.320855 0.309375 0.320855 0.314062 0.325015 0.317187 0.327095 0.317187 0.331255 0.320312 0.333335 0.320312 0.341655 0.326562 0.341655 0.328125 0.343735 0.329687 0.343735 0.331250 0.347896 0.334375 0.347896 0.335938 0.349976 0.337500 0.349976 0.340625 0.352056 0.342187 0.352056 0.343750 0.356216 0.346875 0.362456 0.346875 0.362456 0.371875 0.356216 0.371875 0.352056 0.375000 0.352056 0.378125 0.349976 0.379687 0.349976 0.381250 0.329175 0.396875 0.327095 0.396875 0.325015 0.398438 0.320855 0.398438 0.318774 0.400000 0.316694 0.400000 0.312534 0.403125 0.312534 0.407812 0.287573 0.407812 0.287573 0.403125 0.283413 0.400000 0.281333 0.400000 0.279253 0.398438 0.275093 0.398438 0.273013 0.396875 0.268853 0.396875 0.264692 0.393750 0.262612 0.393750 0.258452 0.390625 0.256372 0.390625 0.254292 0.389062 0.254292 0.387500 0.245972 0.381250 0.239731 0.381250 0.239731 0.332812 0.245972 0.332812 0.248052 0.331250 0.248052 0.329687 0.250132 0.328125 0.250132 0.326562 0.260532 0.318750 0.262612 0.318750 0.264692 0.317187 0.266773 0.317187 0.268853 0.315625 0.268853 0.309375
2 0.297974 0.453125 0.297974 0.457812 0.302134 0.460938 0.304214 0.460938 0.306294 0.462500 0.308374 0.462500 0.310454 0.464062 0.312534 0.464062 0.320855 0.470312 0.322935 0.470312 0.322935 0.471875 0.327095 0.475000 0.327095 0.476562 0.329175 0.478125 0.337495 0.478125 0.337495 0.531250 0.331255 0.531250 0.327095 0.534375 0.327095 0.535937 0.325015 0.537500 0.325015 0.539062 0.320855 0.542187 0.320855 0.543750 0.308374 0.553125 0.306294 0.553125 0.304214 0.554687 0.302134 0.554687 0.300054 0.556250 0.297974 0.556250 0.295894 0.557812 0.293814 0.557812 0.291733 0.559375 0.291733 0.564062 0.260532 0.564062 0.260532 0.559375 0.258452 0.557812 0.256372 0.557812 0.254292 0.556250 0.250132 0.556250 0.248052 0.554687 0.243892 0.554687 0.241812 0.553125 0.239731 0.553125 0.237651 0.551562 0.235571 0.551562 0.229331 0.546875 0.227251 0.546875 0.225171 0.545312 0.225171 0.543750 0.223091 0.542187 0.221011 0.542187 0.218931 0.540625 0.218931 0.539062 0.212690 0.534375 0.206450 0.534375 0.206450 0.484375 0.212690 0.484375 0.218931 0.479687 0.218931 0.478125 0.225171 0.473437 0.225171 0.471875 0.235571 0.464062 0.237651 0.464062 0.239731 0.462500 0.241812 0.462500 0.243892 0.460938 0.245972 0.460938 0.250132 0.457812 0.250132 0.453125
2 0.478940 0.303125 0.478940 0.376562 0.472700 0.376562 0.466460 0.381250 0.466460 0.382812 0.456060 0.390625 0.453979 0.390625 0.451899 0.392187 0.449819 0.392187 0.447739 0.393750 0.445659 0.393750 0.441499 0.396875 0.441499 0.401562 0.397817 0.401562 0.397817 0.396875 0.393657 0.393750 0.391577 0.393750 0.389497 0.392187 0.387417 0.392187 0.385337 0.390625 0.383257 0.390625 0.374937 0.384375 0.374937 0.382812 0.370776 0.379687 0.370776 0.378125 0.368696 0.376562 0.368696 0.375000 0.362456 0.370312 0.356216 0.370312 0.356216 0.335938 0.362456 0.335938 0.366616 0.332812 0.366616 0.331250 0.368696 0.329687 0.368696 0.328125 0.370776 0.326562 0.370776 0.325000 0.387417 0.312500 0.389497 0.312500 0.391577 0.310937 0.393657 0.310937 0.397817 0.307813 0.397817 0.303125 0.433179 0.303125 0.433179 0.307813 0.437339 0.310937 0.441499 0.310937 0.443579 0.312500 0.445659 0.312500 0.447739 0.314062 0.449819 0.314062 0.456060 0.318750 0.462300 0.318750 0.466460 0.315625 0.466460 0.314062 0.462300 0.310937 0.462300 0.303125
1 0.019243 0.590625 0.019243 0.595312 0.023403 0.598437 0.027563 0.598437 0.029644 0.600000 0.031724 0.600000 0.035884 0.603125 0.037964 0.603125 0.048364 0.610937 0.050444 0.610937 0.050444 0.612500 0.056685 0.617188 0.056685 0.618750 0.060845 0.621875 0.060845 0.623438 0.067085 0.628125 0.067085 0.629687 0.069165 0.631250 0.069165 0.632812 0.073325 0.635937 0.079565 0.635937 0.079565 0.703125 0.073325 0.703125 0.069165 0.706250 0.069165 0.707812 0.062925 0.712500 0.062925 0.714062 0.054605 0.720312 0.054605 0.721875 0.050444 0.725000 0.048364 0.725000 0.033804 0.735937 0.031724 0.735937 0.025483 0.740625 0.023403 0.740625 0.021323 0.742188 0.017163 0.742188 0.015083 0.743750 0.013003 0.743750 0.008843 0.746875 0.008843 0.751562 0.000000 0.751562 0.000000 0.590625
1 1.000000 0.471875 1.000000 0.601562 0.940718 0.601562 0.940718 0.596875 0.936558 0.593750 0.934478 0.593750 0.932397 0.592187 0.930317 0.592187 0.928237 0.590625 0.926157 0.590625 0.924077 0.589062 0.913677 0.589062 0.913677 0.496875 0.919917 0.496875 0.924077 0.493750 0.924077 0.492188 0.926157 0.490625 0.926157 0.489062 0.934478 0.482812 0.934478 0.481250 0.940718 0.476562 0.940718 0.471875
1 0.175249 0.590625 0.175249 0.595312 0.181489 0.600000 0.183569 0.600000 0.196050 0.609375 0.198130 0.609375 0.210610 0.618750 0.212690 0.618750 0.235571 0.635937 0.235571 0.637500 0.237651 0.639062 0.245972 0.639062 0.245972 0.687500 0.239731 0.687500 0.237651 0.689062 0.237651 0.690625 0.235571 0.692187 0.235571 0.693750 0.233491 0.695312 0.233491 0.696875 0.235571 0.698437 0.235571 0.701562 0.237651 0.703125 0.245972 0.703125 0.245972 0.718750 0.239731 0.718750 0.227251 0.728125 0.225171 0.728125 0.223091 0.729687 0.198130 0.729687 0.196050 0.728125 0.193970 0.729687 0.177329 0.729687 0.175249 0.731250 0.166929 0.731250 0.164849 0.732812 0.158608 0.732812 0.156528 0.734375 0.148208 0.734375 0.146128 0.735937 0.144048 0.735937 0.137808 0.740625 0.135728 0.740625 0.131567 0.743750 0.131567 0.745312 0.129487 0.746875 0.129487 0.751562 0.085806 0.751562 0.085806 0.745312 0.083726 0.743750 0.081646 0.743750 0.079565 0.742188 0.073325 0.742188 0.073325 0.637500 0.079565 0.637500 0.083726 0.634375 0.083726 0.631250 0.085806 0.629687 0.085806 0.628125 0.087886 0.626562 0.087886 0.625000 0.094126 0.620312 0.094126 0.618750 0.100366 0.614062 0.100366 0.612500 0.102446 0.610937 0.102446 0.609375 0.106606 0.606250 0.106606 0.604687 0.108687 0.603125 0.108687 0.601562 0.117007 0.595312 0.117007 0.590625
0 0.478940 0.704687 0.487261 0.704687 0.491421 0.701562 0.491421 0.700000 0.495581 0.696875 0.503901 0.696875 0.503901 0.714062 0.476860 0.714062 0.476860 0.709375 0.478940 0.707812 0.478940 0.704687 0.478940 0.700000 0.472700 0.700000 0.466460 0.704687 0.462300 0.704687 0.460220 0.706250 0.451899 0.706250 0.449819 0.707812 0.445659 0.707812 0.443579 0.709375 0.443579 0.714062 0.406138 0.714062 0.406138 0.709375 0.401978 0.706250 0.397817 0.706250 0.395737 0.704687 0.393657 0.704687 0.391577 0.703125 0.389497 0.703125 0.387417 0.701562 0.385337 0.701562 0.381177 0.698437 0.379097 0.698437 0.360376 0.684375 0.360376 0.682812 0.356216 0.679688 0.356216 0.678125 0.354136 0.676562 0.354136 0.675000 0.349976 0.671875 0.349976 0.670312 0.345815 0.667187 0.345815 0.665625 0.343735 0.664062 0.343735 0.662500 0.341655 0.660937 0.341655 0.657812 0.337495 0.654687 0.331255 0.654687 0.331255 0.629687 0.337495 0.629687 0.339575 0.628125 0.339575 0.626562 0.341655 0.625000 0.341655 0.621875 0.343735 0.620312 0.343735 0.618750 0.345815 0.617188 0.345815 0.615625 0.347896 0.614062 0.347896 0.612500 0.354136 0.607813 0.354136 0.606250 0.356216 0.606250 0.366616 0.598437 0.368696 0.598437 0.372856 0.595312 0.372856 0.590625 0.460220 0.590625 0.460220 0.595312 0.464380 0.598437 0.466460 0.598437 0.468540 0.600000 0.470620 0.600000 0.474780 0.603125 0.476860 0.603125 0.481021 0.606250 0.483101 0.606250 0.489341 0.610937 0.489341 0.612500 0.493501 0.615625 0.493501 0.617188 0.497661 0.620312 0.503901 0.620312 0.503901 0.681250 0.497661 0.681250 0.493501 0.684375 0.493501 0.685937 0.491421 0.687500 0.489341 0.687500 0.485181 0.690625 0.485181 0.692187 0.483101 0.693750 0.483101 0.695312 0.478940 0.698437 0.478940 0.700000
2 0.795112 0.509375 0.795112 0.514062 0.799272 0.517187 0.801353 0.517187 0.805513 0.520312 0.807593 0.520312 0.824233 0.532812 0.824233 0.534375 0.828394 0.537500 0.836714 0.537500 0.836714 0.589062 0.830474 0.589062 0.824233 0.593750 0.824233 0.595312 0.809673 0.606250 0.807593 0.606250 0.803433 0.609375 0.801353 0.609375 0.797192 0.612500 0.793032 0.612500 0.788872 0.615625 0.788872 0.620312 0.736870 0.620312 0.736870 0.615625 0.732710 0.612500 0.728550 0.612500 0.705669 0.595312 0.705669 0.593750 0.701509 0.590625 0.701509 0.589062 0.695269 0.584375 0.689028 0.584375 0.689028 0.545312 0.695269 0.545312 0.701509 0.540625 0.701509 0.539062 0.703589 0.537500 0.703589 0.535937 0.720230 0.523437 0.722310 0.523437 0.726470 0.520312 0.728550 0.520312 0.730630 0.518750 0.732710 0.518750 0.738950 0.514062 0.738950 0.509375
1 0.894956 0.215625 0.894956 0.220312 0.899116 0.223437 0.901196 0.223437 0.903276 0.225000 0.905356 0.225000 0.907437 0.226562 0.907437 0.228125 0.909517 0.229687 0.911597 0.229687 0.915757 0.232812 0.915757 0.234375 0.919917 0.237500 0.928237 0.237500 0.928237 0.281250 0.919917 0.281250 0.913677 0.285937 0.913677 0.287500 0.892876 0.303125 0.884556 0.303125 0.882476 0.301562 0.880396 0.301562 0.878315 0.300000 0.876235 0.301562 0.874155 0.301562 0.869995 0.304688 0.867915 0.304688 0.863755 0.307813 0.863755 0.314062 0.836714 0.314062 0.836714 0.307813 0.834634 0.306250 0.832554 0.306250 0.830474 0.304688 0.828394 0.304688 0.820073 0.298437 0.817993 0.298437 0.815913 0.296875 0.815913 0.295312 0.811753 0.292187 0.805513 0.292187 0.805513 0.248437 0.813833 0.248437 0.815913 0.246875 0.815913 0.245312 0.820073 0.242188 0.820073 0.240625 0.834634 0.229687 0.836714 0.229687 0.845034 0.223437 0.847114 0.223437 0.851274 0.220312 0.851274 0.215625
2 0.647427 0.315625 0.647427 0.320312 0.649507 0.321875 0.651587 0.321875 0.653667 0.323437 0.657827 0.323437 0.659907 0.325000 0.661987 0.325000 0.664067 0.326562 0.666147 0.326562 0.670308 0.329687 0.672388 0.329687 0.691108 0.343750 0.691108 0.345312 0.693188 0.346875 0.693188 0.348437 0.697349 0.351562 0.703589 0.351562 0.703589 0.381250 0.697349 0.381250 0.691108 0.385937 0.691108 0.387500 0.689028 0.387500 0.686948 0.389062 0.686948 0.390625 0.684868 0.392187 0.684868 0.395312 0.674468 0.403125 0.672388 0.403125 0.670308 0.404687 0.668228 0.404687 0.666147 0.406250 0.664067 0.406250 0.661987 0.407812 0.659907 0.407812 0.657827 0.409375 0.657827 0.414062 0.607905 0.414062 0.607905 0.409375 0.585024 0.392187 0.585024 0.390625 0.582944 0.389062 0.582944 0.385937 0.578784 0.382812 0.572544 0.382812 0.572544 0.346875 0.578784 0.346875 0.585024 0.342187 0.585024 0.340625 0.593345 0.334375 0.593345 0.332812 0.601665 0.326562 0.603745 0.326562 0.605825 0.325000 0.609985 0.325000 0.612065 0.323437 0.614146 0.323437 0.618306 0.320312 0.618306 0.315625
1 0.137808 0.909375 0.137808 0.920312 0.139888 0.921875 0.139888 0.932812 0.148208 0.939062 0.154448 0.939062 0.154448 0.998437 0.000000 0.998437 0.000000 0.909375
2 0.539263 0.615625 0.539263 0.620312 0.541343 0.621875 0.543423 0.621875 0.545503 0.623438 0.547583 0.623438 0.549663 0.625000 0.551743 0.625000 0.553823 0.626562 0.560064 0.626562 0.562144 0.628125 0.564224 0.628125 0.566304 0.629687 0.568384 0.629687 0.572544 0.632812 0.574624 0.632812 0.582944 0.639062 0.585024 0.639062 0.585024 0.640625 0.593345 0.646875 0.593345 0.648438 0.597505 0.651562 0.597505 0.653125 0.599585 0.654687 0.599585 0.657812 0.601665 0.659375 0.601665 0.668750 0.603745 0.670312 0.603745 0.682812 0.601665 0.684375 0.601665 0.689062 0.599585 0.690625 0.599585 0.701562 0.597505 0.703125 0.597505 0.704687 0.595425 0.706250 0.595425 0.707812 0.591265 0.710938 0.591265 0.712500 0.589185 0.714062 0.589185 0.715625 0.587104 0.715625 0.582944 0.718750 0.582944 0.720312 0.580864 0.721875 0.578784 0.721875 0.570464 0.728125 0.566304 0.728125 0.564224 0.729687 0.562144 0.729687 0.560064 0.731250 0.557983 0.731250 0.555903 0.732812 0.555903 0.739062 0.487261 0.739062 0.487261 0.734375 0.481021 0.729687 0.478940 0.729687 0.476860 0.728125 0.474780 0.728125 0.462300 0.718750 0.456060 0.718750 0.456060 0.690625 0.464380 0.690625 0.466460 0.689062 0.464380 0.687500 0.456060 0.687500 0.456060 0.615625 0.497661 0.615625 0.497661 0.621875 0.501821 0.625000 0.505981 0.625000 0.508062 0.623438 0.510142 0.623438 0.512222 0.621875 0.512222 0.615625
1 0.210610 0.959375 0.210610 0.965625 0.212690 0.967187 0.216851 0.967187 0.221011 0.970312 0.223091 0.970312 0.227251 0.973437 0.229331 0.973437 0.231411 0.975000 0.233491 0.975000 0.243892 0.982812 0.245972 0.982812 0.248052 0.984375 0.248052 0.985937 0.252212 0.989062 0.254292 0.989062 0.256372 0.990625 0.262612 0.990625 0.262612 0.998437 0.123247 0.998437 0.123247 0.959375
2 0.518462 0.453125 0.518462 0.457812 0.524702 0.462500 0.526782 0.462500 0.533022 0.467187 0.537183 0.467187 0.541343 0.470312 0.545503 0.470312 0.547583 0.471875 0.553823 0.471875 0.555903 0.473437 0.557983 0.473437 0.560064 0.475000 0.562144 0.475000 0.580864 0.489062 0.587104 0.489062 0.587104 0.525000 0.580864 0.525000 0.572544 0.531250 0.570464 0.531250 0.564224 0.535937 0.560064 0.535937 0.557983 0.537500 0.549663 0.537500 0.547583 0.539062 0.545503 0.539062 0.537183 0.545312 0.537183 0.551562 0.476860 0.551562 0.476860 0.546875 0.462300 0.535937 0.462300 0.534375 0.458140 0.531250 0.458140 0.529687 0.451899 0.525000 0.451899 0.523437 0.445659 0.518750 0.445659 0.515625 0.437339 0.509375 0.431099 0.509375 0.431099 0.471875 0.447739 0.471875 0.449819 0.470312 0.453979 0.470312 0.458140 0.467187 0.460220 0.467187 0.464380 0.464062 0.476860 0.464062 0.478940 0.462500 0.495581 0.462500 0.497661 0.460938 0.499741 0.460938 0.503901 0.457812 0.503901 0.453125
1 0.008843 0.259375 0.008843 0.265625 0.013003 0.268750 0.013003 0.270312 0.019243 0.275000 0.019243 0.276562 0.027563 0.282812 0.027563 0.284375 0.029644 0.285937 0.031724 0.285937 0.048364 0.298437 0.048364 0.300000 0.058765 0.307813 0.058765 0.309375 0.060845 0.310937 0.060845 0.312500 0.065005 0.315625 0.071245 0.315625 0.071245 0.342187 0.065005 0.342187 0.060845 0.345312 0.060845 0.346875 0.058765 0.348437 0.058765 0.350000 0.056685 0.351562 0.056685 0.353125 0.052524 0.356250 0.052524 0.357812 0.050444 0.359375 0.050444 0.360937 0.044204 0.365625 0.044204 0.367188 0.042124 0.368750 0.042124 0.370312 0.023403 0.384375 0.021323 0.384375 0.019243 0.385937 0.017163 0.385937 0.013003 0.389062 0.010923 0.389062 0.008843 0.390625 0.008843 0.395312 0.000000 0.395312 0.000000 0.259375