1 0.459375 0.462500 0.459375 0.468750 0.462500 0.472917 0.464063 0.472917 0.465625 0.475000 0.467188 0.475000 0.468750 0.477083 0.470312 0.477083 0.473437 0.481250 0.475000 0.481250 0.478125 0.485417 0.479688 0.485417 0.489062 0.497917 0.490625 0.497917 0.493750 0.502083 0.493750 0.504167 0.495313 0.506250 0.495313 0.508333 0.496875 0.510417 0.496875 0.512500 0.498438 0.514583 0.503125 0.514583 0.503125 0.568750 0.498438 0.568750 0.495313 0.572917 0.495313 0.577083 0.492188 0.581250 0.492188 0.583333 0.485937 0.591667 0.485937 0.593750 0.484375 0.593750 0.479688 0.600000 0.479688 0.602083 0.478125 0.602083 0.476562 0.604167 0.475000 0.604167 0.473437 0.606250 0.471875 0.606250 0.467188 0.612500 0.467188 0.618750 0.415625 0.618750 0.415625 0.612500 0.409375 0.604167 0.407812 0.604167 0.406250 0.602083 0.404688 0.602083 0.392187 0.585417 0.390625 0.585417 0.390625 0.583333 0.384375 0.575000 0.379687 0.575000 0.379687 0.512500 0.384375 0.512500 0.389063 0.506250 0.389063 0.504167 0.392187 0.500000 0.392187 0.497917 0.396875 0.491667 0.396875 0.489583 0.401563 0.483333 0.403125 0.483333 0.407812 0.477083 0.409375 0.477083 0.410937 0.475000 0.412500 0.475000 0.414062 0.472917 0.415625 0.472917 0.418750 0.468750 0.418750 0.462500
1 0.618750 0.379167 0.618750 0.387500 0.620313 0.389583 0.621875 0.389583 0.625000 0.393750 0.626563 0.393750 0.637500 0.408333 0.637500 0.410417 0.642188 0.416667 0.646875 0.416667 0.646875 0.483333 0.642188 0.483333 0.637500 0.489583 0.637500 0.491667 0.629687 0.502083 0.629687 0.504167 0.628125 0.504167 0.621875 0.512500 0.620313 0.512500 0.617188 0.516667 0.615625 0.516667 0.614062 0.518750 0.612500 0.518750 0.610938 0.520833 0.610938 0.527083 0.573438 0.527083 0.573438 0.520833 0.570312 0.516667 0.567187 0.516667 0.565625 0.514583 0.562500 0.514583 0.560937 0.512500 0.559375 0.512500 0.557813 0.510417 0.556250 0.510417 0.553125 0.506250 0.551562 0.506250 0.543750 0.495833 0.543750 0.493750 0.540625 0.489583 0.535937 0.489583 0.535937 0.418750 0.540625 0.418750 0.543750 0.414583 0.543750 0.412500 0.545312 0.410417 0.545312 0.408333 0.546875 0.406250 0.546875 0.404167 0.557813 0.389583 0.559375 0.389583 0.562500 0.385417 0.562500 0.379167
0 0.518750 0.595833 0.518750 0.602083 0.521875 0.606250 0.525000 0.606250 0.526563 0.608333 0.529687 0.608333 0.532813 0.612500 0.534375 0.612500 0.548438 0.631250 0.548438 0.633333 0.554688 0.641667 0.559375 0.641667 0.559375 0.710417 0.554688 0.710417 0.551562 0.714583 0.551562 0.716667 0.550000 0.718750 0.550000 0.720833 0.542188 0.731250 0.542188 0.733333 0.535937 0.741667 0.535937 0.743750 0.534375 0.745833 0.532813 0.745833 0.531250 0.747917 0.529687 0.747917 0.528125 0.750000 0.526563 0.750000 0.525000 0.752083 0.525000 0.760417 0.471875 0.760417 0.471875 0.754167 0.468750 0.750000 0.467188 0.750000 0.464063 0.745833 0.462500 0.745833 0.459375 0.741667 0.457812 0.741667 0.451563 0.733333 0.451563 0.731250 0.446875 0.725000 0.446875 0.722917 0.445312 0.720833 0.445312 0.718750 0.443750 0.716667 0.443750 0.714583 0.440625 0.710417 0.435938 0.710417 0.435938 0.654167 0.440625 0.654167 0.443750 0.650000 0.443750 0.645833 0.445312 0.643750 0.445312 0.641667 0.446875 0.639583 0.446875 0.637500 0.450000 0.633333 0.450000 0.631250 0.454687 0.625000 0.454687 0.622917 0.456250 0.620833 0.457812 0.620833 0.460938 0.616667 0.462500 0.616667 0.465625 0.612500 0.467188 0.612500 0.468750 0.610417 0.470312 0.610417 0.471875 0.608333 0.473437 0.608333 0.475000 0.606250 0.476562 0.606250 0.479688 0.602083 0.479688 0.595833
0 0.503125 0.329167 0.503125 0.335417 0.506250 0.339583 0.509375 0.339583 0.510938 0.341667 0.512500 0.341667 0.514062 0.343750 0.515625 0.343750 0.518750 0.347917 0.520312 0.347917 0.525000 0.354167 0.526563 0.354167 0.526563 0.356250 0.531250 0.362500 0.531250 0.364583 0.534375 0.368750 0.534375 0.370833 0.537500 0.375000 0.537500 0.377083 0.539062 0.379167 0.539062 0.381250 0.542188 0.385417 0.546875 0.385417 0.546875 0.425000 0.542188 0.425000 0.540625 0.427083 0.540625 0.429167 0.539062 0.431250 0.539062 0.437500 0.537500 0.439583 0.537500 0.447917 0.535937 0.450000 0.535937 0.454167 0.534375 0.456250 0.534375 0.460417 0.532813 0.462500 0.532813 0.464583 0.525000 0.475000 0.523438 0.475000 0.520312 0.479167 0.518750 0.479167 0.517188 0.481250 0.515625 0.481250 0.514062 0.483333 0.512500 0.483333 0.509375 0.487500 0.509375 0.493750 0.481250 0.493750 0.481250 0.487500 0.476562 0.481250 0.475000 0.481250 0.473437 0.479167 0.471875 0.479167 0.468750 0.475000 0.467188 0.475000 0.465625 0.472917 0.464063 0.472917 0.462500 0.470833 0.459375 0.470833 0.457812 0.468750 0.454687 0.468750 0.453125 0.466667 0.446875 0.466667 0.445312 0.464583 0.442187 0.464583 0.440625 0.462500 0.439062 0.462500 0.437500 0.460417 0.435938 0.460417 0.434375 0.458333 0.434375 0.456250 0.431250 0.452083 0.431250 0.450000 0.428125 0.445833 0.423437 0.445833 0.423437 0.379167 0.428125 0.379167 0.429688 0.377083 0.429688 0.375000 0.431250 0.372917 0.431250 0.370833 0.432813 0.368750 0.432813 0.366667 0.446875 0.347917 0.448438 0.347917 0.451563 0.343750 0.453125 0.343750 0.454687 0.341667 0.456250 0.341667 0.457812 0.339583 0.460938 0.339583 0.464063 0.335417 0.464063 0.329167
2 0.606250 0.695833 0.606250 0.702083 0.609375 0.706250 0.610938 0.706250 0.612500 0.708333 0.614062 0.708333 0.615625 0.710417 0.617188 0.710417 0.621875 0.716667 0.623437 0.716667 0.631250 0.727083 0.631250 0.729167 0.637500 0.737500 0.637500 0.739583 0.639062 0.741667 0.639062 0.743750 0.642188 0.747917 0.646875 0.747917 0.646875 0.814583 0.642188 0.814583 0.639062 0.818750 0.639062 0.820833 0.637500 0.822917 0.637500 0.827083 0.629687 0.837500 0.628125 0.837500 0.621875 0.845833 0.620313 0.845833 0.618750 0.847917 0.617188 0.847917 0.615625 0.850000 0.614062 0.850000 0.610938 0.854167 0.607812 0.854167 0.606250 0.856250 0.603125 0.856250 0.601562 0.858333 0.600000 0.858333 0.596875 0.862500 0.596875 0.868750 0.568750 0.868750 0.568750 0.862500 0.565625 0.858333 0.562500 0.858333 0.560937 0.856250 0.557813 0.856250 0.556250 0.854167 0.554688 0.854167 0.551562 0.850000 0.550000 0.850000 0.542188 0.839583 0.540625 0.839583 0.534375 0.831250 0.534375 0.829167 0.528125 0.820833 0.523438 0.820833 0.523438 0.764583 0.528125 0.764583 0.531250 0.760417 0.531250 0.756250 0.532813 0.754167 0.532813 0.752083 0.535937 0.747917 0.535937 0.745833 0.546875 0.731250 0.546875 0.729167 0.551562 0.722917 0.551562 0.720833 0.565625 0.702083 0.565625 0.695833
2 0.392187 0.545833 0.393750 0.543750 0.395312 0.543750 0.396875 0.541667 0.403125 0.541667 0.403125 0.552083 0.392187 0.552083 0.392187 0.545833 0.373438 0.533333 0.371875 0.533333 0.370313 0.535417 0.368750 0.535417 0.367188 0.537500 0.365625 0.537500 0.362500 0.541667 0.360937 0.541667 0.357813 0.545833 0.357813 0.552083 0.320312 0.552083 0.320312 0.545833 0.317187 0.541667 0.315625 0.541667 0.314062 0.539583 0.312500 0.539583 0.310938 0.537500 0.309375 0.537500 0.306250 0.533333 0.304688 0.533333 0.293750 0.518750 0.293750 0.516667 0.289062 0.510417 0.289062 0.506250 0.287500 0.504167 0.287500 0.502083 0.284375 0.497917 0.279688 0.497917 0.279688 0.435417 0.284375 0.435417 0.287500 0.431250 0.287500 0.429167 0.289062 0.427083 0.289062 0.425000 0.290625 0.422917 0.290625 0.420833 0.296875 0.412500 0.296875 0.410417 0.298437 0.410417 0.306250 0.400000 0.307813 0.400000 0.309375 0.397917 0.310938 0.397917 0.312500 0.395833 0.312500 0.387500 0.371875 0.387500 0.371875 0.393750 0.376562 0.400000 0.378125 0.400000 0.384375 0.408333 0.385938 0.408333 0.393750 0.418750 0.393750 0.420833 0.398438 0.427083 0.403125 0.427083 0.403125 0.485417 0.398438 0.485417 0.392187 0.493750 0.392187 0.495833 0.390625 0.497917 0.390625 0.500000 0.387500 0.504167 0.387500 0.506250 0.385938 0.508333 0.385938 0.510417 0.384375 0.512500 0.384375 0.514583 0.381250 0.518750 0.381250 0.520833 0.373438 0.531250 0.373438 0.533333
2 0.585938 0.229167 0.585938 0.235417 0.589063 0.239583 0.590625 0.239583 0.592187 0.241667 0.593750 0.241667 0.595313 0.243750 0.596875 0.243750 0.600000 0.247917 0.601562 0.247917 0.604688 0.252083 0.606250 0.252083 0.606250 0.254167 0.609375 0.258333 0.610938 0.258333 0.612500 0.260417 0.612500 0.262500 0.617188 0.268750 0.621875 0.268750 0.621875 0.343750 0.617188 0.343750 0.612500 0.350000 0.612500 0.352083 0.601562 0.366667 0.600000 0.366667 0.598437 0.368750 0.598437 0.377083 0.546875 0.377083 0.546875 0.368750 0.543750 0.364583 0.542188 0.364583 0.539062 0.360417 0.537500 0.360417 0.528125 0.347917 0.526563 0.347917 0.521875 0.341667 0.520312 0.341667 0.512500 0.331250 0.512500 0.329167 0.509375 0.325000 0.504687 0.325000 0.504687 0.277083 0.509375 0.277083 0.512500 0.272917 0.512500 0.270833 0.514062 0.268750 0.514062 0.266667 0.517188 0.262500 0.517188 0.260417 0.525000 0.250000 0.526563 0.250000 0.531250 0.243750 0.532813 0.243750 0.534375 0.241667 0.535937 0.241667 0.537500 0.239583 0.539062 0.239583 0.542188 0.235417 0.542188 0.229167
2 0.610938 0.512500 0.610938 0.518750 0.614062 0.522917 0.615625 0.522917 0.617188 0.525000 0.618750 0.525000 0.625000 0.533333 0.626563 0.533333 0.629687 0.537500 0.629687 0.539583 0.632812 0.543750 0.632812 0.545833 0.637500 0.552083 0.637500 0.554167 0.639062 0.556250 0.639062 0.560417 0.642188 0.564583 0.646875 0.564583 0.646875 0.608333 0.642188 0.608333 0.639062 0.612500 0.639062 0.616667 0.637500 0.618750 0.637500 0.620833 0.635938 0.622917 0.635938 0.625000 0.629687 0.633333 0.629687 0.635417 0.628125 0.637500 0.626563 0.637500 0.625000 0.639583 0.623437 0.639583 0.621875 0.641667 0.620313 0.641667 0.617188 0.645833 0.615625 0.645833 0.614062 0.647917 0.612500 0.647917 0.610938 0.650000 0.609375 0.650000 0.607812 0.652083 0.606250 0.652083 0.604688 0.654167 0.604688 0.660417 0.570312 0.660417 0.570312 0.654167 0.567187 0.650000 0.565625 0.650000 0.564063 0.647917 0.562500 0.647917 0.559375 0.643750 0.557813 0.643750 0.554688 0.639583 0.554688 0.637500 0.546875 0.627083 0.546875 0.625000 0.543750 0.620833 0.542188 0.620833 0.540625 0.618750 0.540625 0.616667 0.534375 0.608333 0.534375 0.606250 0.532813 0.604167 0.532813 0.602083 0.528125 0.595833 0.528125 0.593750 0.523438 0.587500 0.517188 0.587500 0.517188 0.550000 0.521875 0.550000 0.528125 0.541667 0.529687 0.541667 0.531250 0.539583 0.532813 0.539583 0.534375 0.537500 0.535937 0.537500 0.537500 0.535417 0.539062 0.535417 0.540625 0.533333 0.542188 0.533333 0.543750 0.531250 0.545312 0.531250 0.548438 0.527083 0.551562 0.527083 0.553125 0.525000 0.554688 0.525000 0.556250 0.522917 0.557813 0.522917 0.560937 0.518750 0.560937 0.512500 0.579688 0.512500 0.579688 0.518750 0.581250 0.520833 0.582812 0.520833 0.584375 0.522917 0.595313 0.522917 0.596875 0.520833 0.600000 0.520833 0.601562 0.518750 0.601562 0.512500
1 0.203125 0.454167 0.203125 0.460417 0.207812 0.466667 0.209375 0.466667 0.217188 0.477083 0.221875 0.477083 0.221875 0.587500 0.217188 0.587500 0.214063 0.591667 0.214063 0.593750 0.212500 0.595833 0.210938 0.595833 0.207812 0.600000 0.206250 0.600000 0.203125 0.604167 0.203125 0.610417 0.151563 0.610417 0.151563 0.604167 0.146875 0.597917 0.145312 0.597917 0.143750 0.595833 0.142187 0.595833 0.137500 0.589583 0.135938 0.589583 0.129687 0.581250 0.129687 0.579167 0.126562 0.575000 0.126562 0.572917 0.125000 0.570833 0.125000 0.568750 0.121875 0.564583 0.117188 0.564583 0.117188 0.512500 0.121875 0.512500 0.123438 0.510417 0.123438 0.508333 0.125000 0.506250 0.125000 0.502083 0.126562 0.500000 0.126562 0.497917 0.129687 0.493750 0.129687 0.491667 0.132812 0.487500 0.132812 0.485417 0.134375 0.485417 0.143750 0.472917 0.145312 0.472917 0.150000 0.466667 0.151563 0.466667 0.153125 0.464583 0.156250 0.464583 0.159375 0.460417 0.159375 0.454167
2 0.392187 0.579167 0.392187 0.587500 0.403125 0.602083 0.404688 0.602083 0.409375 0.608333 0.410937 0.608333 0.417188 0.616667 0.418750 0.616667 0.423437 0.622917 0.428125 0.622917 0.428125 0.706250 0.423437 0.706250 0.418750 0.712500 0.418750 0.714583 0.417188 0.716667 0.417188 0.718750 0.407812 0.731250 0.406250 0.731250 0.404688 0.733333 0.403125 0.733333 0.400000 0.737500 0.398438 0.737500 0.396875 0.739583 0.395312 0.739583 0.393750 0.741667 0.392187 0.741667 0.389063 0.745833 0.389063 0.752083 0.357813 0.752083 0.357813 0.745833 0.354688 0.741667 0.351562 0.741667 0.350000 0.739583 0.346875 0.739583 0.345312 0.737500 0.342188 0.737500 0.337500 0.731250 0.335938 0.731250 0.334375 0.729167 0.332812 0.729167 0.320312 0.712500 0.320312 0.710417 0.317187 0.706250 0.317187 0.704167 0.315625 0.702083 0.315625 0.700000 0.314062 0.697917 0.314062 0.693750 0.312500 0.691667 0.312500 0.687500 0.310938 0.685417 0.310938 0.683333 0.309375 0.681250 0.304688 0.681250 0.304688 0.641667 0.309375 0.641667 0.312500 0.637500 0.312500 0.635417 0.314062 0.633333 0.314062 0.629167 0.315625 0.627083 0.315625 0.625000 0.317187 0.622917 0.317187 0.620833 0.320312 0.616667 0.320312 0.614583 0.326563 0.606250 0.326563 0.604167 0.329687 0.600000 0.331250 0.600000 0.337500 0.591667 0.339063 0.591667 0.340625 0.589583 0.342188 0.589583 0.345312 0.585417 0.345312 0.579167
2 0.864063 0.629167 0.864063 0.635417 0.867188 0.639583 0.870312 0.639583 0.871875 0.641667 0.873437 0.641667 0.875000 0.643750 0.876562 0.643750 0.878125 0.645833 0.879688 0.645833 0.884375 0.652083 0.885937 0.652083 0.887500 0.654167 0.889063 0.654167 0.892187 0.658333 0.893750 0.658333 0.895313 0.660417 0.896875 0.660417 0.901562 0.666667 0.903125 0.666667 0.906250 0.670833 0.906250 0.672917 0.909375 0.677083 0.909375 0.679167 0.910938 0.681250 0.910938 0.685417 0.912500 0.687500 0.912500 0.693750 0.914062 0.695833 0.914062 0.702083 0.917187 0.706250 0.921875 0.706250 0.921875 0.777083 0.917187 0.777083 0.915625 0.779167 0.915625 0.781250 0.914062 0.783333 0.914062 0.789583 0.912500 0.791667 0.912500 0.800000 0.910938 0.802083 0.910938 0.808333 0.909375 0.810417 0.909375 0.814583 0.907812 0.816667 0.907812 0.820833 0.906250 0.822917 0.906250 0.825000 0.904688 0.827083 0.904688 0.829167 0.903125 0.831250 0.903125 0.833333 0.901562 0.835417 0.901562 0.837500 0.900000 0.839583 0.900000 0.841667 0.898438 0.843750 0.898438 0.845833 0.896875 0.847917 0.896875 0.850000 0.895313 0.852083 0.895313 0.854167 0.893750 0.856250 0.893750 0.858333 0.892187 0.860417 0.892187 0.862500 0.889063 0.866667 0.889063 0.868750 0.887500 0.870833 0.887500 0.872917 0.884375 0.877083 0.884375 0.879167 0.881250 0.883333 0.881250 0.885417 0.878125 0.889583 0.878125 0.891667 0.870312 0.902083 0.868750 0.902083 0.867188 0.904167 0.865625 0.904167 0.864063 0.906250 0.862500 0.906250 0.860938 0.908333 0.859375 0.908333 0.856250 0.912500 0.856250 0.918750 0.831250 0.918750 0.831250 0.912500 0.828125 0.908333 0.826562 0.908333 0.825000 0.906250 0.821875 0.906250 0.820312 0.904167 0.817188 0.904167 0.814063 0.900000 0.812500 0.900000 0.810937 0.897917 0.809375 0.897917 0.803125 0.889583 0.801563 0.889583 0.793750 0.879167 0.793750 0.877083 0.792187 0.875000 0.785938 0.875000 0.785938 0.772917 0.790625 0.772917 0.792187 0.770833 0.792187 0.768750 0.793750 0.766667 0.793750 0.756250 0.795312 0.754167 0.795312 0.745833 0.796875 0.743750 0.796875 0.737500 0.798438 0.735417 0.798438 0.731250 0.800000 0.729167 0.800000 0.720833 0.801563 0.718750 0.801563 0.706250 0.803125 0.704167 0.803125 0.697917 0.804688 0.695833 0.804688 0.693750 0.806250 0.691667 0.806250 0.685417 0.807812 0.683333 0.807812 0.670833 0.809375 0.668750 0.809375 0.664583 0.812500 0.660417 0.812500 0.658333 0.814063 0.656250 0.814063 0.654167 0.823437 0.641667 0.826562 0.641667 0.828125 0.639583 0.832813 0.639583 0.834375 0.637500 0.835938 0.637500 0.837500 0.635417 0.837500 0.629167