0 0.556421 0.503125 0.556421 0.507812 0.552261 0.510937 0.550181 0.510937 0.548101 0.512500 0.546021 0.512500 0.535620 0.520312 0.533540 0.520312 0.531460 0.521875 0.531460 0.523437 0.529380 0.525000 0.527300 0.525000 0.523140 0.528125 0.523140 0.529687 0.521060 0.531250 0.518979 0.531250 0.516899 0.532812 0.516899 0.534375 0.510659 0.539062 0.504419 0.539062 0.504419 0.576562 0.510659 0.576562 0.516899 0.581250 0.516899 0.582812 0.527300 0.590625 0.527300 0.592187 0.535620 0.598437 0.537700 0.598437 0.548101 0.606250 0.550181 0.606250 0.554341 0.609375 0.554341 0.614062 0.602183 0.614062 0.602183 0.609375 0.608423 0.604687 0.610503 0.604687 0.614663 0.601562 0.616743 0.601562 0.622983 0.596875 0.625063 0.596875 0.635464 0.589062 0.635464 0.587500 0.637544 0.585937 0.637544 0.584375 0.639624 0.582812 0.639624 0.581250 0.641704 0.579687 0.641704 0.578125 0.645864 0.575000 0.652104 0.575000 0.652104 0.542187 0.645864 0.542187 0.641704 0.539062 0.641704 0.537500 0.639624 0.535937 0.639624 0.534375 0.637544 0.532812 0.637544 0.531250 0.633384 0.528125 0.633384 0.526562 0.618823 0.515625 0.616743 0.515625 0.612583 0.512500 0.610503 0.512500 0.608423 0.510937 0.604263 0.510937 0.600103 0.507812 0.600103 0.503125
0 0.338013 0.478125 0.338013 0.482812 0.333853 0.485937 0.329692 0.485937 0.325532 0.489062 0.323452 0.489062 0.310972 0.498437 0.308892 0.498437 0.306812 0.500000 0.306812 0.501562 0.300571 0.506250 0.300571 0.507812 0.298491 0.509375 0.298491 0.512500 0.294331 0.515625 0.288091 0.515625 0.288091 0.540625 0.294331 0.540625 0.296411 0.542187 0.296411 0.543750 0.298491 0.545312 0.298491 0.546875 0.306812 0.553125 0.306812 0.554687 0.329692 0.571875 0.329692 0.576562 0.385854 0.576562 0.385854 0.571875 0.392095 0.567187 0.394175 0.567187 0.398335 0.564062 0.400415 0.564062 0.412896 0.554687 0.414976 0.554687 0.417056 0.553125 0.417056 0.551562 0.421216 0.548437 0.427456 0.548437 0.427456 0.521875 0.421216 0.521875 0.417056 0.518750 0.417056 0.515625 0.414976 0.514062 0.414976 0.512500 0.412896 0.510937 0.412896 0.509375 0.410815 0.507812 0.410815 0.506250 0.408735 0.504687 0.408735 0.503125 0.400415 0.496875 0.400415 0.495312 0.396255 0.492188 0.394175 0.492188 0.387935 0.487500 0.385854 0.487500 0.383774 0.485937 0.381694 0.485937 0.379614 0.484375 0.377534 0.484375 0.375454 0.482812 0.375454 0.478125
1 0.350493 0.571875 0.350493 0.576562 0.348413 0.578125 0.346333 0.578125 0.344253 0.579687 0.342173 0.579687 0.340093 0.581250 0.338013 0.581250 0.323452 0.592187 0.323452 0.595312 0.321372 0.596875 0.321372 0.598437 0.319292 0.600000 0.319292 0.601562 0.315132 0.604687 0.315132 0.606250 0.310972 0.609375 0.304731 0.609375 0.304731 0.635937 0.310972 0.635937 0.315132 0.639062 0.315132 0.642187 0.317212 0.643750 0.317212 0.645312 0.321372 0.648438 0.321372 0.650000 0.331772 0.657812 0.333853 0.657812 0.338013 0.660937 0.340093 0.660937 0.342173 0.662500 0.344253 0.662500 0.348413 0.665625 0.348413 0.670312 0.392095 0.670312 0.392095 0.665625 0.396255 0.662500 0.398335 0.662500 0.400415 0.660937 0.402495 0.660937 0.404575 0.659375 0.406655 0.659375 0.412896 0.654687 0.414976 0.654687 0.421216 0.650000 0.427456 0.650000 0.427456 0.593750 0.421216 0.593750 0.417056 0.590625 0.417056 0.589062 0.412896 0.585937 0.410815 0.585937 0.402495 0.579687 0.400415 0.579687 0.398335 0.578125 0.396255 0.578125 0.394175 0.576562 0.394175 0.571875
1 0.448257 0.453125 0.448257 0.457812 0.444097 0.460938 0.439936 0.460938 0.435776 0.464062 0.433696 0.464062 0.427456 0.468750 0.425376 0.468750 0.425376 0.470312 0.414976 0.478125 0.414976 0.481250 0.410815 0.484375 0.404575 0.484375 0.404575 0.509375 0.410815 0.509375 0.414976 0.512500 0.414976 0.514062 0.417056 0.515625 0.417056 0.517187 0.419136 0.518750 0.419136 0.520312 0.421216 0.521875 0.421216 0.525000 0.423296 0.526562 0.423296 0.528125 0.427456 0.531250 0.427456 0.532812 0.433696 0.537500 0.435776 0.537500 0.439936 0.540625 0.442017 0.540625 0.444097 0.542187 0.448257 0.542187 0.450337 0.543750 0.454497 0.543750 0.458657 0.546875 0.458657 0.551562 0.485698 0.551562 0.485698 0.546875 0.487778 0.545312 0.489858 0.545312 0.491938 0.543750 0.494019 0.543750 0.496099 0.542187 0.498179 0.542187 0.502339 0.539062 0.502339 0.537500 0.506499 0.534375 0.506499 0.532812 0.508579 0.531250 0.508579 0.526562 0.510659 0.525000 0.510659 0.523437 0.516899 0.518750 0.516899 0.517187 0.521060 0.514062 0.527300 0.514062 0.527300 0.473437 0.521060 0.473437 0.512739 0.467187 0.510659 0.467187 0.504419 0.462500 0.502339 0.462500 0.496099 0.457812 0.496099 0.453125
2 0.462817 0.571875 0.462817 0.576562 0.458657 0.579687 0.456577 0.579687 0.454497 0.581250 0.452417 0.581250 0.433696 0.595312 0.433696 0.596875 0.431616 0.598437 0.431616 0.600000 0.429536 0.601562 0.429536 0.603125 0.427456 0.604687 0.421216 0.604687 0.421216 0.643750 0.427456 0.643750 0.431616 0.646875 0.431616 0.648438 0.433696 0.650000 0.433696 0.651562 0.439936 0.656250 0.439936 0.657812 0.446177 0.662500 0.448257 0.662500 0.454497 0.667187 0.456577 0.667187 0.458657 0.668750 0.460737 0.668750 0.462817 0.670312 0.462817 0.676562 0.518979 0.676562 0.518979 0.671875 0.525220 0.667187 0.527300 0.667187 0.533540 0.662500 0.535620 0.662500 0.539780 0.659375 0.539780 0.657812 0.546021 0.653125 0.546021 0.651562 0.548101 0.650000 0.548101 0.648438 0.550181 0.646875 0.550181 0.645312 0.554341 0.642187 0.560581 0.642187 0.560581 0.618750 0.554341 0.618750 0.550181 0.615625 0.550181 0.612500 0.548101 0.610937 0.548101 0.609375 0.543940 0.606250 0.543940 0.604687 0.539780 0.601562 0.537700 0.601562 0.521060 0.589062 0.521060 0.587500 0.514819 0.582812 0.514819 0.581250 0.510659 0.578125 0.510659 0.571875
2 0.385854 0.365625 0.385854 0.371875 0.383774 0.373437 0.381694 0.373437 0.379614 0.375000 0.377534 0.375000 0.358813 0.389062 0.358813 0.390625 0.356733 0.392187 0.356733 0.393750 0.352573 0.396875 0.346333 0.396875 0.346333 0.432812 0.352573 0.432812 0.356733 0.435937 0.356733 0.437500 0.358813 0.439062 0.358813 0.440625 0.362974 0.443750 0.362974 0.445312 0.369214 0.450000 0.369214 0.451562 0.371294 0.453125 0.373374 0.453125 0.379614 0.457812 0.379614 0.464062 0.446177 0.464062 0.446177 0.459375 0.450337 0.456250 0.452417 0.456250 0.456577 0.453125 0.458657 0.453125 0.462817 0.450000 0.464897 0.450000 0.466978 0.448437 0.466978 0.446875 0.469058 0.445312 0.469058 0.443750 0.473218 0.440625 0.473218 0.439062 0.479458 0.434375 0.485698 0.434375 0.485698 0.392187 0.479458 0.392187 0.475298 0.389062 0.475298 0.387500 0.473218 0.385937 0.473218 0.384375 0.464897 0.378125 0.464897 0.376562 0.462817 0.375000 0.460737 0.375000 0.454497 0.370312 0.454497 0.365625
2 0.238169 0.534375 0.238169 0.539062 0.234009 0.542187 0.231929 0.542187 0.229849 0.543750 0.227769 0.543750 0.223608 0.546875 0.221528 0.546875 0.215288 0.551562 0.213208 0.551562 0.209048 0.554687 0.209048 0.556250 0.200728 0.562500 0.200728 0.564062 0.198647 0.565625 0.198647 0.567187 0.196567 0.568750 0.188247 0.568750 0.188247 0.609375 0.196567 0.609375 0.198647 0.610937 0.198647 0.612500 0.200728 0.614062 0.200728 0.615625 0.202808 0.617188 0.202808 0.618750 0.217368 0.629687 0.219448 0.629687 0.225688 0.634375 0.225688 0.639062 0.290171 0.639062 0.290171 0.632812 0.296411 0.628125 0.298491 0.628125 0.302651 0.625000 0.302651 0.623438 0.304731 0.621875 0.304731 0.620312 0.308892 0.617188 0.308892 0.615625 0.310972 0.614062 0.310972 0.612500 0.313052 0.610937 0.313052 0.609375 0.315132 0.607813 0.315132 0.606250 0.317212 0.604687 0.317212 0.603125 0.319292 0.601562 0.319292 0.596875 0.321372 0.595312 0.327612 0.595312 0.327612 0.575000 0.321372 0.575000 0.319292 0.573437 0.319292 0.571875 0.317212 0.570312 0.317212 0.565625 0.315132 0.565625 0.310972 0.562500 0.310972 0.560937 0.304731 0.556250 0.304731 0.554687 0.302651 0.553125 0.302651 0.551562 0.292251 0.543750 0.290171 0.543750 0.288091 0.542187 0.286011 0.542187 0.281851 0.539062 0.281851 0.534375
2 0.637544 0.584375 0.637544 0.589062 0.627144 0.596875 0.625063 0.596875 0.616743 0.603125 0.614663 0.603125 0.600103 0.614062 0.600103 0.615625 0.589702 0.623438 0.589702 0.625000 0.585542 0.628125 0.579302 0.628125 0.579302 0.659375 0.587622 0.659375 0.589702 0.660937 0.589702 0.662500 0.591782 0.664062 0.591782 0.665625 0.595942 0.668750 0.595942 0.670312 0.608423 0.679688 0.610503 0.679688 0.614663 0.682812 0.616743 0.682812 0.618823 0.684375 0.620903 0.684375 0.622983 0.685937 0.627144 0.685937 0.629224 0.687500 0.631304 0.687500 0.633384 0.689062 0.635464 0.689062 0.637544 0.690625 0.637544 0.695312 0.672905 0.695312 0.672905 0.690625 0.677065 0.687500 0.679145 0.687500 0.681226 0.685937 0.683306 0.685937 0.685386 0.684375 0.687466 0.684375 0.706186 0.670312 0.706186 0.668750 0.710347 0.665625 0.718667 0.665625 0.718667 0.615625 0.710347 0.615625 0.708267 0.614062 0.708267 0.612500 0.706186 0.610937 0.706186 0.609375 0.697866 0.603125 0.697866 0.601562 0.695786 0.600000 0.693706 0.600000 0.685386 0.593750 0.681226 0.593750 0.679145 0.592187 0.677065 0.592187 0.672905 0.589062 0.672905 0.584375
1 0.469058 0.240625 0.469058 0.245312 0.464897 0.248437 0.462817 0.248437 0.454497 0.254687 0.452417 0.254687 0.439936 0.264062 0.439936 0.265625 0.437856 0.267187 0.429536 0.267187 0.429536 0.314062 0.435776 0.314062 0.439936 0.317187 0.439936 0.318750 0.444097 0.321875 0.444097 0.323437 0.460737 0.335938 0.462817 0.335938 0.464897 0.337500 0.466978 0.337500 0.469058 0.339062 0.471138 0.339062 0.473218 0.340625 0.473218 0.345312 0.512739 0.345312 0.512739 0.340625 0.516899 0.337500 0.518979 0.337500 0.523140 0.334375 0.525220 0.334375 0.548101 0.317187 0.548101 0.315625 0.554341 0.310937 0.560581 0.310937 0.560581 0.273437 0.554341 0.273437 0.550181 0.270312 0.550181 0.268750 0.548101 0.267187 0.548101 0.265625 0.546021 0.264062 0.546021 0.262500 0.537700 0.256250 0.537700 0.254687 0.535620 0.254687 0.533540 0.253125 0.533540 0.251562 0.525220 0.245312 0.525220 0.240625
1 0.633384 0.828125 0.633384 0.832812 0.631304 0.834375 0.629224 0.834375 0.627144 0.835938 0.610503 0.835938 0.608423 0.837500 0.602183 0.837500 0.600103 0.839062 0.587622 0.839062 0.585542 0.840625 0.535620 0.840625 0.533540 0.842187 0.527300 0.842187 0.525220 0.843750 0.523140 0.843750 0.521060 0.845312 0.518979 0.845312 0.514819 0.848437 0.512739 0.848437 0.508579 0.851562 0.508579 0.853125 0.506499 0.854687 0.506499 0.856250 0.502339 0.859375 0.496099 0.859375 0.496099 0.906250 0.502339 0.906250 0.504419 0.907812 0.504419 0.909375 0.506499 0.910937 0.506499 0.912500 0.508579 0.914062 0.508579 0.915625 0.510659 0.917187 0.510659 0.918750 0.514819 0.921875 0.514819 0.923437 0.518979 0.926562 0.518979 0.928125 0.525220 0.932812 0.527300 0.932812 0.529380 0.934375 0.531460 0.934375 0.533540 0.935937 0.535620 0.935937 0.537700 0.937500 0.541860 0.937500 0.543940 0.939062 0.546021 0.939062 0.548101 0.940625 0.552261 0.940625 0.554341 0.942187 0.558501 0.942187 0.560581 0.943750 0.566821 0.943750 0.568901 0.945312 0.570981 0.945312 0.573062 0.946875 0.573062 0.951562 0.633384 0.951562 0.633384 0.946875 0.635464 0.945312 0.637544 0.945312 0.639624 0.943750 0.643784 0.943750 0.645864 0.942187 0.652104 0.942187 0.654185 0.940625 0.656265 0.940625 0.658345 0.939062 0.660425 0.939062 0.662505 0.937500 0.668745 0.937500 0.670825 0.935937 0.677065 0.935937 0.679145 0.934375 0.685386 0.934375 0.687466 0.932812 0.691626 0.932812 0.693706 0.931250 0.699946 0.931250 0.702026 0.929688 0.708267 0.929688 0.710347 0.928125 0.712427 0.928125 0.714507 0.926562 0.716587 0.926562 0.720747 0.923437 0.722827 0.923437 0.726987 0.920312 0.729067 0.920312 0.729067 0.918750 0.735308 0.914062 0.743628 0.914062 0.743628 0.864062 0.737388 0.864062 0.731147 0.859375 0.731147 0.857812 0.724907 0.853125 0.724907 0.851562 0.706186 0.837500 0.704106 0.837500 0.702026 0.835938 0.699946 0.835938 0.695786 0.832812 0.695786 0.828125
1 0.279770 0.815625 0.279770 0.909375 0.288091 0.909375 0.290171 0.910937 0.290171 0.912500 0.292251 0.914062 0.292251 0.915625 0.294331 0.917187 0.294331 0.918750 0.296411 0.920312 0.296411 0.921875 0.298491 0.923437 0.298491 0.925000 0.306812 0.931250 0.306812 0.932812 0.323452 0.945312 0.325532 0.945312 0.331772 0.950000 0.333853 0.950000 0.338013 0.953125 0.338013 0.957812 0.402495 0.957812 0.402495 0.951562 0.404575 0.950000 0.406655 0.950000 0.410815 0.946875 0.412896 0.946875 0.414976 0.945312 0.417056 0.945312 0.419136 0.943750 0.421216 0.943750 0.423296 0.942187 0.425376 0.942187 0.427456 0.940625 0.429536 0.940625 0.431616 0.939062 0.431616 0.937500 0.433696 0.935937 0.433696 0.934375 0.435776 0.932812 0.435776 0.931250 0.437856 0.929688 0.437856 0.926562 0.439936 0.925000 0.439936 0.923437 0.442017 0.921875 0.442017 0.918750 0.444097 0.917187 0.444097 0.915625 0.446177 0.914062 0.452417 0.914062 0.452417 0.879687 0.444097 0.879687 0.442017 0.878125 0.442017 0.876562 0.439936 0.875000 0.439936 0.873437 0.435776 0.870312 0.433696 0.870312 0.429536 0.867188 0.423296 0.867188 0.421216 0.865625 0.417056 0.865625 0.414976 0.864062 0.412896 0.864062 0.406655 0.859375 0.406655 0.857812 0.402495 0.854687 0.402495 0.853125 0.400415 0.851562 0.400415 0.850000 0.396255 0.846875 0.396255 0.845312 0.392095 0.842187 0.392095 0.840625 0.385854 0.835938 0.385854 0.834375 0.383774 0.832812 0.381694 0.832812 0.375454 0.828125 0.373374 0.828125 0.369214 0.825000 0.367134 0.825000 0.365054 0.823437 0.362974 0.823437 0.358813 0.820312 0.358813 0.815625
1 0.354653 0.971875 0.354653 0.978125 0.348413 0.982812 0.348413 0.984375 0.340093 0.990625 0.340093 0.992188 0.338013 0.993750 0.329692 0.993750 0.329692 0.998437 0.417056 0.998437 0.417056 0.995312 0.406655 0.987500 0.406655 0.985937 0.396255 0.978125 0.396255 0.971875
1 0.552261 0.939062 0.552261 0.929688 0.535620 0.929688 0.533540 0.928125 0.533540 0.923437 0.535620 0.921875 0.537700 0.921875 0.539780 0.923437 0.552261 0.923437 0.552261 0.918750 0.541860 0.918750 0.537700 0.921875 0.535620 0.921875 0.533540 0.920312 0.527300 0.920312 0.525220 0.921875 0.523140 0.921875 0.523140 0.925000 0.521060 0.926562 0.527300 0.931250 0.527300 0.932812 0.529380 0.934375 0.537700 0.934375 0.539780 0.935937 0.541860 0.935937 0.543940 0.937500 0.543940 0.939062 0.552261 0.939062 0.552261 0.956250 0.533540 0.956250 0.531460 0.954687 0.527300 0.954687 0.525220 0.953125 0.521060 0.953125 0.518979 0.951562 0.516899 0.951562 0.514819 0.950000 0.512739 0.950000 0.504419 0.943750 0.504419 0.942187 0.498179 0.937500 0.498179 0.935937 0.496099 0.934375 0.496099 0.926562 0.498179 0.925000 0.498179 0.918750 0.500259 0.917187 0.500259 0.910937 0.502339 0.909375 0.502339 0.904687 0.500259 0.903125 0.500259 0.900000 0.496099 0.896875 0.496099 0.890625 0.454497 0.890625 0.454497 0.896875 0.450337 0.900000 0.450337 0.901562 0.448257 0.903125 0.448257 0.910937 0.446177 0.912500 0.446177 0.920312 0.444097 0.921875 0.444097 0.925000 0.442017 0.926562 0.442017 0.929688 0.439936 0.931250 0.439936 0.932812 0.435776 0.935937 0.429536 0.935937 0.429536 0.998437 0.552261 0.998437 0.552261 0.956250
2 0.552261 0.403125 0.552261 0.409375 0.550181 0.410937 0.548101 0.410937 0.546021 0.412500 0.543940 0.412500 0.525220 0.426562 0.525220 0.428125 0.523140 0.429688 0.523140 0.431250 0.521060 0.432812 0.512739 0.432812 0.512739 0.470312 0.518979 0.470312 0.523140 0.473437 0.523140 0.475000 0.525220 0.476562 0.525220 0.482812 0.527300 0.484375 0.527300 0.489062 0.529380 0.490625 0.529380 0.492188 0.531460 0.493750 0.531460 0.495312 0.535620 0.498437 0.539780 0.498437 0.541860 0.496875 0.550181 0.496875 0.552261 0.498437 0.562661 0.498437 0.564741 0.500000 0.566821 0.500000 0.568901 0.501562 0.570981 0.501562 0.573062 0.503125 0.573062 0.507812 0.583462 0.507812 0.583462 0.503125 0.585542 0.501562 0.587622 0.501562 0.589702 0.500000 0.595942 0.500000 0.598022 0.498437 0.600103 0.498437 0.602183 0.496875 0.604263 0.496875 0.608423 0.493750 0.610503 0.493750 0.612583 0.492188 0.614663 0.492188 0.616743 0.490625 0.618823 0.490625 0.618823 0.489062 0.620903 0.487500 0.620903 0.484375 0.622983 0.482812 0.622983 0.478125 0.625063 0.476562 0.625063 0.475000 0.633384 0.468750 0.643784 0.468750 0.643784 0.431250 0.635464 0.431250 0.633384 0.429688 0.633384 0.428125 0.627144 0.423437 0.627144 0.421875 0.616743 0.414062 0.614663 0.414062 0.612583 0.412500 0.610503 0.412500 0.608423 0.410937 0.606343 0.410937 0.604263 0.409375 0.604263 0.403125