0 0.664067 0.478125 0.664067 0.482812 0.668228 0.485937 0.670308 0.485937 0.674468 0.489062 0.676548 0.489062 0.684868 0.495312 0.684868 0.496875 0.686948 0.498437 0.689028 0.498437 0.691108 0.500000 0.691108 0.501562 0.693188 0.503125 0.693188 0.504687 0.695269 0.506250 0.695269 0.507812 0.697349 0.509375 0.703589 0.509375 0.703589 0.535937 0.697349 0.535937 0.693188 0.539062 0.693188 0.543750 0.691108 0.545312 0.691108 0.546875 0.686948 0.550000 0.686948 0.551562 0.680708 0.556250 0.680708 0.557812 0.670308 0.565625 0.670308 0.570312 0.601665 0.570312 0.601665 0.565625 0.597505 0.562500 0.595425 0.562500 0.593345 0.560937 0.591265 0.560937 0.580864 0.553125 0.572544 0.553125 0.572544 0.503125 0.578784 0.503125 0.582944 0.500000 0.582944 0.498437 0.585024 0.496875 0.585024 0.495312 0.595425 0.487500 0.597505 0.487500 0.599585 0.485937 0.601665 0.485937 0.603745 0.484375 0.603745 0.478125
1 0.657827 0.571875 0.657827 0.576562 0.661987 0.579687 0.664067 0.579687 0.676548 0.589062 0.676548 0.590625 0.678628 0.592187 0.678628 0.593750 0.680708 0.595312 0.680708 0.596875 0.684868 0.600000 0.684868 0.601562 0.689028 0.604687 0.695269 0.604687 0.695269 0.634375 0.689028 0.634375 0.684868 0.637500 0.684868 0.639062 0.682788 0.640625 0.682788 0.642187 0.676548 0.646875 0.676548 0.648438 0.666147 0.656250 0.664067 0.656250 0.659907 0.659375 0.659907 0.664062 0.597505 0.664062 0.597505 0.659375 0.593345 0.656250 0.591265 0.656250 0.589185 0.654687 0.587104 0.654687 0.578784 0.648438 0.572544 0.648438 0.572544 0.589062 0.578784 0.589062 0.589185 0.581250 0.591265 0.581250 0.597505 0.576562 0.597505 0.571875
0 0.441499 0.509375 0.441499 0.514062 0.447739 0.518750 0.449819 0.518750 0.451899 0.520312 0.453979 0.520312 0.460220 0.525000 0.462300 0.525000 0.466460 0.528125 0.466460 0.529687 0.472700 0.534375 0.472700 0.535937 0.476860 0.539062 0.476860 0.540625 0.481021 0.543750 0.487261 0.543750 0.487261 0.584375 0.478940 0.584375 0.476860 0.585937 0.476860 0.587500 0.468540 0.593750 0.468540 0.595312 0.449819 0.609375 0.447739 0.609375 0.445659 0.610937 0.443579 0.610937 0.437339 0.615625 0.437339 0.620312 0.397817 0.620312 0.397817 0.615625 0.393657 0.612500 0.391577 0.612500 0.389497 0.610937 0.387417 0.610937 0.385337 0.609375 0.383257 0.609375 0.379097 0.606250 0.377017 0.606250 0.368696 0.600000 0.366616 0.600000 0.364536 0.598437 0.364536 0.596875 0.356216 0.590625 0.356216 0.589062 0.352056 0.585937 0.352056 0.584375 0.349976 0.582812 0.349976 0.579687 0.347896 0.578125 0.347896 0.576562 0.345815 0.575000 0.339575 0.575000 0.339575 0.553125 0.345815 0.553125 0.347896 0.551562 0.347896 0.550000 0.349976 0.548437 0.349976 0.545312 0.352056 0.543750 0.352056 0.542187 0.354136 0.540625 0.354136 0.539062 0.358296 0.535937 0.358296 0.534375 0.362456 0.531250 0.362456 0.529687 0.372856 0.521875 0.374937 0.521875 0.381177 0.517187 0.383257 0.517187 0.387417 0.514062 0.387417 0.509375
2 0.585024 0.359375 0.585024 0.364062 0.589185 0.367188 0.591265 0.367188 0.593345 0.368750 0.595425 0.368750 0.601665 0.373437 0.603745 0.373437 0.605825 0.375000 0.607905 0.375000 0.609985 0.376562 0.609985 0.378125 0.614146 0.381250 0.616226 0.381250 0.616226 0.382812 0.622466 0.387500 0.622466 0.389062 0.624546 0.390625 0.624546 0.392187 0.626626 0.393750 0.626626 0.395312 0.630786 0.398438 0.637026 0.398438 0.637026 0.428125 0.630786 0.428125 0.626626 0.431250 0.626626 0.432812 0.622466 0.435937 0.622466 0.437500 0.616226 0.442187 0.616226 0.443750 0.612065 0.446875 0.609985 0.446875 0.601665 0.453125 0.599585 0.453125 0.597505 0.454687 0.593345 0.454687 0.591265 0.456250 0.587104 0.456250 0.585024 0.457812 0.582944 0.457812 0.580864 0.459375 0.580864 0.464062 0.541343 0.464062 0.541343 0.459375 0.539263 0.457812 0.537183 0.457812 0.535103 0.456250 0.533022 0.456250 0.530942 0.454687 0.526782 0.454687 0.524702 0.453125 0.518462 0.453125 0.516382 0.451562 0.512222 0.451562 0.512222 0.450000 0.510142 0.448437 0.510142 0.446875 0.508062 0.445312 0.508062 0.443750 0.505981 0.442187 0.505981 0.440625 0.503901 0.439062 0.503901 0.437500 0.501821 0.435937 0.501821 0.434375 0.499741 0.432812 0.499741 0.431250 0.495581 0.428125 0.489341 0.428125 0.489341 0.398438 0.495581 0.398438 0.497661 0.396875 0.497661 0.395312 0.499741 0.393750 0.499741 0.392187 0.503901 0.389062 0.503901 0.387500 0.508062 0.384375 0.508062 0.382812 0.514302 0.378125 0.514302 0.376562 0.516382 0.376562 0.524702 0.370312 0.526782 0.370312 0.528862 0.368750 0.530942 0.368750 0.533022 0.367188 0.535103 0.367188 0.539263 0.364062 0.539263 0.359375
1 0.462300 0.459375 0.456060 0.459375 0.456060 0.453125 0.462300 0.453125 0.462300 0.459375 0.468540 0.473437 0.470620 0.473437 0.485181 0.462500 0.487261 0.462500 0.489341 0.460938 0.491421 0.460938 0.493501 0.459375 0.493501 0.453125 0.541343 0.453125 0.541343 0.457812 0.543423 0.459375 0.545503 0.459375 0.547583 0.460938 0.549663 0.460938 0.551743 0.462500 0.553823 0.462500 0.568384 0.473437 0.568384 0.475000 0.570464 0.476562 0.578784 0.476562 0.578784 0.520312 0.572544 0.520312 0.570464 0.521875 0.570464 0.523437 0.568384 0.525000 0.568384 0.528125 0.551743 0.540625 0.549663 0.540625 0.547583 0.542187 0.545503 0.542187 0.543423 0.543750 0.541343 0.543750 0.537183 0.546875 0.537183 0.551562 0.499741 0.551562 0.499741 0.546875 0.493501 0.542187 0.491421 0.542187 0.489341 0.540625 0.487261 0.540625 0.485181 0.539062 0.485181 0.537500 0.483101 0.535937 0.483101 0.529687 0.485181 0.528125 0.483101 0.526562 0.483101 0.525000 0.481021 0.523437 0.481021 0.521875 0.470620 0.514062 0.470620 0.512500 0.462300 0.506250 0.456060 0.506250 0.456060 0.479687 0.462300 0.479687 0.464380 0.478125 0.464380 0.476562 0.468540 0.473437
1 0.499741 0.240625 0.499741 0.245312 0.503901 0.248437 0.508062 0.248437 0.510142 0.250000 0.512222 0.250000 0.514302 0.251562 0.516382 0.251562 0.539263 0.268750 0.545503 0.268750 0.545503 0.312500 0.539263 0.312500 0.535103 0.315625 0.535103 0.317187 0.533022 0.318750 0.533022 0.320312 0.526782 0.325000 0.526782 0.326562 0.524702 0.328125 0.524702 0.329687 0.520542 0.332812 0.520542 0.334375 0.514302 0.339062 0.514302 0.345312 0.443579 0.345312 0.443579 0.339062 0.441499 0.337500 0.439419 0.337500 0.424858 0.326562 0.424858 0.325000 0.422778 0.323437 0.414458 0.323437 0.414458 0.270312 0.422778 0.270312 0.424858 0.268750 0.424858 0.267187 0.426938 0.265625 0.426938 0.264062 0.435259 0.257812 0.435259 0.256250 0.437339 0.256250 0.443579 0.251562 0.445659 0.251562 0.447739 0.250000 0.449819 0.250000 0.451899 0.248437 0.453979 0.248437 0.458140 0.245312 0.458140 0.240625
2 0.545503 0.578125 0.545503 0.582812 0.551743 0.587500 0.553823 0.587500 0.566304 0.596875 0.566304 0.598437 0.568384 0.600000 0.568384 0.601562 0.572544 0.604687 0.578784 0.604687 0.578784 0.646875 0.572544 0.646875 0.568384 0.650000 0.568384 0.651562 0.564224 0.654687 0.564224 0.656250 0.551743 0.665625 0.549663 0.665625 0.547583 0.667187 0.545503 0.667187 0.539263 0.671875 0.539263 0.676562 0.474780 0.676562 0.474780 0.670312 0.472700 0.668750 0.470620 0.668750 0.456060 0.657812 0.456060 0.656250 0.451899 0.653125 0.451899 0.650000 0.449819 0.648438 0.449819 0.646875 0.447739 0.645312 0.447739 0.643750 0.445659 0.642187 0.439419 0.642187 0.439419 0.620312 0.445659 0.620312 0.449819 0.617188 0.449819 0.614062 0.451899 0.612500 0.451899 0.610937 0.458140 0.606250 0.458140 0.604687 0.476860 0.590625 0.476860 0.589062 0.481021 0.585937 0.481021 0.578125
2 0.763911 0.528125 0.763911 0.534375 0.765991 0.535937 0.768071 0.535937 0.770151 0.537500 0.774312 0.537500 0.780552 0.542187 0.782632 0.542187 0.786792 0.545312 0.788872 0.545312 0.788872 0.546875 0.797192 0.553125 0.797192 0.554687 0.801353 0.557812 0.801353 0.559375 0.805513 0.562500 0.811753 0.562500 0.811753 0.601562 0.805513 0.601562 0.801353 0.604687 0.801353 0.606250 0.799272 0.607813 0.799272 0.609375 0.790952 0.615625 0.790952 0.617188 0.786792 0.620312 0.784712 0.620312 0.780552 0.623438 0.778472 0.623438 0.772231 0.628125 0.772231 0.632812 0.711909 0.632812 0.711909 0.628125 0.701509 0.620312 0.701509 0.618750 0.695269 0.614062 0.695269 0.612500 0.686948 0.606250 0.680708 0.606250 0.680708 0.553125 0.686948 0.553125 0.707749 0.537500 0.709829 0.537500 0.711909 0.535937 0.713989 0.535937 0.718149 0.532812 0.718149 0.528125
2 0.370776 0.596875 0.370776 0.601562 0.385337 0.612500 0.385337 0.614062 0.389497 0.617188 0.391577 0.617188 0.391577 0.618750 0.393657 0.620312 0.393657 0.621875 0.406138 0.631250 0.412378 0.631250 0.412378 0.673437 0.406138 0.673437 0.389497 0.685937 0.387417 0.685937 0.381177 0.690625 0.379097 0.690625 0.377017 0.692187 0.374937 0.692187 0.372856 0.693750 0.368696 0.693750 0.364536 0.696875 0.364536 0.701562 0.314614 0.701562 0.314614 0.695312 0.312534 0.693750 0.310454 0.693750 0.306294 0.690625 0.304214 0.690625 0.287573 0.678125 0.287573 0.676562 0.285493 0.675000 0.285493 0.673437 0.283413 0.671875 0.283413 0.670312 0.279253 0.667187 0.273013 0.667187 0.273013 0.632812 0.279253 0.632812 0.283413 0.629687 0.283413 0.628125 0.285493 0.626562 0.285493 0.625000 0.289653 0.621875 0.289653 0.620312 0.295894 0.615625 0.295894 0.614062 0.300054 0.610937 0.302134 0.610937 0.310454 0.604687 0.312534 0.604687 0.316694 0.601562 0.316694 0.596875
2 0.435259 0.403125 0.435259 0.407812 0.439419 0.410937 0.443579 0.410937 0.445659 0.412500 0.447739 0.412500 0.464380 0.425000 0.464380 0.426562 0.466460 0.428125 0.466460 0.429688 0.472700 0.434375 0.478940 0.434375 0.478940 0.475000 0.470620 0.475000 0.466460 0.478125 0.466460 0.479687 0.464380 0.481250 0.464380 0.482812 0.462300 0.484375 0.462300 0.485937 0.460220 0.487500 0.460220 0.489062 0.456060 0.492188 0.447739 0.492188 0.445659 0.493750 0.443579 0.493750 0.441499 0.495312 0.439419 0.495312 0.437339 0.496875 0.435259 0.496875 0.433179 0.498437 0.431099 0.498437 0.429019 0.500000 0.426938 0.500000 0.422778 0.503125 0.422778 0.507812 0.393657 0.507812 0.393657 0.503125 0.391577 0.501562 0.389497 0.501562 0.387417 0.500000 0.383257 0.500000 0.381177 0.498437 0.379097 0.498437 0.377017 0.496875 0.374937 0.496875 0.370776 0.493750 0.368696 0.493750 0.358296 0.485937 0.356216 0.485937 0.354136 0.484375 0.354136 0.482812 0.345815 0.476562 0.339575 0.476562 0.339575 0.434375 0.345815 0.434375 0.352056 0.429688 0.352056 0.428125 0.356216 0.425000 0.356216 0.423437 0.368696 0.414062 0.370776 0.414062 0.374937 0.410937 0.377017 0.410937 0.381177 0.407812 0.381177 0.403125
1 0.557983 0.896875 0.557983 0.901562 0.562144 0.904687 0.564224 0.904687 0.566304 0.906250 0.566304 0.907812 0.568384 0.909375 0.568384 0.910937 0.570464 0.912500 0.570464 0.917187 0.572544 0.918750 0.572544 0.923437 0.574624 0.925000 0.574624 0.928125 0.576704 0.929688 0.576704 0.934375 0.578784 0.935937 0.578784 0.937500 0.580864 0.939062 0.580864 0.942187 0.582944 0.943750 0.582944 0.945312 0.585024 0.946875 0.585024 0.950000 0.587104 0.951562 0.587104 0.953125 0.589185 0.954687 0.595425 0.954687 0.595425 0.998437 0.489341 0.998437 0.489341 0.968750 0.495581 0.968750 0.499741 0.965625 0.499741 0.960938 0.501821 0.959375 0.501821 0.953125 0.499741 0.951562 0.499741 0.950000 0.495581 0.946875 0.489341 0.946875 0.495581 0.946875 0.503901 0.940625 0.503901 0.939062 0.508062 0.935937 0.508062 0.934375 0.510142 0.932812 0.510142 0.931250 0.512222 0.929688 0.512222 0.925000 0.514302 0.923437 0.514302 0.918750 0.516382 0.917187 0.516382 0.914062 0.518462 0.912500 0.518462 0.910937 0.520542 0.909375 0.520542 0.907812 0.522622 0.906250 0.522622 0.904687 0.524702 0.903125 0.524702 0.896875
1 0.736870 0.815625 0.736870 0.929688 0.730630 0.929688 0.726470 0.932812 0.726470 0.934375 0.724390 0.935937 0.724390 0.937500 0.716069 0.943750 0.716069 0.945312 0.703589 0.954687 0.701509 0.954687 0.695269 0.959375 0.693188 0.959375 0.691108 0.960938 0.689028 0.960938 0.682788 0.965625 0.682788 0.970312 0.628706 0.970312 0.628706 0.965625 0.624546 0.962500 0.622466 0.962500 0.618306 0.959375 0.616226 0.959375 0.612065 0.956250 0.607905 0.956250 0.605825 0.954687 0.599585 0.954687 0.597505 0.953125 0.593345 0.953125 0.589185 0.950000 0.589185 0.948437 0.587104 0.946875 0.587104 0.945312 0.585024 0.943750 0.585024 0.942187 0.582944 0.940625 0.582944 0.939062 0.578784 0.935937 0.572544 0.935937 0.572544 0.882812 0.580864 0.882812 0.585024 0.879687 0.587104 0.879687 0.591265 0.876562 0.593345 0.876562 0.595425 0.875000 0.599585 0.875000 0.601665 0.873437 0.603745 0.873437 0.609985 0.868750 0.609985 0.867188 0.612065 0.865625 0.612065 0.862500 0.616226 0.859375 0.616226 0.857812 0.618306 0.856250 0.618306 0.854687 0.620386 0.853125 0.620386 0.851562 0.626626 0.846875 0.626626 0.845312 0.641187 0.834375 0.643267 0.834375 0.649507 0.829687 0.651587 0.829687 0.655747 0.826562 0.659907 0.826562 0.661987 0.825000 0.664067 0.825000 0.666147 0.823437 0.668228 0.823437 0.672388 0.820312 0.672388 0.815625
2 0.481021 0.846875 0.481021 0.851562 0.483101 0.853125 0.485181 0.853125 0.487261 0.854687 0.491421 0.854687 0.493501 0.856250 0.495581 0.856250 0.501821 0.860937 0.503901 0.860937 0.508062 0.864062 0.508062 0.865625 0.510142 0.867188 0.510142 0.868750 0.512222 0.870312 0.512222 0.871875 0.514302 0.873437 0.520542 0.873437 0.520542 0.923437 0.514302 0.923437 0.510142 0.926562 0.510142 0.929688 0.508062 0.931250 0.508062 0.932812 0.505981 0.934375 0.505981 0.935937 0.503901 0.937500 0.503901 0.939062 0.497661 0.943750 0.497661 0.945312 0.495581 0.946875 0.493501 0.946875 0.489341 0.950000 0.487261 0.950000 0.485181 0.951562 0.483101 0.951562 0.481021 0.953125 0.478940 0.953125 0.476860 0.954687 0.472700 0.954687 0.470620 0.956250 0.468540 0.956250 0.466460 0.957812 0.464380 0.957812 0.462300 0.959375 0.462300 0.964062 0.356216 0.964062 0.356216 0.959375 0.352056 0.956250 0.345815 0.956250 0.343735 0.954687 0.335415 0.954687 0.333335 0.953125 0.325015 0.953125 0.322935 0.951562 0.318774 0.951562 0.316694 0.950000 0.310454 0.950000 0.308374 0.948437 0.304214 0.948437 0.302134 0.946875 0.300054 0.946875 0.297974 0.945312 0.295894 0.945312 0.293814 0.943750 0.291733 0.943750 0.289653 0.942187 0.287573 0.942187 0.277173 0.934375 0.277173 0.932812 0.270933 0.928125 0.264692 0.928125 0.264692 0.889062 0.270933 0.889062 0.275093 0.885937 0.275093 0.884375 0.277173 0.882812 0.277173 0.879687 0.281333 0.876562 0.281333 0.875000 0.285493 0.871875 0.285493 0.870312 0.304214 0.856250 0.306294 0.856250 0.312534 0.851562 0.312534 0.846875
2 0.499741 0.240625 0.499741 0.245312 0.503901 0.248437 0.508062 0.248437 0.510142 0.250000 0.512222 0.250000 0.514302 0.251562 0.516382 0.251562 0.535103 0.265625 0.535103 0.267187 0.537183 0.268750 0.545503 0.268750 0.545503 0.312500 0.537183 0.312500 0.535103 0.314062 0.535103 0.317187 0.530942 0.320312 0.530942 0.321875 0.526782 0.325000 0.526782 0.326562 0.524702 0.328125 0.524702 0.329687 0.520542 0.332812 0.520542 0.334375 0.512222 0.340625 0.510142 0.340625 0.505981 0.343750 0.501821 0.343750 0.497661 0.346875 0.497661 0.351562 0.462300 0.351562 0.462300 0.346875 0.458140 0.343750 0.456060 0.343750 0.453979 0.342187 0.449819 0.342187 0.447739 0.340625 0.445659 0.340625 0.441499 0.337500 0.439419 0.337500 0.424858 0.326562 0.424858 0.325000 0.422778 0.323437 0.414458 0.323437 0.414458 0.271875 0.420698 0.271875 0.424858 0.268750 0.424858 0.267187 0.426938 0.265625 0.426938 0.264062 0.443579 0.251562 0.445659 0.251562 0.447739 0.250000 0.449819 0.250000 0.451899 0.248437 0.453979 0.248437 0.458140 0.245312 0.458140 0.240625