1 0.423438 0.487500 0.423438 0.495833 0.415625 0.506250 0.415625 0.508333 0.412500 0.512500 0.412500 0.514583 0.401563 0.529167 0.396875 0.529167 0.396875 0.597917 0.401563 0.597917 0.407813 0.606250 0.407813 0.608333 0.412500 0.614583 0.412500 0.616667 0.415625 0.620833 0.415625 0.622917 0.418750 0.627083 0.418750 0.635417 0.476562 0.635417 0.476562 0.627083 0.478125 0.625000 0.479688 0.625000 0.490625 0.610417 0.490625 0.608333 0.492188 0.606250 0.492188 0.604167 0.493750 0.602083 0.493750 0.600000 0.496875 0.595833 0.501562 0.595833 0.501562 0.529167 0.496875 0.529167 0.493750 0.525000 0.493750 0.522917 0.481250 0.506250 0.481250 0.504167 0.478125 0.500000 0.476562 0.500000 0.475000 0.497917 0.473437 0.497917 0.471875 0.495833 0.471875 0.487500
0 0.354688 0.404167 0.354688 0.410417 0.351562 0.414583 0.348437 0.414583 0.346875 0.416667 0.345313 0.416667 0.342187 0.420833 0.340625 0.420833 0.337500 0.425000 0.335938 0.425000 0.331250 0.431250 0.329688 0.431250 0.318750 0.445833 0.318750 0.447917 0.317187 0.450000 0.317187 0.452083 0.314063 0.456250 0.309375 0.456250 0.309375 0.522917 0.314063 0.522917 0.317187 0.527083 0.317187 0.529167 0.320312 0.533333 0.320312 0.535417 0.332812 0.552083 0.334375 0.552083 0.337500 0.556250 0.339063 0.556250 0.340625 0.558333 0.343750 0.558333 0.346875 0.562500 0.346875 0.568750 0.382812 0.568750 0.382812 0.562500 0.387500 0.556250 0.389062 0.556250 0.395312 0.547917 0.395312 0.545833 0.398438 0.541667 0.398438 0.537500 0.400000 0.535417 0.400000 0.533333 0.401563 0.531250 0.401563 0.529167 0.409375 0.518750 0.409375 0.516667 0.414062 0.510417 0.414062 0.508333 0.415625 0.506250 0.415625 0.504167 0.421875 0.495833 0.426562 0.495833 0.426562 0.462500 0.421875 0.462500 0.418750 0.458333 0.418750 0.456250 0.417188 0.454167 0.417188 0.452083 0.409375 0.441667 0.409375 0.439583 0.406250 0.435417 0.404687 0.435417 0.401563 0.431250 0.401563 0.429167 0.400000 0.427083 0.398438 0.427083 0.389062 0.414583 0.387500 0.414583 0.384375 0.410417 0.384375 0.404167
0 0.512500 0.479167 0.512500 0.487500 0.510938 0.489583 0.509375 0.489583 0.506250 0.493750 0.506250 0.495833 0.501562 0.502083 0.496875 0.502083 0.496875 0.587500 0.501562 0.587500 0.504687 0.591667 0.504687 0.593750 0.509375 0.600000 0.510938 0.600000 0.520312 0.612500 0.520312 0.618750 0.568750 0.618750 0.568750 0.612500 0.571875 0.608333 0.573438 0.608333 0.578125 0.602083 0.579687 0.602083 0.589063 0.589583 0.589063 0.587500 0.592188 0.583333 0.592188 0.581250 0.593750 0.579167 0.593750 0.577083 0.596875 0.572917 0.601562 0.572917 0.601562 0.518750 0.595312 0.518750 0.593750 0.516667 0.593750 0.514583 0.592188 0.512500 0.592188 0.510417 0.589063 0.506250 0.589063 0.504167 0.585938 0.500000 0.585938 0.497917 0.578125 0.487500 0.578125 0.479167
1 0.387500 0.795833 0.387500 0.802083 0.384375 0.806250 0.382812 0.806250 0.381250 0.808333 0.379687 0.808333 0.367188 0.825000 0.367188 0.827083 0.364062 0.831250 0.364062 0.833333 0.362500 0.835417 0.362500 0.837500 0.360938 0.839583 0.360938 0.841667 0.357812 0.845833 0.353125 0.845833 0.353125 0.897917 0.357812 0.897917 0.360938 0.902083 0.360938 0.904167 0.362500 0.906250 0.362500 0.908333 0.365625 0.912500 0.365625 0.914583 0.368750 0.918750 0.368750 0.920833 0.379687 0.935417 0.381250 0.935417 0.384375 0.939583 0.385938 0.939583 0.387500 0.941667 0.389062 0.941667 0.392188 0.945833 0.392188 0.952083 0.440625 0.952083 0.440625 0.945833 0.443750 0.941667 0.445312 0.941667 0.446875 0.939583 0.448438 0.939583 0.450000 0.937500 0.451562 0.937500 0.453125 0.935417 0.454688 0.935417 0.456250 0.933333 0.457812 0.933333 0.460938 0.929167 0.462500 0.929167 0.464063 0.927083 0.464063 0.925000 0.467187 0.920833 0.467187 0.918750 0.471875 0.912500 0.476562 0.912500 0.476562 0.843750 0.471875 0.843750 0.468750 0.839583 0.468750 0.837500 0.467187 0.835417 0.467187 0.833333 0.465625 0.831250 0.465625 0.829167 0.462500 0.825000 0.462500 0.822917 0.451562 0.808333 0.450000 0.808333 0.445312 0.802083 0.445312 0.795833
2 0.426562 0.329167 0.426562 0.335417 0.423438 0.339583 0.421875 0.339583 0.420312 0.341667 0.417188 0.341667 0.412500 0.347917 0.410937 0.347917 0.395312 0.368750 0.390625 0.368750 0.390625 0.420833 0.396875 0.420833 0.414062 0.443750 0.414062 0.445833 0.418750 0.452083 0.418750 0.454167 0.420312 0.456250 0.420312 0.458333 0.421875 0.460417 0.421875 0.462500 0.428125 0.470833 0.428125 0.477083 0.431250 0.477083 0.431250 0.470833 0.432813 0.468750 0.446875 0.468750 0.448438 0.470833 0.448438 0.477083 0.471875 0.477083 0.471875 0.470833 0.478125 0.462500 0.479688 0.462500 0.479688 0.460417 0.490625 0.445833 0.495313 0.445833 0.495313 0.360417 0.489062 0.360417 0.476562 0.343750 0.475000 0.343750 0.473437 0.341667 0.471875 0.341667 0.470313 0.339583 0.468750 0.339583 0.465625 0.335417 0.465625 0.329167
1 0.518750 0.345833 0.518750 0.354167 0.517187 0.356250 0.515625 0.356250 0.514063 0.358333 0.512500 0.358333 0.504687 0.368750 0.503125 0.368750 0.495313 0.379167 0.490625 0.379167 0.490625 0.450000 0.495313 0.450000 0.500000 0.456250 0.500000 0.458333 0.501562 0.460417 0.501562 0.462500 0.504687 0.466667 0.504687 0.468750 0.506250 0.468750 0.509375 0.472917 0.510938 0.472917 0.512500 0.475000 0.514063 0.475000 0.517187 0.479167 0.517187 0.485417 0.564062 0.485417 0.564062 0.479167 0.567187 0.475000 0.568750 0.475000 0.571875 0.470833 0.573438 0.470833 0.578125 0.464583 0.578125 0.462500 0.582812 0.456250 0.582812 0.454167 0.584375 0.452083 0.584375 0.450000 0.585938 0.447917 0.585938 0.445833 0.587500 0.443750 0.587500 0.441667 0.590625 0.437500 0.595312 0.437500 0.595312 0.402083 0.590625 0.402083 0.589063 0.400000 0.589063 0.397917 0.587500 0.395833 0.587500 0.393750 0.585938 0.391667 0.585938 0.389583 0.584375 0.387500 0.584375 0.385417 0.579687 0.379167 0.579687 0.377083 0.576563 0.372917 0.576563 0.370833 0.571875 0.364583 0.571875 0.362500 0.570312 0.360417 0.568750 0.360417 0.564062 0.354167 0.564062 0.345833
2 0.603125 0.395833 0.603125 0.404167 0.596875 0.412500 0.596875 0.414583 0.595312 0.416667 0.595312 0.420833 0.593750 0.422917 0.593750 0.429167 0.592188 0.431250 0.592188 0.433333 0.590625 0.435417 0.590625 0.437500 0.589063 0.439583 0.589063 0.441667 0.587500 0.443750 0.587500 0.445833 0.585938 0.447917 0.585938 0.450000 0.582812 0.454167 0.578125 0.454167 0.578125 0.485417 0.582812 0.485417 0.585938 0.489583 0.585938 0.491667 0.590625 0.497917 0.590625 0.500000 0.595312 0.506250 0.595312 0.508333 0.596875 0.510417 0.596875 0.512500 0.598437 0.514583 0.598437 0.516667 0.601562 0.520833 0.603125 0.520833 0.609375 0.529167 0.609375 0.535417 0.650000 0.535417 0.650000 0.529167 0.654688 0.522917 0.656250 0.522917 0.659375 0.518750 0.660937 0.518750 0.671875 0.504167 0.671875 0.502083 0.675000 0.497917 0.675000 0.495833 0.676562 0.493750 0.682813 0.493750 0.682813 0.433333 0.676562 0.433333 0.675000 0.431250 0.675000 0.429167 0.671875 0.425000 0.671875 0.422917 0.665625 0.414583 0.665625 0.412500 0.664062 0.410417 0.662500 0.410417 0.656250 0.402083 0.656250 0.395833
2 0.550000 0.629167 0.550000 0.635417 0.542188 0.645833 0.540625 0.645833 0.529688 0.660417 0.529688 0.662500 0.525000 0.668750 0.525000 0.670833 0.523438 0.672917 0.523438 0.675000 0.521875 0.677083 0.521875 0.679167 0.520312 0.681250 0.515625 0.681250 0.515625 0.720833 0.520312 0.720833 0.521875 0.722917 0.521875 0.725000 0.523438 0.727083 0.523438 0.729167 0.525000 0.731250 0.525000 0.733333 0.529688 0.739583 0.529688 0.741667 0.540625 0.756250 0.542188 0.756250 0.546875 0.762500 0.550000 0.762500 0.551562 0.764583 0.554688 0.764583 0.556250 0.766667 0.557813 0.766667 0.559375 0.768750 0.560938 0.768750 0.562500 0.770833 0.562500 0.777083 0.589063 0.777083 0.589063 0.770833 0.592188 0.766667 0.593750 0.766667 0.595312 0.764583 0.598437 0.764583 0.600000 0.762500 0.601562 0.762500 0.606250 0.756250 0.607813 0.756250 0.615625 0.745833 0.615625 0.743750 0.617188 0.741667 0.617188 0.739583 0.618750 0.737500 0.618750 0.735417 0.620313 0.733333 0.626562 0.733333 0.626562 0.670833 0.621875 0.670833 0.617188 0.664583 0.617188 0.662500 0.610937 0.654167 0.610937 0.652083 0.609375 0.652083 0.604688 0.645833 0.603125 0.645833 0.600000 0.641667 0.598437 0.641667 0.596875 0.639583 0.595312 0.639583 0.592188 0.635417 0.592188 0.629167
2 0.340625 0.570833 0.340625 0.577083 0.337500 0.581250 0.335938 0.581250 0.329688 0.589583 0.328125 0.589583 0.317187 0.604167 0.317187 0.606250 0.315625 0.608333 0.309375 0.608333 0.309375 0.683333 0.314063 0.683333 0.318750 0.689583 0.318750 0.691667 0.329688 0.706250 0.331250 0.706250 0.335938 0.712500 0.339063 0.712500 0.340625 0.714583 0.342187 0.714583 0.343750 0.716667 0.346875 0.716667 0.350000 0.720833 0.350000 0.727083 0.378125 0.727083 0.378125 0.720833 0.381250 0.716667 0.382812 0.716667 0.384375 0.714583 0.385938 0.714583 0.387500 0.712500 0.390625 0.712500 0.400000 0.700000 0.401563 0.700000 0.409375 0.689583 0.409375 0.687500 0.410937 0.685417 0.410937 0.683333 0.415625 0.677083 0.420312 0.677083 0.420312 0.622917 0.415625 0.622917 0.409375 0.614583 0.409375 0.612500 0.403125 0.604167 0.403125 0.602083 0.387500 0.581250 0.385938 0.581250 0.382812 0.577083 0.382812 0.570833
2 0.285937 0.304167 0.285937 0.310417 0.281250 0.316667 0.279687 0.316667 0.278125 0.318750 0.276563 0.318750 0.270312 0.327083 0.268750 0.327083 0.268750 0.329167 0.262500 0.337500 0.262500 0.339583 0.260938 0.341667 0.260938 0.343750 0.259375 0.345833 0.253125 0.345833 0.253125 0.406250 0.257812 0.406250 0.260938 0.410417 0.260938 0.412500 0.264062 0.416667 0.264062 0.418750 0.278125 0.437500 0.279687 0.437500 0.281250 0.439583 0.282813 0.439583 0.284375 0.441667 0.285937 0.441667 0.289062 0.445833 0.289062 0.452083 0.317187 0.452083 0.317187 0.443750 0.318750 0.441667 0.320312 0.441667 0.329688 0.429167 0.331250 0.429167 0.337500 0.420833 0.339063 0.420833 0.340625 0.418750 0.342187 0.418750 0.346875 0.412500 0.348437 0.412500 0.350000 0.410417 0.351562 0.410417 0.356250 0.404167 0.357812 0.404167 0.362500 0.397917 0.362500 0.395833 0.365625 0.391667 0.370313 0.391667 0.370313 0.354167 0.365625 0.354167 0.362500 0.350000 0.362500 0.347917 0.360938 0.345833 0.360938 0.343750 0.359375 0.341667 0.359375 0.339583 0.356250 0.335417 0.356250 0.333333 0.345313 0.318750 0.343750 0.318750 0.337500 0.310417 0.337500 0.304167
2 0.253125 0.000000 0.253125 0.045833 0.257812 0.045833 0.260938 0.050000 0.260938 0.054167 0.262500 0.056250 0.262500 0.060417 0.265625 0.064583 0.265625 0.066667 0.268750 0.070833 0.268750 0.072917 0.271875 0.077083 0.271875 0.079167 0.278125 0.087500 0.279687 0.087500 0.282813 0.091667 0.284375 0.091667 0.289062 0.097917 0.290625 0.097917 0.292188 0.100000 0.293750 0.100000 0.295312 0.102083 0.296875 0.102083 0.298438 0.104167 0.298438 0.110417 0.334375 0.110417 0.334375 0.104167 0.335938 0.102083 0.340625 0.102083 0.342187 0.100000 0.364062 0.100000 0.365625 0.097917 0.398438 0.097917 0.400000 0.095833 0.425000 0.095833 0.426562 0.093750 0.429688 0.093750 0.431250 0.091667 0.434375 0.091667 0.435937 0.089583 0.439063 0.089583 0.448438 0.077083 0.448438 0.070833 0.450000 0.068750 0.450000 0.064583 0.453125 0.060417 0.457812 0.060417 0.457812 0.016667 0.453125 0.016667 0.450000 0.012500 0.450000 0.008333 0.448438 0.006250 0.448438 0.000000
1 0.823438 0.145833 0.823438 0.152083 0.821875 0.154167 0.820312 0.154167 0.818750 0.156250 0.815625 0.156250 0.814062 0.158333 0.812500 0.158333 0.809375 0.162500 0.803125 0.162500 0.801562 0.164583 0.796875 0.164583 0.796875 0.256250 0.801562 0.256250 0.803125 0.258333 0.803125 0.260417 0.806250 0.264583 0.810938 0.264583 0.812500 0.262500 0.814062 0.262500 0.820312 0.270833 0.821875 0.270833 0.823438 0.272917 0.823438 0.275000 0.828125 0.281250 0.828125 0.283333 0.829687 0.285417 0.829687 0.287500 0.831250 0.289583 0.831250 0.291667 0.832812 0.293750 0.832812 0.295833 0.834375 0.297917 0.834375 0.302083 0.835938 0.304167 0.835938 0.306250 0.837500 0.308333 0.837500 0.312500 0.839063 0.314583 0.839063 0.318750 0.840625 0.320833 0.840625 0.325000 0.842188 0.327083 0.842188 0.333333 0.843750 0.335417 0.843750 0.341667 0.845312 0.343750 0.845312 0.347917 0.846875 0.350000 0.846875 0.354167 0.848437 0.356250 0.848437 0.360417 0.850000 0.362500 0.850000 0.366667 0.851562 0.368750 0.851562 0.370833 0.853125 0.372917 0.853125 0.375000 0.854688 0.377083 0.854688 0.379167 0.856250 0.381250 0.856250 0.383333 0.859375 0.387500 0.859375 0.389583 0.868750 0.402083 0.870313 0.402083 0.873438 0.406250 0.875000 0.406250 0.876562 0.408333 0.878125 0.408333 0.881250 0.412500 0.881250 0.418750 0.926562 0.418750 0.926562 0.412500 0.929688 0.408333 0.931250 0.408333 0.932813 0.406250 0.934375 0.406250 0.939062 0.400000 0.940625 0.400000 0.946875 0.391667 0.946875 0.389583 0.950000 0.385417 0.950000 0.383333 0.951563 0.381250 0.951563 0.379167 0.954687 0.375000 0.954687 0.370833 0.956250 0.368750 0.956250 0.364583 0.957812 0.362500 0.957812 0.360417 0.959375 0.358333 0.959375 0.356250 0.960938 0.354167 0.960938 0.350000 0.962500 0.347917 0.962500 0.337500 0.964063 0.335417 0.964063 0.333333 0.965625 0.331250 0.970312 0.331250 0.970312 0.264583 0.965625 0.264583 0.964063 0.262500 0.964063 0.260417 0.962500 0.258333 0.962500 0.254167 0.960938 0.252083 0.960938 0.250000 0.959375 0.247917 0.959375 0.245833 0.957812 0.243750 0.957812 0.241667 0.956250 0.239583 0.956250 0.235417 0.954687 0.233333 0.954687 0.231250 0.953125 0.229167 0.953125 0.227083 0.951563 0.225000 0.951563 0.222917 0.948438 0.218750 0.948438 0.216667 0.943750 0.210417 0.943750 0.208333 0.940625 0.204167 0.940625 0.202083 0.935938 0.195833 0.935938 0.193750 0.914062 0.164583 0.912500 0.164583 0.907812 0.158333 0.906250 0.158333 0.904688 0.156250 0.903125 0.156250 0.900000 0.152083 0.900000 0.145833
2 0.000000 0.237500 0.000000 0.997917 0.132812 0.997917 0.132812 0.416667 0.128125 0.416667 0.126563 0.414583 0.126563 0.412500 0.125000 0.410417 0.125000 0.404167 0.123438 0.402083 0.123438 0.395833 0.121875 0.393750 0.121875 0.389583 0.120312 0.387500 0.120312 0.383333 0.118750 0.381250 0.118750 0.377083 0.117188 0.375000 0.117188 0.370833 0.115625 0.368750 0.115625 0.366667 0.114063 0.364583 0.114063 0.362500 0.112500 0.360417 0.112500 0.358333 0.104687 0.347917 0.104687 0.345833 0.100000 0.339583 0.098438 0.339583 0.092188 0.331250 0.090625 0.331250 0.078125 0.314583 0.076563 0.314583 0.073437 0.310417 0.073437 0.308333 0.071875 0.308333 0.059375 0.291667 0.057813 0.291667 0.042188 0.270833 0.040625 0.270833 0.035937 0.264583 0.034375 0.264583 0.029687 0.258333 0.028125 0.258333 0.025000 0.254167 0.023438 0.254167 0.020312 0.250000 0.018750 0.250000 0.017188 0.247917 0.015625 0.247917 0.014062 0.245833 0.012500 0.245833 0.010937 0.243750 0.010937 0.237500