0 0.277690 0.465625 0.277690 0.470312 0.273530 0.473437 0.271450 0.473437 0.269370 0.475000 0.267290 0.475000 0.265210 0.476562 0.263130 0.476562 0.246489 0.489062 0.246489 0.490625 0.242329 0.493750 0.242329 0.495312 0.240249 0.496875 0.240249 0.500000 0.236089 0.503125 0.229849 0.503125 0.229849 0.543750 0.236089 0.543750 0.240249 0.546875 0.240249 0.548437 0.242329 0.550000 0.242329 0.551562 0.244409 0.553125 0.244409 0.554687 0.252729 0.560937 0.252729 0.562500 0.263130 0.570312 0.265210 0.570312 0.271450 0.575000 0.273530 0.575000 0.277690 0.578125 0.277690 0.582812 0.344253 0.582812 0.344253 0.578125 0.348413 0.575000 0.350493 0.575000 0.352573 0.573437 0.354653 0.573437 0.358813 0.570312 0.360894 0.570312 0.377534 0.557812 0.377534 0.556250 0.381694 0.553125 0.381694 0.551562 0.383774 0.550000 0.383774 0.548437 0.387935 0.545312 0.394175 0.545312 0.394175 0.503125 0.387935 0.503125 0.383774 0.500000 0.383774 0.498437 0.381694 0.496875 0.381694 0.495312 0.379614 0.493750 0.379614 0.492188 0.375454 0.489062 0.375454 0.487500 0.358813 0.475000 0.356733 0.475000 0.354653 0.473437 0.352573 0.473437 0.350493 0.471875 0.350493 0.465625
1 0.560581 0.453125 0.560581 0.459375 0.558501 0.460938 0.556421 0.460938 0.554341 0.462500 0.552261 0.462500 0.543940 0.468750 0.541860 0.468750 0.533540 0.475000 0.533540 0.476562 0.527300 0.481250 0.527300 0.482812 0.523140 0.485937 0.523140 0.489062 0.518979 0.492188 0.512739 0.492188 0.512739 0.535937 0.518979 0.535937 0.523140 0.539062 0.523140 0.540625 0.527300 0.543750 0.527300 0.545312 0.535620 0.551562 0.535620 0.553125 0.537700 0.554687 0.539780 0.554687 0.546021 0.559375 0.548101 0.559375 0.552261 0.562500 0.554341 0.562500 0.558501 0.565625 0.558501 0.570312 0.629224 0.570312 0.629224 0.564062 0.631304 0.562500 0.633384 0.562500 0.635464 0.560937 0.637544 0.560937 0.641704 0.557812 0.643784 0.557812 0.656265 0.548437 0.656265 0.546875 0.662505 0.542187 0.662505 0.540625 0.664585 0.539062 0.664585 0.535937 0.666665 0.534375 0.666665 0.532812 0.670825 0.529687 0.677065 0.529687 0.677065 0.503125 0.670825 0.503125 0.668745 0.501562 0.668745 0.500000 0.666665 0.498437 0.666665 0.495312 0.664585 0.493750 0.664585 0.492188 0.662505 0.490625 0.662505 0.489062 0.658345 0.485937 0.658345 0.484375 0.645864 0.475000 0.643784 0.475000 0.639624 0.471875 0.637544 0.471875 0.633384 0.468750 0.631304 0.468750 0.629224 0.467187 0.627144 0.467187 0.620903 0.462500 0.618823 0.462500 0.616743 0.460938 0.614663 0.460938 0.610503 0.457812 0.610503 0.453125
1 0.375454 0.328125 0.375454 0.334375 0.373374 0.335938 0.371294 0.335938 0.358813 0.345312 0.358813 0.346875 0.356733 0.348437 0.356733 0.350000 0.350493 0.354687 0.350493 0.356250 0.348413 0.357812 0.348413 0.359375 0.344253 0.362500 0.338013 0.362500 0.338013 0.407812 0.344253 0.407812 0.348413 0.410937 0.348413 0.412500 0.356733 0.418750 0.356733 0.420312 0.358813 0.421875 0.360894 0.421875 0.367134 0.426562 0.369214 0.426562 0.373374 0.429688 0.375454 0.429688 0.377534 0.431250 0.379614 0.431250 0.383774 0.434375 0.383774 0.439062 0.439936 0.439062 0.439936 0.434375 0.448257 0.428125 0.450337 0.428125 0.452417 0.426562 0.454497 0.426562 0.464897 0.418750 0.464897 0.417187 0.466978 0.415625 0.466978 0.414062 0.471138 0.410937 0.477378 0.410937 0.477378 0.357812 0.469058 0.357812 0.466978 0.356250 0.466978 0.354687 0.462817 0.351562 0.462817 0.350000 0.458657 0.346875 0.456577 0.346875 0.450337 0.342187 0.448257 0.342187 0.444097 0.339062 0.442017 0.339062 0.439936 0.337500 0.437856 0.337500 0.435776 0.335938 0.433696 0.335938 0.429536 0.332812 0.429536 0.328125
1 0.258970 0.596875 0.258970 0.601562 0.254810 0.604687 0.250649 0.604687 0.246489 0.607813 0.244409 0.607813 0.238169 0.612500 0.236089 0.612500 0.225688 0.620312 0.225688 0.621875 0.221528 0.625000 0.213208 0.625000 0.213208 0.693750 0.221528 0.693750 0.229849 0.700000 0.229849 0.701562 0.231929 0.701562 0.244409 0.710938 0.246489 0.710938 0.252729 0.715625 0.252729 0.720312 0.335933 0.720312 0.335933 0.715625 0.342173 0.710938 0.344253 0.710938 0.348413 0.707812 0.350493 0.707812 0.356733 0.703125 0.356733 0.701562 0.365054 0.695312 0.365054 0.693750 0.371294 0.689062 0.377534 0.689062 0.377534 0.632812 0.371294 0.632812 0.367134 0.629687 0.367134 0.628125 0.365054 0.626562 0.365054 0.625000 0.342173 0.607813 0.340093 0.607813 0.338013 0.606250 0.335933 0.606250 0.329692 0.601562 0.329692 0.596875
0 0.523140 0.334375 0.523140 0.339062 0.518979 0.342187 0.516899 0.342187 0.514819 0.343750 0.512739 0.343750 0.510659 0.345312 0.508579 0.345312 0.506499 0.346875 0.504419 0.346875 0.500259 0.350000 0.498179 0.350000 0.483618 0.360937 0.483618 0.362500 0.477378 0.367188 0.471138 0.367188 0.471138 0.428125 0.477378 0.428125 0.485698 0.434375 0.485698 0.435937 0.504419 0.450000 0.506499 0.450000 0.510659 0.453125 0.510659 0.457812 0.577222 0.457812 0.577222 0.453125 0.581382 0.450000 0.583462 0.450000 0.585542 0.448437 0.587622 0.448437 0.591782 0.445312 0.593862 0.445312 0.610503 0.432812 0.610503 0.431250 0.614663 0.428125 0.614663 0.426562 0.616743 0.425000 0.616743 0.423437 0.620903 0.420312 0.627144 0.420312 0.627144 0.375000 0.620903 0.375000 0.616743 0.371875 0.616743 0.368750 0.612583 0.365625 0.612583 0.364062 0.606343 0.359375 0.606343 0.357812 0.595942 0.350000 0.593862 0.350000 0.587622 0.345312 0.585542 0.345312 0.583462 0.343750 0.581382 0.343750 0.579302 0.342187 0.577222 0.342187 0.573062 0.339062 0.573062 0.334375
2 0.568901 0.871875 0.568901 0.876562 0.562661 0.881250 0.562661 0.882812 0.556421 0.887500 0.556421 0.889062 0.554341 0.890625 0.554341 0.892187 0.552261 0.893750 0.552261 0.895312 0.550181 0.896875 0.550181 0.898438 0.548101 0.900000 0.548101 0.901562 0.543940 0.904687 0.543940 0.906250 0.539780 0.909375 0.539780 0.910937 0.537700 0.912500 0.537700 0.914062 0.535620 0.915625 0.529380 0.915625 0.529380 0.957812 0.535620 0.957812 0.537700 0.959375 0.537700 0.962500 0.539780 0.964062 0.539780 0.968750 0.541860 0.970312 0.541860 0.975000 0.543940 0.976562 0.543940 0.982812 0.546021 0.984375 0.546021 0.985937 0.548101 0.987500 0.548101 0.989062 0.552261 0.992188 0.554341 0.992188 0.560581 0.996875 0.560581 0.998437 0.860112 0.998437 0.860112 0.951562 0.853872 0.951562 0.849712 0.948437 0.849712 0.945312 0.847632 0.943750 0.847632 0.940625 0.841392 0.935937 0.841392 0.934375 0.839311 0.932812 0.839311 0.931250 0.835151 0.928125 0.835151 0.926562 0.812270 0.909375 0.810190 0.909375 0.806030 0.906250 0.803950 0.906250 0.801870 0.904687 0.799790 0.904687 0.797710 0.903125 0.795630 0.903125 0.793550 0.901562 0.791470 0.901562 0.789390 0.900000 0.787310 0.900000 0.785229 0.898438 0.778989 0.898438 0.776909 0.896875 0.762349 0.896875 0.760269 0.895312 0.749868 0.895312 0.747788 0.893750 0.737388 0.893750 0.735308 0.892187 0.720747 0.892187 0.718667 0.890625 0.710347 0.890625 0.708267 0.889062 0.704106 0.889062 0.702026 0.887500 0.693706 0.887500 0.691626 0.885937 0.683306 0.885937 0.681226 0.884375 0.674985 0.884375 0.672905 0.882812 0.670825 0.882812 0.668745 0.881250 0.662505 0.881250 0.660425 0.879687 0.656265 0.879687 0.654185 0.878125 0.645864 0.878125 0.643784 0.876562 0.643784 0.871875
2 0.439936 0.228125 0.439936 0.232812 0.437856 0.234375 0.435776 0.234375 0.433696 0.235937 0.431616 0.235937 0.427456 0.239062 0.425376 0.239062 0.421216 0.242188 0.419136 0.242188 0.406655 0.251562 0.406655 0.253125 0.400415 0.257812 0.400415 0.259375 0.398335 0.260937 0.398335 0.262500 0.394175 0.265625 0.387935 0.265625 0.387935 0.307813 0.394175 0.307813 0.400415 0.312500 0.400415 0.314062 0.402495 0.315625 0.402495 0.317187 0.408735 0.321875 0.408735 0.323437 0.412896 0.326562 0.414976 0.326562 0.417056 0.328125 0.419136 0.328125 0.421216 0.329687 0.423296 0.329687 0.427456 0.332812 0.429536 0.332812 0.431616 0.334375 0.435776 0.334375 0.439936 0.337500 0.442017 0.337500 0.446177 0.340625 0.446177 0.345312 0.485698 0.345312 0.485698 0.340625 0.489858 0.337500 0.494019 0.337500 0.496099 0.335938 0.498179 0.335938 0.500259 0.334375 0.502339 0.334375 0.504419 0.332812 0.506499 0.332812 0.508579 0.331250 0.510659 0.331250 0.514819 0.328125 0.516899 0.328125 0.525220 0.321875 0.525220 0.320312 0.529380 0.317187 0.529380 0.315625 0.531460 0.314062 0.531460 0.312500 0.533540 0.310937 0.533540 0.309375 0.537700 0.306250 0.543940 0.306250 0.543940 0.267187 0.537700 0.267187 0.533540 0.264062 0.533540 0.262500 0.531460 0.260937 0.531460 0.259375 0.529380 0.257812 0.529380 0.256250 0.523140 0.251562 0.523140 0.250000 0.512739 0.242188 0.510659 0.242188 0.504419 0.237500 0.502339 0.237500 0.500259 0.235937 0.498179 0.235937 0.496099 0.234375 0.494019 0.234375 0.491938 0.232812 0.491938 0.228125
2 0.252729 0.365625 0.252729 0.370312 0.248569 0.373437 0.246489 0.373437 0.244409 0.375000 0.242329 0.375000 0.240249 0.376562 0.238169 0.376562 0.231929 0.381250 0.229849 0.381250 0.225688 0.384375 0.225688 0.385937 0.219448 0.390625 0.219448 0.392187 0.217368 0.393750 0.217368 0.395312 0.215288 0.396875 0.215288 0.398438 0.213208 0.400000 0.204888 0.400000 0.204888 0.445312 0.211128 0.445312 0.215288 0.448437 0.215288 0.450000 0.219448 0.453125 0.219448 0.454687 0.227769 0.460938 0.227769 0.462500 0.231929 0.465625 0.234009 0.465625 0.236089 0.467187 0.238169 0.467187 0.240249 0.468750 0.242329 0.468750 0.246489 0.471875 0.246489 0.476562 0.277690 0.476562 0.277690 0.471875 0.281851 0.468750 0.283931 0.468750 0.286011 0.467187 0.290171 0.467187 0.292251 0.465625 0.306812 0.465625 0.308892 0.464062 0.315132 0.464062 0.317212 0.462500 0.325532 0.462500 0.327612 0.460938 0.329692 0.460938 0.344253 0.450000 0.344253 0.448437 0.346333 0.446875 0.352573 0.446875 0.352573 0.414062 0.346333 0.414062 0.340093 0.409375 0.340093 0.406250 0.338013 0.404687 0.338013 0.403125 0.335933 0.401562 0.335933 0.398438 0.333853 0.396875 0.333853 0.392187 0.331772 0.390625 0.331772 0.387500 0.329692 0.385937 0.329692 0.384375 0.325532 0.381250 0.325532 0.379687 0.317212 0.373437 0.315132 0.373437 0.313052 0.371875 0.313052 0.365625
1 0.304731 0.803125 0.304731 0.807812 0.300571 0.810937 0.298491 0.810937 0.296411 0.812500 0.294331 0.812500 0.288091 0.817187 0.286011 0.817187 0.279770 0.821875 0.277690 0.821875 0.265210 0.831250 0.265210 0.832812 0.261050 0.835938 0.254810 0.835938 0.254810 0.904687 0.261050 0.904687 0.265210 0.907812 0.265210 0.909375 0.267290 0.910937 0.267290 0.912500 0.269370 0.914062 0.269370 0.915625 0.273530 0.918750 0.273530 0.920312 0.275610 0.921875 0.275610 0.923437 0.277690 0.925000 0.277690 0.926562 0.283931 0.931250 0.283931 0.932812 0.302651 0.946875 0.304731 0.946875 0.308892 0.950000 0.310972 0.950000 0.313052 0.951562 0.313052 0.957812 0.375454 0.957812 0.375454 0.953125 0.379614 0.950000 0.408735 0.950000 0.410815 0.948437 0.412896 0.948437 0.417056 0.945312 0.417056 0.942187 0.419136 0.940625 0.419136 0.939062 0.427456 0.932812 0.427456 0.931250 0.435776 0.925000 0.435776 0.923437 0.437856 0.921875 0.437856 0.920312 0.439936 0.918750 0.439936 0.917187 0.442017 0.915625 0.442017 0.914062 0.444097 0.912500 0.444097 0.909375 0.446177 0.907812 0.446177 0.906250 0.448257 0.904687 0.448257 0.900000 0.450337 0.898438 0.450337 0.895312 0.452417 0.893750 0.452417 0.892187 0.454497 0.890625 0.460737 0.890625 0.460737 0.857812 0.452417 0.857812 0.450337 0.856250 0.450337 0.854687 0.446177 0.851562 0.446177 0.850000 0.429536 0.837500 0.427456 0.837500 0.425376 0.835938 0.425376 0.834375 0.423296 0.832812 0.423296 0.829687 0.421216 0.828125 0.421216 0.820312 0.419136 0.818750 0.419136 0.815625 0.417056 0.814062 0.417056 0.812500 0.414976 0.810937 0.414976 0.803125 0.348413 0.803125 0.348413 0.807812 0.346333 0.809375 0.344253 0.807812 0.344253 0.803125
2 0.385854 0.537500 0.379614 0.537500 0.379614 0.545312 0.385854 0.545312 0.385854 0.537500 0.398335 0.525000 0.402495 0.528125 0.404575 0.528125 0.408735 0.531250 0.410815 0.531250 0.412896 0.532812 0.414976 0.532812 0.419136 0.535937 0.423296 0.535937 0.425376 0.537500 0.427456 0.537500 0.431616 0.540625 0.431616 0.545312 0.469058 0.545312 0.469058 0.540625 0.475298 0.535937 0.477378 0.535937 0.479458 0.534375 0.481538 0.534375 0.489858 0.528125 0.491938 0.528125 0.494019 0.526562 0.494019 0.525000 0.500259 0.520312 0.500259 0.518750 0.504419 0.515625 0.510659 0.515625 0.510659 0.460938 0.504419 0.460938 0.491938 0.451562 0.489858 0.451562 0.479458 0.443750 0.477378 0.443750 0.475298 0.442187 0.473218 0.442187 0.471138 0.440625 0.471138 0.434375 0.423296 0.434375 0.423296 0.439062 0.419136 0.442187 0.414976 0.442187 0.412896 0.443750 0.410815 0.443750 0.406655 0.446875 0.404575 0.446875 0.400415 0.450000 0.398335 0.450000 0.390015 0.456250 0.390015 0.457812 0.385854 0.460938 0.379614 0.460938 0.379614 0.509375 0.385854 0.509375 0.392095 0.514062 0.392095 0.515625 0.396255 0.518750 0.396255 0.520312 0.398335 0.521875 0.398335 0.525000
2 0.431616 0.571875 0.431616 0.576562 0.427456 0.579687 0.425376 0.579687 0.421216 0.582812 0.419136 0.582812 0.402495 0.595312 0.402495 0.596875 0.398335 0.600000 0.398335 0.601562 0.396255 0.603125 0.387935 0.603125 0.387935 0.657812 0.396255 0.657812 0.398335 0.659375 0.398335 0.660937 0.402495 0.664062 0.402495 0.665625 0.419136 0.678125 0.421216 0.678125 0.427456 0.682812 0.429536 0.682812 0.431616 0.684375 0.433696 0.684375 0.435776 0.685937 0.437856 0.685937 0.439936 0.687500 0.442017 0.687500 0.444097 0.689062 0.444097 0.695312 0.494019 0.695312 0.494019 0.690625 0.498179 0.687500 0.500259 0.687500 0.502339 0.685937 0.504419 0.685937 0.506499 0.684375 0.508579 0.684375 0.514819 0.679688 0.516899 0.679688 0.525220 0.673437 0.527300 0.673437 0.533540 0.668750 0.533540 0.667187 0.537700 0.664062 0.537700 0.662500 0.541860 0.659375 0.541860 0.657812 0.546021 0.654687 0.552261 0.654687 0.552261 0.610937 0.546021 0.610937 0.541860 0.607813 0.541860 0.606250 0.539780 0.604687 0.539780 0.603125 0.533540 0.598437 0.533540 0.596875 0.512739 0.581250 0.510659 0.581250 0.504419 0.576562 0.504419 0.571875
2 0.697866 0.409375 0.697866 0.414062 0.691626 0.418750 0.689546 0.418750 0.687466 0.420312 0.685386 0.420312 0.670825 0.431250 0.670825 0.432812 0.666665 0.435937 0.666665 0.437500 0.660425 0.442187 0.654185 0.442187 0.654185 0.485937 0.660425 0.485937 0.664585 0.489062 0.664585 0.490625 0.668745 0.493750 0.668745 0.495312 0.670825 0.496875 0.670825 0.498437 0.681226 0.506250 0.681226 0.507812 0.685386 0.510937 0.687466 0.510937 0.695786 0.517187 0.697866 0.517187 0.702026 0.520312 0.704106 0.520312 0.706186 0.521875 0.708267 0.521875 0.710347 0.523437 0.714507 0.523437 0.716587 0.525000 0.720747 0.525000 0.722827 0.526562 0.724907 0.526562 0.726987 0.528125 0.726987 0.532812 0.760269 0.532812 0.760269 0.528125 0.764429 0.525000 0.768589 0.525000 0.770669 0.523437 0.772749 0.523437 0.774829 0.521875 0.776909 0.521875 0.781069 0.518750 0.783149 0.518750 0.803950 0.503125 0.803950 0.501562 0.806030 0.500000 0.806030 0.498437 0.808110 0.496875 0.808110 0.495312 0.812270 0.492188 0.818511 0.492188 0.818511 0.446875 0.812270 0.446875 0.806030 0.442187 0.806030 0.440625 0.803950 0.439062 0.803950 0.437500 0.797710 0.432812 0.797710 0.431250 0.787310 0.423437 0.785229 0.423437 0.776909 0.417187 0.774829 0.417187 0.772749 0.415625 0.772749 0.409375
1 0.442017 0.915625 0.442017 0.920312 0.435776 0.925000 0.435776 0.926562 0.431616 0.929688 0.431616 0.931250 0.427456 0.934375 0.427456 0.935937 0.425376 0.937500 0.425376 0.939062 0.423296 0.940625 0.423296 0.943750 0.421216 0.945312 0.421216 0.946875 0.414976 0.951562 0.414976 0.953125 0.410815 0.956250 0.410815 0.959375 0.408735 0.960938 0.408735 0.962500 0.406655 0.964062 0.406655 0.965625 0.404575 0.967187 0.396255 0.967187 0.396255 0.998437 0.529380 0.998437 0.529380 0.996875 0.527300 0.995312 0.527300 0.990625 0.529380 0.989062 0.529380 0.987500 0.531460 0.985937 0.531460 0.976562 0.533540 0.975000 0.533540 0.973437 0.537700 0.970312 0.541860 0.973437 0.541860 0.982812 0.543940 0.984375 0.546021 0.984375 0.548101 0.985937 0.548101 0.987500 0.554341 0.992188 0.560581 0.992188 0.560581 0.934375 0.552261 0.934375 0.550181 0.935937 0.548101 0.935937 0.546021 0.937500 0.541860 0.934375 0.541860 0.929688 0.543940 0.928125 0.546021 0.928125 0.548101 0.929688 0.550181 0.929688 0.552261 0.931250 0.560581 0.931250 0.560581 0.915625 0.539780 0.915625 0.539780 0.926562 0.541860 0.928125 0.539780 0.929688 0.514819 0.929688 0.512739 0.928125 0.510659 0.928125 0.508579 0.926562 0.506499 0.926562 0.504419 0.925000 0.500259 0.925000 0.498179 0.923437 0.494019 0.923437 0.491938 0.921875 0.489858 0.921875 0.487778 0.920312 0.487778 0.915625 0.473218 0.915625 0.473218 0.920312 0.471138 0.921875 0.466978 0.921875 0.464897 0.923437 0.460737 0.923437 0.458657 0.921875 0.456577 0.921875 0.454497 0.920312 0.454497 0.915625
1 0.290171 0.965625 0.290171 0.970312 0.267290 0.987500 0.267290 0.989062 0.263130 0.992188 0.254810 0.992188 0.254810 0.998437 0.360894 0.998437 0.360894 0.995312 0.354653 0.995312 0.348413 0.990625 0.348413 0.989062 0.327612 0.973437 0.325532 0.973437 0.323452 0.971875 0.323452 0.965625