1 0.469058 0.553125 0.469058 0.557812 0.464897 0.560937 0.462817 0.560937 0.460737 0.562500 0.458657 0.562500 0.452417 0.567187 0.450337 0.567187 0.439936 0.575000 0.439936 0.576562 0.433696 0.581250 0.433696 0.582812 0.431616 0.584375 0.431616 0.585937 0.427456 0.589062 0.421216 0.589062 0.421216 0.623438 0.427456 0.623438 0.431616 0.626562 0.431616 0.628125 0.433696 0.629687 0.433696 0.632812 0.437856 0.635937 0.437856 0.637500 0.444097 0.642187 0.444097 0.643750 0.454497 0.651562 0.456577 0.651562 0.460737 0.654687 0.462817 0.654687 0.464897 0.656250 0.466978 0.656250 0.471138 0.659375 0.471138 0.664062 0.525220 0.664062 0.525220 0.659375 0.529380 0.656250 0.531460 0.656250 0.533540 0.654687 0.535620 0.654687 0.539780 0.651562 0.541860 0.651562 0.546021 0.648438 0.548101 0.648438 0.554341 0.643750 0.554341 0.642187 0.558501 0.639062 0.558501 0.637500 0.562661 0.634375 0.568901 0.634375 0.568901 0.584375 0.562661 0.584375 0.556421 0.579687 0.556421 0.578125 0.550181 0.573437 0.548101 0.573437 0.531460 0.560937 0.529380 0.560937 0.525220 0.557812 0.525220 0.553125
1 0.273530 0.509375 0.273530 0.514062 0.271450 0.515625 0.269370 0.515625 0.267290 0.517187 0.263130 0.517187 0.261050 0.518750 0.258970 0.518750 0.256890 0.520312 0.254810 0.520312 0.250649 0.523437 0.248569 0.523437 0.234009 0.534375 0.234009 0.535937 0.227769 0.540625 0.221528 0.540625 0.221528 0.587500 0.227769 0.587500 0.231929 0.590625 0.231929 0.592187 0.236089 0.595312 0.236089 0.596875 0.242329 0.601562 0.242329 0.603125 0.250649 0.609375 0.252729 0.609375 0.256890 0.612500 0.258970 0.612500 0.261050 0.614062 0.261050 0.620312 0.319292 0.620312 0.319292 0.615625 0.325532 0.610937 0.327612 0.610937 0.329692 0.609375 0.331772 0.609375 0.333853 0.607813 0.335933 0.607813 0.340093 0.604687 0.342173 0.604687 0.344253 0.603125 0.346333 0.603125 0.348413 0.601562 0.350493 0.601562 0.354653 0.598437 0.354653 0.596875 0.358813 0.593750 0.358813 0.592187 0.360894 0.590625 0.369214 0.590625 0.369214 0.542187 0.362974 0.542187 0.358813 0.539062 0.358813 0.537500 0.352573 0.532812 0.352573 0.531250 0.342173 0.523437 0.340093 0.523437 0.335933 0.520312 0.333853 0.520312 0.331772 0.518750 0.329692 0.518750 0.327612 0.517187 0.325532 0.517187 0.321372 0.514062 0.321372 0.509375
0 0.313052 0.409375 0.313052 0.414062 0.308892 0.417187 0.306812 0.417187 0.304731 0.418750 0.302651 0.418750 0.298491 0.421875 0.296411 0.421875 0.292251 0.425000 0.290171 0.425000 0.281851 0.431250 0.281851 0.432812 0.273530 0.439062 0.273530 0.440625 0.269370 0.443750 0.263130 0.443750 0.263130 0.479687 0.269370 0.479687 0.273530 0.482812 0.273530 0.484375 0.275610 0.485937 0.275610 0.487500 0.279770 0.490625 0.279770 0.492188 0.298491 0.506250 0.300571 0.506250 0.302651 0.507812 0.302651 0.514062 0.371294 0.514062 0.371294 0.509375 0.385854 0.498437 0.385854 0.496875 0.394175 0.490625 0.394175 0.489062 0.398335 0.485937 0.398335 0.484375 0.400415 0.482812 0.400415 0.481250 0.404575 0.478125 0.410815 0.478125 0.410815 0.443750 0.404575 0.443750 0.400415 0.440625 0.400415 0.439062 0.398335 0.437500 0.398335 0.435937 0.392095 0.431250 0.392095 0.429688 0.385854 0.425000 0.383774 0.425000 0.377534 0.420312 0.375454 0.420312 0.373374 0.418750 0.371294 0.418750 0.365054 0.414062 0.365054 0.409375
1 0.514819 0.378125 0.514819 0.382812 0.512739 0.384375 0.510659 0.384375 0.508579 0.385937 0.504419 0.385937 0.502339 0.387500 0.500259 0.387500 0.496099 0.390625 0.494019 0.390625 0.491938 0.392187 0.489858 0.392187 0.487778 0.393750 0.483618 0.393750 0.477378 0.398438 0.475298 0.398438 0.464897 0.406250 0.464897 0.407812 0.462817 0.409375 0.454497 0.409375 0.454497 0.456250 0.460737 0.456250 0.469058 0.462500 0.469058 0.464062 0.473218 0.467187 0.475298 0.467187 0.481538 0.471875 0.483618 0.471875 0.485698 0.473437 0.487778 0.473437 0.489858 0.475000 0.494019 0.475000 0.496099 0.476562 0.498179 0.476562 0.500259 0.478125 0.500259 0.482812 0.539780 0.482812 0.539780 0.478125 0.543940 0.475000 0.546021 0.475000 0.548101 0.473437 0.550181 0.473437 0.552261 0.471875 0.554341 0.471875 0.556421 0.470312 0.558501 0.470312 0.562661 0.467187 0.564741 0.467187 0.566821 0.465625 0.568901 0.465625 0.573062 0.462500 0.575142 0.462500 0.579302 0.459375 0.581382 0.459375 0.583462 0.457812 0.583462 0.456250 0.587622 0.453125 0.593862 0.453125 0.593862 0.412500 0.587622 0.412500 0.583462 0.409375 0.583462 0.406250 0.581382 0.404687 0.581382 0.403125 0.577222 0.400000 0.577222 0.398438 0.570981 0.393750 0.570981 0.392187 0.564741 0.387500 0.562661 0.387500 0.556421 0.382812 0.556421 0.378125
0 0.570981 0.459375 0.570981 0.464062 0.562661 0.470312 0.560581 0.470312 0.558501 0.471875 0.556421 0.471875 0.552261 0.475000 0.548101 0.475000 0.546021 0.476562 0.543940 0.476562 0.537700 0.481250 0.535620 0.481250 0.525220 0.489062 0.525220 0.490625 0.523140 0.492188 0.523140 0.493750 0.518979 0.496875 0.512739 0.496875 0.512739 0.537500 0.521060 0.537500 0.523140 0.539062 0.523140 0.542187 0.527300 0.545312 0.527300 0.546875 0.531460 0.550000 0.531460 0.551562 0.543940 0.560937 0.546021 0.560937 0.552261 0.565625 0.552261 0.570312 0.622983 0.570312 0.622983 0.565625 0.629224 0.560937 0.631304 0.560937 0.639624 0.554687 0.641704 0.554687 0.647944 0.550000 0.647944 0.548437 0.652104 0.545312 0.652104 0.543750 0.656265 0.540625 0.656265 0.537500 0.658345 0.535937 0.658345 0.532812 0.662505 0.529687 0.668745 0.529687 0.668745 0.501562 0.662505 0.501562 0.658345 0.498437 0.658345 0.495312 0.656265 0.493750 0.656265 0.492188 0.654185 0.490625 0.654185 0.489062 0.650024 0.485937 0.650024 0.484375 0.633384 0.471875 0.631304 0.471875 0.627144 0.468750 0.625063 0.468750 0.622983 0.467187 0.620903 0.467187 0.616743 0.464062 0.616743 0.459375
2 0.633384 0.353125 0.633384 0.357812 0.631304 0.359375 0.629224 0.359375 0.627144 0.360937 0.625063 0.360937 0.622983 0.362500 0.620903 0.362500 0.612583 0.368750 0.610503 0.368750 0.608423 0.370312 0.608423 0.371875 0.600103 0.378125 0.600103 0.379687 0.598022 0.381250 0.598022 0.382812 0.593862 0.385937 0.587622 0.385937 0.587622 0.418750 0.593862 0.418750 0.598022 0.421875 0.598022 0.426562 0.600103 0.428125 0.600103 0.431250 0.602183 0.432812 0.602183 0.435937 0.604263 0.437500 0.604263 0.439062 0.622983 0.453125 0.622983 0.457812 0.681226 0.457812 0.681226 0.453125 0.685386 0.450000 0.687466 0.450000 0.691626 0.446875 0.693706 0.446875 0.699946 0.442187 0.702026 0.442187 0.704106 0.440625 0.704106 0.439062 0.712427 0.432812 0.712427 0.431250 0.714507 0.429688 0.714507 0.428125 0.716587 0.426562 0.716587 0.425000 0.720747 0.421875 0.726987 0.421875 0.726987 0.385937 0.720747 0.385937 0.716587 0.382812 0.716587 0.381250 0.714507 0.379687 0.714507 0.378125 0.706186 0.371875 0.706186 0.370312 0.704106 0.368750 0.702026 0.368750 0.693706 0.362500 0.691626 0.362500 0.689546 0.360937 0.687466 0.360937 0.683306 0.357812 0.683306 0.353125
2 0.392095 0.328125 0.392095 0.332812 0.387935 0.335938 0.383774 0.335938 0.381694 0.337500 0.379614 0.337500 0.373374 0.342187 0.371294 0.342187 0.360894 0.350000 0.358813 0.350000 0.358813 0.351562 0.352573 0.356250 0.346333 0.356250 0.346333 0.404687 0.352573 0.404687 0.365054 0.414062 0.367134 0.414062 0.369214 0.415625 0.371294 0.415625 0.377534 0.420312 0.379614 0.420312 0.381694 0.421875 0.383774 0.421875 0.390015 0.426562 0.392095 0.426562 0.394175 0.428125 0.394175 0.432812 0.433696 0.432812 0.433696 0.428125 0.437856 0.425000 0.439936 0.425000 0.448257 0.418750 0.450337 0.418750 0.454497 0.415625 0.454497 0.414062 0.464897 0.406250 0.464897 0.404687 0.466978 0.403125 0.469058 0.403125 0.469058 0.401562 0.473218 0.398438 0.473218 0.396875 0.479458 0.392187 0.485698 0.392187 0.485698 0.365625 0.479458 0.365625 0.475298 0.362500 0.475298 0.360937 0.471138 0.357812 0.471138 0.356250 0.464897 0.351562 0.464897 0.350000 0.454497 0.342187 0.452417 0.342187 0.446177 0.337500 0.442017 0.337500 0.439936 0.335938 0.437856 0.335938 0.433696 0.332812 0.433696 0.328125
1 0.090483 0.146875 0.090483 0.151562 0.086323 0.154687 0.084243 0.154687 0.082163 0.156250 0.080083 0.156250 0.078003 0.157812 0.075923 0.157812 0.071763 0.160937 0.069683 0.160937 0.065522 0.164062 0.063442 0.164062 0.059282 0.167187 0.057202 0.167187 0.053042 0.170312 0.050962 0.170312 0.046802 0.173437 0.044722 0.173437 0.042642 0.175000 0.040562 0.175000 0.034321 0.179688 0.032241 0.179688 0.023921 0.185937 0.021841 0.185937 0.013521 0.192187 0.011440 0.192187 0.001040 0.200000 0.001040 0.201562 0.000000 0.203125 0.000000 0.206250 0.000000 0.207812 0.000000 0.210938 0.000000 0.212500 0.000000 0.212500 0.000000 0.321875 0.000000 0.321875 0.000000 0.323437 0.000000 0.328125 0.000000 0.329687 0.000000 0.345312 0.001040 0.346875 0.001040 0.350000 0.003120 0.351562 0.003120 0.353125 0.005200 0.354687 0.009360 0.354687 0.011440 0.356250 0.021841 0.356250 0.030161 0.362500 0.032241 0.362500 0.036401 0.365625 0.034321 0.367188 0.032241 0.367188 0.030161 0.368750 0.028081 0.368750 0.026001 0.370312 0.013521 0.370312 0.011440 0.371875 0.011440 0.376562 0.192407 0.376562 0.192407 0.371875 0.188247 0.368750 0.186167 0.368750 0.179927 0.364062 0.179927 0.359375 0.182007 0.357812 0.182007 0.353125 0.184087 0.351562 0.184087 0.350000 0.188247 0.346875 0.188247 0.342187 0.190327 0.340625 0.190327 0.335938 0.192407 0.334375 0.192407 0.328125 0.190327 0.326562 0.190327 0.323437 0.188247 0.321875 0.188247 0.320312 0.182007 0.315625 0.177847 0.315625 0.171606 0.310937 0.171606 0.309375 0.159126 0.300000 0.159126 0.298437 0.152886 0.293750 0.150806 0.293750 0.144565 0.289062 0.144565 0.287500 0.142485 0.285937 0.142485 0.279687 0.140405 0.278125 0.146646 0.273437 0.146646 0.271875 0.152886 0.267187 0.152886 0.265625 0.154966 0.264062 0.157046 0.264062 0.184087 0.243750 0.184087 0.242188 0.192407 0.235937 0.192407 0.234375 0.200728 0.228125 0.200728 0.226562 0.202808 0.225000 0.202808 0.223437 0.204888 0.221875 0.211128 0.221875 0.211128 0.187500 0.204888 0.187500 0.200728 0.184375 0.200728 0.181250 0.198647 0.179688 0.198647 0.178125 0.192407 0.173437 0.192407 0.171875 0.179927 0.162500 0.177847 0.162500 0.173687 0.159375 0.171606 0.159375 0.167446 0.156250 0.163286 0.156250 0.161206 0.154687 0.159126 0.154687 0.154966 0.151562 0.154966 0.146875
2 0.335933 0.603125 0.335933 0.607813 0.331772 0.610937 0.329692 0.610937 0.325532 0.614062 0.323452 0.614062 0.321372 0.615625 0.319292 0.615625 0.317212 0.617188 0.315132 0.617188 0.313052 0.618750 0.310972 0.618750 0.308892 0.620312 0.306812 0.620312 0.304731 0.621875 0.302651 0.621875 0.300571 0.623438 0.298491 0.623438 0.286011 0.632812 0.279770 0.632812 0.279770 0.675000 0.286011 0.675000 0.292251 0.679688 0.292251 0.681250 0.294331 0.682812 0.294331 0.684375 0.300571 0.689062 0.300571 0.690625 0.313052 0.700000 0.315132 0.700000 0.321372 0.704687 0.323452 0.704687 0.329692 0.709375 0.329692 0.714062 0.375454 0.714062 0.375454 0.709375 0.379614 0.706250 0.381694 0.706250 0.383774 0.704687 0.385854 0.704687 0.387935 0.703125 0.390015 0.703125 0.396255 0.698437 0.398335 0.698437 0.408735 0.690625 0.408735 0.689062 0.414976 0.684375 0.414976 0.682812 0.417056 0.681250 0.417056 0.679688 0.421216 0.676562 0.427456 0.676562 0.427456 0.646875 0.421216 0.646875 0.417056 0.643750 0.417056 0.640625 0.414976 0.639062 0.414976 0.635937 0.412896 0.634375 0.412896 0.632812 0.410815 0.631250 0.410815 0.628125 0.408735 0.626562 0.408735 0.625000 0.406655 0.623438 0.406655 0.621875 0.402495 0.618750 0.402495 0.617188 0.398335 0.614062 0.396255 0.614062 0.387935 0.607813 0.387935 0.603125
2 0.417056 0.465625 0.417056 0.470312 0.410815 0.475000 0.406655 0.475000 0.406655 0.476562 0.402495 0.479687 0.402495 0.481250 0.398335 0.484375 0.398335 0.485937 0.392095 0.490625 0.392095 0.492188 0.385854 0.496875 0.379614 0.496875 0.379614 0.531250 0.385854 0.531250 0.390015 0.534375 0.390015 0.535937 0.392095 0.537500 0.392095 0.539062 0.402495 0.546875 0.404575 0.546875 0.410815 0.551562 0.412896 0.551562 0.417056 0.554687 0.419136 0.554687 0.421216 0.556250 0.423296 0.556250 0.427456 0.559375 0.427456 0.564062 0.469058 0.564062 0.469058 0.559375 0.473218 0.556250 0.475298 0.556250 0.477378 0.554687 0.479458 0.554687 0.481538 0.553125 0.483618 0.553125 0.485698 0.551562 0.487778 0.551562 0.498179 0.543750 0.498179 0.542187 0.500259 0.540625 0.500259 0.539062 0.504419 0.535937 0.510659 0.535937 0.510659 0.498437 0.504419 0.498437 0.500259 0.495312 0.500259 0.493750 0.496099 0.490625 0.496099 0.489062 0.494019 0.489062 0.479458 0.478125 0.477378 0.478125 0.473218 0.475000 0.471138 0.475000 0.469058 0.473437 0.464897 0.473437 0.460737 0.470312 0.460737 0.465625
1 0.920435 0.000000 0.920435 0.009375 0.928755 0.009375 0.932915 0.012500 0.932915 0.014062 0.941235 0.020312 0.941235 0.021875 0.947476 0.026562 0.947476 0.028125 0.951636 0.031250 0.951636 0.032812 0.962036 0.040625 0.962036 0.042187 0.968276 0.046875 0.968276 0.048437 0.982837 0.059375 0.982837 0.060937 0.984917 0.062500 0.984917 0.064062 0.993237 0.070312 0.993237 0.076562 1.000000 0.076562 1.000000 0.000000
1 0.591782 0.609375 0.591782 0.614062 0.587622 0.617188 0.585542 0.617188 0.581382 0.620312 0.579302 0.620312 0.562661 0.632812 0.562661 0.634375 0.554341 0.640625 0.554341 0.642187 0.552261 0.643750 0.546021 0.643750 0.546021 0.676562 0.552261 0.676562 0.556421 0.679688 0.556421 0.682812 0.558501 0.684375 0.558501 0.685937 0.562661 0.689062 0.562661 0.690625 0.566821 0.693750 0.566821 0.695312 0.577222 0.703125 0.579302 0.703125 0.583462 0.706250 0.585542 0.706250 0.589702 0.709375 0.591782 0.709375 0.593862 0.710938 0.598022 0.710938 0.600103 0.712500 0.602183 0.712500 0.606343 0.715625 0.606343 0.720312 0.643784 0.720312 0.643784 0.715625 0.647944 0.712500 0.650024 0.712500 0.652104 0.710938 0.654185 0.710938 0.656265 0.709375 0.660425 0.709375 0.666665 0.704687 0.668745 0.704687 0.679145 0.696875 0.679145 0.695312 0.683306 0.692187 0.683306 0.690625 0.685386 0.689062 0.693706 0.689062 0.693706 0.639062 0.685386 0.639062 0.683306 0.637500 0.683306 0.635937 0.679145 0.632812 0.679145 0.631250 0.664585 0.620312 0.662505 0.620312 0.658345 0.617188 0.656265 0.617188 0.652104 0.614062 0.652104 0.609375
2 0.123765 0.771875 0.123765 0.778125 0.119604 0.781250 0.117524 0.781250 0.115444 0.782812 0.111284 0.782812 0.109204 0.784375 0.105044 0.784375 0.086323 0.798437 0.080083 0.798437 0.080083 0.853125 0.086323 0.853125 0.090483 0.856250 0.090483 0.859375 0.092563 0.860937 0.092563 0.864062 0.094644 0.865625 0.094644 0.867188 0.096724 0.868750 0.096724 0.871875 0.098804 0.873437 0.098804 0.875000 0.100884 0.876562 0.100884 0.878125 0.102964 0.879687 0.102964 0.882812 0.105044 0.884375 0.105044 0.885937 0.109204 0.889062 0.109204 0.890625 0.111284 0.892187 0.111284 0.893750 0.113364 0.895312 0.113364 0.896875 0.115444 0.898438 0.115444 0.900000 0.117524 0.901562 0.117524 0.903125 0.121685 0.906250 0.121685 0.907812 0.125845 0.910937 0.125845 0.912500 0.146646 0.928125 0.146646 0.929688 0.177847 0.953125 0.179927 0.953125 0.182007 0.954687 0.184087 0.954687 0.190327 0.959375 0.190327 0.964062 0.234009 0.964062 0.234009 0.957812 0.236089 0.956250 0.238169 0.956250 0.240249 0.954687 0.242329 0.954687 0.244409 0.953125 0.246489 0.953125 0.252729 0.948437 0.254810 0.948437 0.267290 0.939062 0.267290 0.937500 0.273530 0.932812 0.273530 0.931250 0.275610 0.929688 0.275610 0.928125 0.277690 0.926562 0.286011 0.926562 0.286011 0.873437 0.279770 0.873437 0.275610 0.870312 0.275610 0.868750 0.273530 0.867188 0.273530 0.865625 0.267290 0.860937 0.267290 0.859375 0.265210 0.857812 0.265210 0.856250 0.261050 0.853125 0.261050 0.851562 0.254810 0.846875 0.254810 0.845312 0.252729 0.843750 0.252729 0.842187 0.250649 0.840625 0.250649 0.839062 0.248569 0.837500 0.248569 0.835938 0.246489 0.834375 0.246489 0.832812 0.242329 0.829687 0.242329 0.828125 0.240249 0.826562 0.240249 0.823437 0.236089 0.820312 0.236089 0.818750 0.234009 0.817187 0.234009 0.815625 0.231929 0.814062 0.231929 0.812500 0.229849 0.810937 0.229849 0.809375 0.225688 0.806250 0.225688 0.804688 0.223608 0.803125 0.223608 0.801562 0.221528 0.800000 0.221528 0.798437 0.217368 0.795312 0.217368 0.793750 0.213208 0.790625 0.213208 0.789062 0.209048 0.785937 0.206968 0.785937 0.202808 0.782812 0.202808 0.781250 0.198647 0.778125 0.198647 0.771875
2 0.591782 0.609375 0.591782 0.614062 0.585542 0.618750 0.583462 0.618750 0.581382 0.620312 0.579302 0.620312 0.564741 0.631250 0.564741 0.632812 0.556421 0.639062 0.556421 0.640625 0.552261 0.643750 0.546021 0.643750 0.546021 0.676562 0.552261 0.676562 0.556421 0.679688 0.556421 0.682812 0.558501 0.684375 0.558501 0.685937 0.562661 0.689062 0.562661 0.690625 0.566821 0.693750 0.566821 0.695312 0.577222 0.703125 0.579302 0.703125 0.583462 0.706250 0.585542 0.706250 0.589702 0.709375 0.591782 0.709375 0.593862 0.710938 0.598022 0.710938 0.600103 0.712500 0.602183 0.712500 0.606343 0.715625 0.606343 0.720312 0.643784 0.720312 0.643784 0.715625 0.647944 0.712500 0.650024 0.712500 0.652104 0.710938 0.654185 0.710938 0.656265 0.709375 0.660425 0.709375 0.666665 0.704687 0.668745 0.704687 0.679145 0.696875 0.679145 0.695312 0.683306 0.692187 0.683306 0.690625 0.685386 0.689062 0.693706 0.689062 0.693706 0.639062 0.685386 0.639062 0.683306 0.637500 0.683306 0.635937 0.679145 0.632812 0.679145 0.631250 0.664585 0.620312 0.662505 0.620312 0.658345 0.617188 0.656265 0.617188 0.652104 0.614062 0.652104 0.609375
2 0.818511 0.784375 0.818511 0.789062 0.814351 0.792187 0.812270 0.792187 0.810190 0.793750 0.808110 0.793750 0.801870 0.798437 0.799790 0.798437 0.795630 0.801562 0.793550 0.801562 0.789390 0.804688 0.787310 0.804688 0.783149 0.807812 0.781069 0.807812 0.778989 0.809375 0.776909 0.809375 0.774829 0.810937 0.772749 0.810937 0.770669 0.812500 0.768589 0.812500 0.764429 0.815625 0.762349 0.815625 0.760269 0.817187 0.758188 0.817187 0.754028 0.820312 0.751948 0.820312 0.749868 0.821875 0.747788 0.821875 0.743628 0.825000 0.741548 0.825000 0.735308 0.829687 0.733227 0.829687 0.731147 0.831250 0.729067 0.831250 0.726987 0.832812 0.724907 0.832812 0.720747 0.835938 0.718667 0.835938 0.716587 0.837500 0.714507 0.837500 0.710347 0.840625 0.708267 0.840625 0.706186 0.842187 0.704106 0.842187 0.699946 0.845312 0.697866 0.845312 0.695786 0.846875 0.693706 0.846875 0.691626 0.848437 0.689546 0.848437 0.685386 0.851562 0.683306 0.851562 0.681226 0.853125 0.679145 0.853125 0.677065 0.854687 0.674985 0.854687 0.670825 0.857812 0.668745 0.857812 0.664585 0.860937 0.662505 0.860937 0.660425 0.862500 0.658345 0.862500 0.654185 0.865625 0.652104 0.865625 0.650024 0.867188 0.647944 0.867188 0.645864 0.868750 0.643784 0.868750 0.639624 0.871875 0.637544 0.871875 0.635464 0.873437 0.633384 0.873437 0.629224 0.876562 0.627144 0.876562 0.625063 0.878125 0.622983 0.878125 0.618823 0.881250 0.616743 0.881250 0.612583 0.884375 0.610503 0.884375 0.608423 0.885937 0.606343 0.885937 0.602183 0.889062 0.600103 0.889062 0.598022 0.890625 0.595942 0.890625 0.591782 0.893750 0.589702 0.893750 0.585542 0.896875 0.583462 0.896875 0.581382 0.898438 0.579302 0.898438 0.575142 0.901562 0.573062 0.901562 0.570981 0.903125 0.568901 0.903125 0.564741 0.906250 0.562661 0.906250 0.560581 0.907812 0.558501 0.907812 0.556421 0.909375 0.554341 0.909375 0.550181 0.912500 0.548101 0.912500 0.543940 0.915625 0.541860 0.915625 0.539780 0.917187 0.537700 0.917187 0.533540 0.920312 0.531460 0.920312 0.529380 0.921875 0.527300 0.921875 0.523140 0.925000 0.521060 0.925000 0.518979 0.926562 0.516899 0.926562 0.514819 0.928125 0.512739 0.928125 0.510659 0.929688 0.508579 0.929688 0.502339 0.934375 0.500259 0.934375 0.498179 0.935937 0.496099 0.935937 0.494019 0.937500 0.491938 0.937500 0.487778 0.940625 0.485698 0.940625 0.481538 0.943750 0.479458 0.943750 0.475298 0.946875 0.473218 0.946875 0.469058 0.950000 0.466978 0.950000 0.464897 0.951562 0.462817 0.951562 0.458657 0.954687 0.456577 0.954687 0.454497 0.956250 0.452417 0.956250 0.450337 0.957812 0.448257 0.957812 0.444097 0.960938 0.442017 0.960938 0.429536 0.970312 0.427456 0.970312 0.423296 0.973437 0.423296 0.975000 0.417056 0.979687 0.414976 0.979687 0.412896 0.981250 0.404575 0.981250 0.404575 0.998437 0.997397 0.998437 0.997397 0.996875 0.999478 0.995312 0.999478 0.798437 0.997397 0.796875 0.997397 0.784375
1 0.000000 0.596875 0.000000 0.604687 0.005200 0.604687 0.007280 0.606250 0.007280 0.610937 0.005200 0.612500 0.005200 0.614062 0.003120 0.615625 0.000000 0.615625 0.000000 0.745312 0.046802 0.745312 0.046802 0.740625 0.048882 0.739062 0.050962 0.739062 0.053042 0.737500 0.057202 0.737500 0.059282 0.735937 0.065522 0.735937 0.067603 0.734375 0.071763 0.734375 0.075923 0.731250 0.078003 0.731250 0.080083 0.729687 0.082163 0.729687 0.084243 0.728125 0.086323 0.728125 0.090483 0.725000 0.092563 0.725000 0.094644 0.723437 0.096724 0.723437 0.098804 0.721875 0.102964 0.721875 0.113364 0.714062 0.119604 0.714062 0.119604 0.615625 0.113364 0.615625 0.113364 0.617188 0.111284 0.618750 0.111284 0.623438 0.109204 0.625000 0.109204 0.626562 0.105044 0.629687 0.100884 0.626562 0.100884 0.625000 0.090483 0.617188 0.090483 0.615625 0.086323 0.612500 0.084243 0.612500 0.075923 0.606250 0.073843 0.606250 0.067603 0.601562 0.067603 0.596875