1 0.419136 0.428125 0.419136 0.432812 0.414976 0.435937 0.410815 0.435937 0.406655 0.439062 0.404575 0.439062 0.400415 0.442187 0.398335 0.442187 0.394175 0.445312 0.392095 0.445312 0.387935 0.448437 0.387935 0.450000 0.385854 0.451562 0.385854 0.453125 0.381694 0.456250 0.381694 0.457812 0.379614 0.459375 0.371294 0.459375 0.371294 0.503125 0.377534 0.503125 0.383774 0.507812 0.383774 0.509375 0.394175 0.517187 0.394175 0.518750 0.400415 0.523437 0.402495 0.523437 0.404575 0.525000 0.406655 0.525000 0.410815 0.528125 0.410815 0.532812 0.466978 0.532812 0.466978 0.528125 0.473218 0.523437 0.475298 0.523437 0.477378 0.521875 0.479458 0.521875 0.483618 0.518750 0.485698 0.518750 0.500259 0.507812 0.500259 0.506250 0.504419 0.503125 0.510659 0.503125 0.510659 0.468750 0.504419 0.468750 0.500259 0.465625 0.500259 0.464062 0.498179 0.462500 0.498179 0.460938 0.496099 0.459375 0.496099 0.457812 0.489858 0.453125 0.489858 0.451562 0.487778 0.450000 0.487778 0.448437 0.483618 0.445312 0.483618 0.443750 0.473218 0.435937 0.471138 0.435937 0.466978 0.432812 0.466978 0.428125
0 0.302651 0.371875 0.302651 0.376562 0.298491 0.379687 0.296411 0.379687 0.294331 0.381250 0.292251 0.381250 0.288091 0.384375 0.286011 0.384375 0.281851 0.387500 0.279770 0.387500 0.258970 0.403125 0.258970 0.406250 0.252729 0.410937 0.246489 0.410937 0.246489 0.451562 0.252729 0.451562 0.256890 0.454687 0.256890 0.456250 0.261050 0.459375 0.261050 0.460938 0.263130 0.460938 0.267290 0.464062 0.267290 0.465625 0.269370 0.467187 0.271450 0.467187 0.281851 0.475000 0.283931 0.475000 0.286011 0.476562 0.286011 0.482812 0.346333 0.482812 0.346333 0.478125 0.350493 0.475000 0.352573 0.475000 0.354653 0.473437 0.356733 0.473437 0.360894 0.470312 0.362974 0.470312 0.377534 0.459375 0.377534 0.457812 0.379614 0.456250 0.379614 0.454687 0.383774 0.451562 0.383774 0.448437 0.387935 0.445312 0.394175 0.445312 0.394175 0.414062 0.387935 0.414062 0.383774 0.410937 0.383774 0.407812 0.381694 0.406250 0.381694 0.404687 0.375454 0.400000 0.375454 0.398438 0.360894 0.387500 0.358813 0.387500 0.352573 0.382812 0.350493 0.382812 0.348413 0.381250 0.346333 0.381250 0.344253 0.379687 0.342173 0.379687 0.338013 0.376562 0.338013 0.371875
0 0.529380 0.390625 0.529380 0.395312 0.525220 0.398438 0.521060 0.398438 0.518979 0.400000 0.516899 0.400000 0.510659 0.404687 0.508579 0.404687 0.506499 0.406250 0.506499 0.407812 0.498179 0.414062 0.498179 0.415625 0.494019 0.418750 0.487778 0.418750 0.487778 0.456250 0.494019 0.456250 0.498179 0.459375 0.498179 0.460938 0.500259 0.462500 0.500259 0.464062 0.502339 0.465625 0.502339 0.468750 0.504419 0.470312 0.504419 0.471875 0.506499 0.473437 0.506499 0.476562 0.510659 0.479687 0.510659 0.481250 0.516899 0.485937 0.518979 0.485937 0.525220 0.490625 0.525220 0.495312 0.589702 0.495312 0.589702 0.490625 0.593862 0.487500 0.595942 0.487500 0.614663 0.473437 0.614663 0.471875 0.616743 0.470312 0.616743 0.468750 0.620903 0.465625 0.627144 0.465625 0.627144 0.421875 0.618823 0.421875 0.614663 0.418750 0.614663 0.417187 0.608423 0.412500 0.608423 0.410937 0.593862 0.400000 0.591782 0.400000 0.587622 0.396875 0.587622 0.390625
2 0.622983 0.321875 0.622983 0.326562 0.618823 0.329687 0.616743 0.329687 0.612583 0.332812 0.610503 0.332812 0.604263 0.337500 0.602183 0.337500 0.600103 0.339062 0.600103 0.340625 0.591782 0.346875 0.591782 0.348437 0.589702 0.350000 0.589702 0.353125 0.585542 0.356250 0.579302 0.356250 0.579302 0.390625 0.585542 0.390625 0.591782 0.395312 0.593862 0.395312 0.595942 0.396875 0.595942 0.398438 0.610503 0.409375 0.610503 0.410937 0.612583 0.412500 0.612583 0.414062 0.622983 0.421875 0.622983 0.426562 0.674985 0.426562 0.674985 0.421875 0.679145 0.418750 0.681226 0.418750 0.683306 0.417187 0.685386 0.417187 0.687466 0.415625 0.689546 0.415625 0.706186 0.403125 0.706186 0.401562 0.708267 0.400000 0.708267 0.398438 0.710347 0.396875 0.718667 0.396875 0.718667 0.351562 0.712427 0.351562 0.708267 0.348437 0.708267 0.346875 0.704106 0.343750 0.704106 0.342187 0.689546 0.331250 0.687466 0.331250 0.685386 0.329687 0.683306 0.329687 0.681226 0.328125 0.681226 0.321875
2 0.296411 0.484375 0.296411 0.489062 0.290171 0.493750 0.288091 0.493750 0.273530 0.504687 0.273530 0.506250 0.267290 0.510937 0.267290 0.512500 0.265210 0.514062 0.265210 0.515625 0.261050 0.518750 0.254810 0.518750 0.254810 0.554687 0.261050 0.554687 0.265210 0.557812 0.265210 0.559375 0.267290 0.560937 0.267290 0.562500 0.269370 0.564062 0.269370 0.565625 0.275610 0.570312 0.275610 0.571875 0.286011 0.579687 0.288091 0.579687 0.294331 0.584375 0.298491 0.584375 0.300571 0.585937 0.304731 0.585937 0.306812 0.587500 0.308892 0.587500 0.313052 0.590625 0.313052 0.595312 0.346333 0.595312 0.346333 0.590625 0.350493 0.587500 0.354653 0.587500 0.356733 0.585937 0.358813 0.585937 0.360894 0.584375 0.362974 0.584375 0.365054 0.582812 0.367134 0.582812 0.369214 0.581250 0.371294 0.581250 0.387935 0.568750 0.387935 0.567187 0.390015 0.565625 0.390015 0.564062 0.394175 0.560937 0.402495 0.560937 0.402495 0.525000 0.396255 0.525000 0.390015 0.520312 0.390015 0.518750 0.385854 0.515625 0.385854 0.514062 0.379614 0.509375 0.379614 0.507812 0.375454 0.504687 0.375454 0.503125 0.367134 0.496875 0.365054 0.496875 0.360894 0.493750 0.358813 0.493750 0.356733 0.492188 0.354653 0.492188 0.350493 0.489062 0.350493 0.484375
2 0.373374 0.303125 0.373374 0.307813 0.369214 0.310937 0.367134 0.310937 0.365054 0.312500 0.362974 0.312500 0.350493 0.321875 0.350493 0.323437 0.342173 0.329687 0.342173 0.331250 0.340093 0.332812 0.340093 0.334375 0.335933 0.337500 0.329692 0.337500 0.329692 0.370312 0.335933 0.370312 0.344253 0.376562 0.346333 0.376562 0.354653 0.382812 0.356733 0.382812 0.365054 0.389062 0.367134 0.389062 0.373374 0.393750 0.375454 0.393750 0.379614 0.396875 0.379614 0.401562 0.446177 0.401562 0.446177 0.395312 0.452417 0.390625 0.452417 0.389062 0.462817 0.381250 0.469058 0.381250 0.469058 0.328125 0.460737 0.328125 0.458657 0.326562 0.458657 0.325000 0.456577 0.323437 0.456577 0.321875 0.444097 0.312500 0.442017 0.312500 0.439936 0.310937 0.437856 0.310937 0.433696 0.307813 0.433696 0.303125
2 0.269370 0.071875 0.269370 0.076562 0.267290 0.078125 0.265210 0.078125 0.263130 0.079687 0.254810 0.079687 0.252729 0.081250 0.246489 0.081250 0.244409 0.082812 0.238169 0.082812 0.236089 0.084375 0.231929 0.084375 0.229849 0.085938 0.225688 0.085938 0.223608 0.087500 0.221528 0.087500 0.215288 0.092187 0.213208 0.092187 0.211128 0.093750 0.206968 0.093750 0.202808 0.096875 0.200728 0.096875 0.198647 0.098437 0.196567 0.098437 0.194487 0.100000 0.192407 0.100000 0.186167 0.104687 0.184087 0.104687 0.179927 0.107812 0.177847 0.107812 0.159126 0.121875 0.159126 0.123437 0.157046 0.125000 0.157046 0.126562 0.152886 0.129687 0.146646 0.129687 0.146646 0.159375 0.152886 0.159375 0.157046 0.162500 0.157046 0.164062 0.159126 0.165625 0.159126 0.167187 0.161206 0.168750 0.161206 0.170312 0.167446 0.175000 0.167446 0.176562 0.177847 0.184375 0.179927 0.184375 0.184087 0.187500 0.188247 0.187500 0.190327 0.189062 0.190327 0.195312 0.248569 0.195312 0.248569 0.190625 0.250649 0.189062 0.252729 0.189062 0.254810 0.187500 0.265210 0.187500 0.267290 0.185937 0.273530 0.185937 0.275610 0.184375 0.281851 0.184375 0.283931 0.182812 0.288091 0.182812 0.290171 0.181250 0.294331 0.181250 0.296411 0.179688 0.304731 0.179688 0.306812 0.178125 0.310972 0.178125 0.313052 0.176562 0.319292 0.176562 0.321372 0.175000 0.331772 0.175000 0.333853 0.173437 0.344253 0.173437 0.346333 0.171875 0.350493 0.171875 0.352573 0.170312 0.354653 0.170312 0.356733 0.168750 0.358813 0.168750 0.360894 0.167187 0.362974 0.167187 0.373374 0.159375 0.373374 0.157812 0.375454 0.156250 0.375454 0.153125 0.377534 0.151562 0.377534 0.150000 0.379614 0.148437 0.385854 0.148437 0.385854 0.118750 0.379614 0.118750 0.377534 0.117188 0.377534 0.115625 0.375454 0.114062 0.375454 0.112500 0.373374 0.110937 0.373374 0.107812 0.371294 0.106250 0.371294 0.104687 0.367134 0.101562 0.367134 0.100000 0.365054 0.098437 0.365054 0.096875 0.358813 0.092187 0.358813 0.090625 0.352573 0.085938 0.350493 0.085938 0.346333 0.082812 0.344253 0.082812 0.342173 0.081250 0.335933 0.081250 0.333853 0.079687 0.325532 0.079687 0.323452 0.078125 0.321372 0.078125 0.319292 0.076562 0.319292 0.071875
2 0.479458 0.515625 0.479458 0.520312 0.477378 0.521875 0.477378 0.523437 0.475298 0.525000 0.473218 0.525000 0.469058 0.528125 0.466978 0.528125 0.464897 0.529687 0.462817 0.529687 0.462817 0.531250 0.456577 0.535937 0.456577 0.537500 0.450337 0.542187 0.450337 0.543750 0.448257 0.545312 0.448257 0.548437 0.444097 0.551562 0.437856 0.551562 0.437856 0.584375 0.444097 0.584375 0.450337 0.589062 0.450337 0.590625 0.452417 0.592187 0.452417 0.593750 0.460737 0.600000 0.460737 0.601562 0.462817 0.603125 0.464897 0.603125 0.473218 0.609375 0.475298 0.609375 0.477378 0.610937 0.481538 0.610937 0.487778 0.615625 0.487778 0.620312 0.525220 0.620312 0.525220 0.615625 0.529380 0.612500 0.531460 0.612500 0.533540 0.610937 0.535620 0.610937 0.537700 0.609375 0.539780 0.609375 0.546021 0.604687 0.548101 0.604687 0.552261 0.601562 0.554341 0.601562 0.554341 0.600000 0.562661 0.593750 0.562661 0.592187 0.564741 0.590625 0.564741 0.589062 0.566821 0.587500 0.566821 0.585937 0.570981 0.582812 0.577222 0.582812 0.577222 0.550000 0.570981 0.550000 0.566821 0.546875 0.566821 0.545312 0.564741 0.543750 0.564741 0.542187 0.562661 0.540625 0.562661 0.539062 0.556421 0.534375 0.556421 0.532812 0.550181 0.528125 0.548101 0.528125 0.543940 0.525000 0.541860 0.525000 0.539780 0.523437 0.537700 0.523437 0.533540 0.520312 0.533540 0.515625
1 0.385854 0.653125 0.385854 0.657812 0.379614 0.662500 0.371294 0.662500 0.371294 0.729687 0.377534 0.729687 0.381694 0.732812 0.381694 0.734375 0.385854 0.737500 0.387935 0.737500 0.390015 0.739062 0.390015 0.740625 0.400415 0.748437 0.402495 0.748437 0.404575 0.750000 0.406655 0.750000 0.410815 0.753125 0.410815 0.757812 0.473218 0.757812 0.473218 0.753125 0.477378 0.750000 0.479458 0.750000 0.481538 0.748437 0.483618 0.748437 0.496099 0.739062 0.496099 0.737500 0.498179 0.735937 0.498179 0.734375 0.500259 0.732812 0.500259 0.731250 0.504419 0.728125 0.510659 0.728125 0.510659 0.681250 0.504419 0.681250 0.500259 0.678125 0.500259 0.676562 0.498179 0.675000 0.498179 0.673437 0.487778 0.665625 0.487778 0.664062 0.483618 0.660937 0.481538 0.660937 0.479458 0.659375 0.479458 0.653125
1 0.887153 0.115625 0.887153 0.120312 0.882993 0.123437 0.880913 0.123437 0.880913 0.125000 0.874673 0.129687 0.872593 0.129687 0.872593 0.131250 0.868433 0.134375 0.866352 0.134375 0.862192 0.137500 0.862192 0.139062 0.860112 0.140625 0.858032 0.140625 0.851792 0.145312 0.849712 0.145312 0.847632 0.146875 0.837231 0.146875 0.837231 0.281250 0.845552 0.281250 0.847632 0.282812 0.851792 0.282812 0.853872 0.281250 0.858032 0.281250 0.862192 0.278125 0.862192 0.275000 0.864272 0.273437 0.864272 0.256250 0.862192 0.254687 0.862192 0.240625 0.860112 0.239062 0.860112 0.232812 0.862192 0.231250 0.862192 0.226562 0.864272 0.225000 0.864272 0.221875 0.866352 0.220312 0.866352 0.215625 0.868433 0.214062 0.868433 0.212500 0.870513 0.210938 0.876753 0.210938 0.882993 0.215625 0.882993 0.218750 0.887153 0.221875 0.895474 0.221875 0.920435 0.240625 0.920435 0.242188 0.922515 0.243750 0.922515 0.246875 0.926675 0.250000 0.926675 0.251562 0.930835 0.254687 0.930835 0.256250 0.934995 0.259375 0.934995 0.260937 0.939155 0.264062 0.939155 0.265625 0.941235 0.267187 0.941235 0.268750 0.947476 0.273437 0.947476 0.275000 0.957876 0.282812 0.957876 0.284375 0.966196 0.290625 0.968276 0.290625 0.976597 0.296875 0.976597 0.301562 1.000000 0.301562 1.000000 0.128125 0.995317 0.128125 0.993237 0.126562 0.995317 0.125000 1.000000 0.125000 1.000000 0.115625 0.993237 0.115625 0.993237 0.120312 0.989077 0.123437 0.974517 0.123437 0.972437 0.121875 0.970356 0.121875 0.968276 0.120312 0.968276 0.115625
2 0.215288 0.303125 0.215288 0.307813 0.211128 0.310937 0.209048 0.310937 0.206968 0.312500 0.204888 0.312500 0.202808 0.314062 0.200728 0.314062 0.184087 0.326562 0.184087 0.328125 0.182007 0.329687 0.182007 0.331250 0.179927 0.332812 0.171606 0.332812 0.171606 0.378125 0.179927 0.378125 0.182007 0.379687 0.182007 0.381250 0.186167 0.384375 0.186167 0.385937 0.196567 0.393750 0.198647 0.393750 0.202808 0.396875 0.204888 0.396875 0.206968 0.398438 0.209048 0.398438 0.215288 0.403125 0.215288 0.407812 0.256890 0.407812 0.256890 0.403125 0.261050 0.400000 0.261050 0.398438 0.271450 0.390625 0.273530 0.390625 0.277690 0.387500 0.279770 0.387500 0.283931 0.384375 0.286011 0.384375 0.294331 0.378125 0.296411 0.378125 0.298491 0.376562 0.302651 0.376562 0.304731 0.375000 0.310972 0.375000 0.310972 0.339062 0.304731 0.339062 0.300571 0.335938 0.300571 0.334375 0.298491 0.332812 0.298491 0.331250 0.296411 0.329687 0.296411 0.328125 0.294331 0.326562 0.294331 0.325000 0.288091 0.320312 0.288091 0.318750 0.281851 0.314062 0.279770 0.314062 0.275610 0.310937 0.273530 0.310937 0.269370 0.307813 0.269370 0.303125
1 0.932915 0.965625 0.932915 0.970312 0.930835 0.971875 0.928755 0.971875 0.926675 0.973437 0.922515 0.973437 0.920435 0.975000 0.914194 0.975000 0.912114 0.976562 0.905874 0.976562 0.903794 0.978125 0.897554 0.978125 0.895474 0.979687 0.891313 0.979687 0.889233 0.981250 0.885073 0.981250 0.882993 0.982812 0.878833 0.982812 0.876753 0.984375 0.868433 0.984375 0.866352 0.985937 0.864272 0.985937 0.862192 0.987500 0.858032 0.987500 0.855952 0.989062 0.849712 0.989062 0.847632 0.990625 0.845552 0.990625 0.843472 0.992188 0.839311 0.992188 0.837231 0.993750 0.830991 0.993750 0.828911 0.995312 0.812270 0.995312 0.812270 0.998437 1.000000 0.998437 1.000000 0.965625