1 0.450337 0.496875 0.450337 0.501562 0.448257 0.503125 0.446177 0.503125 0.444097 0.504687 0.442017 0.504687 0.439936 0.506250 0.437856 0.506250 0.425376 0.515625 0.425376 0.517187 0.414976 0.525000 0.414976 0.526562 0.410815 0.529687 0.404575 0.529687 0.404575 0.582812 0.410815 0.582812 0.414976 0.585937 0.414976 0.587500 0.423296 0.593750 0.423296 0.595312 0.437856 0.606250 0.439936 0.606250 0.446177 0.610937 0.448257 0.610937 0.450337 0.612500 0.452417 0.612500 0.456577 0.615625 0.456577 0.620312 0.508579 0.620312 0.508579 0.615625 0.512739 0.612500 0.516899 0.612500 0.518979 0.610937 0.521060 0.610937 0.525220 0.607813 0.527300 0.607813 0.546021 0.593750 0.546021 0.592187 0.550181 0.589062 0.550181 0.587500 0.554341 0.584375 0.554341 0.582812 0.558501 0.579687 0.558501 0.578125 0.560581 0.576562 0.568901 0.576562 0.568901 0.532812 0.562661 0.532812 0.560581 0.531250 0.560581 0.529687 0.558501 0.528125 0.558501 0.526562 0.556421 0.525000 0.556421 0.523437 0.550181 0.518750 0.550181 0.517187 0.541860 0.510937 0.539780 0.510937 0.531460 0.504687 0.529380 0.504687 0.527300 0.503125 0.527300 0.496875
1 0.283931 0.384375 0.283931 0.389062 0.279770 0.392187 0.275610 0.392187 0.273530 0.393750 0.271450 0.393750 0.267290 0.396875 0.265210 0.396875 0.261050 0.400000 0.258970 0.400000 0.250649 0.406250 0.248569 0.406250 0.244409 0.409375 0.244409 0.410937 0.238169 0.415625 0.238169 0.417187 0.234009 0.420312 0.234009 0.421875 0.231929 0.423437 0.231929 0.425000 0.229849 0.426562 0.229849 0.428125 0.227769 0.429688 0.221528 0.429688 0.221528 0.476562 0.227769 0.476562 0.234009 0.481250 0.236089 0.481250 0.240249 0.484375 0.240249 0.485937 0.248569 0.492188 0.250649 0.492188 0.252729 0.493750 0.254810 0.493750 0.261050 0.498437 0.263130 0.498437 0.265210 0.500000 0.269370 0.500000 0.271450 0.501562 0.273530 0.501562 0.275610 0.503125 0.275610 0.507812 0.344253 0.507812 0.344253 0.503125 0.348413 0.500000 0.350493 0.500000 0.352573 0.498437 0.354653 0.498437 0.360894 0.493750 0.362974 0.493750 0.375454 0.484375 0.375454 0.482812 0.377534 0.481250 0.385854 0.481250 0.385854 0.415625 0.377534 0.415625 0.375454 0.414062 0.375454 0.412500 0.360894 0.401562 0.358813 0.401562 0.352573 0.396875 0.350493 0.396875 0.348413 0.395312 0.346333 0.395312 0.344253 0.393750 0.342173 0.393750 0.340093 0.392187 0.338013 0.392187 0.335933 0.390625 0.333853 0.390625 0.331772 0.389062 0.331772 0.384375
2 0.564741 0.265625 0.564741 0.270312 0.562661 0.271875 0.560581 0.271875 0.558501 0.273437 0.554341 0.273437 0.552261 0.275000 0.550181 0.275000 0.541860 0.281250 0.539780 0.281250 0.533540 0.285937 0.531460 0.285937 0.525220 0.290625 0.525220 0.292187 0.516899 0.298437 0.516899 0.300000 0.510659 0.304688 0.504419 0.304688 0.504419 0.346875 0.510659 0.346875 0.514819 0.350000 0.514819 0.351562 0.516899 0.353125 0.516899 0.354687 0.518979 0.356250 0.518979 0.357812 0.523140 0.360937 0.523140 0.362500 0.527300 0.365625 0.527300 0.367188 0.529380 0.368750 0.529380 0.370312 0.535620 0.375000 0.537700 0.375000 0.550181 0.384375 0.552261 0.384375 0.554341 0.385937 0.556421 0.385937 0.562661 0.390625 0.562661 0.395312 0.616743 0.395312 0.616743 0.390625 0.620903 0.387500 0.622983 0.387500 0.625063 0.385937 0.627144 0.385937 0.629224 0.384375 0.631304 0.384375 0.654185 0.367188 0.654185 0.365625 0.658345 0.362500 0.658345 0.360937 0.660425 0.359375 0.668745 0.359375 0.668745 0.303125 0.660425 0.303125 0.658345 0.301562 0.658345 0.300000 0.654185 0.296875 0.654185 0.295312 0.635464 0.281250 0.633384 0.281250 0.627144 0.276562 0.625063 0.276562 0.622983 0.275000 0.620903 0.275000 0.618823 0.273437 0.614663 0.273437 0.610503 0.270312 0.610503 0.265625
0 0.444097 0.371875 0.444097 0.376562 0.439936 0.379687 0.435776 0.379687 0.433696 0.381250 0.431616 0.381250 0.429536 0.382812 0.427456 0.382812 0.423296 0.385937 0.421216 0.385937 0.417056 0.389062 0.414976 0.389062 0.385854 0.410937 0.379614 0.410937 0.379614 0.468750 0.385854 0.468750 0.387935 0.470312 0.387935 0.471875 0.390015 0.473437 0.390015 0.475000 0.398335 0.481250 0.400415 0.481250 0.410815 0.489062 0.412896 0.489062 0.419136 0.493750 0.421216 0.493750 0.425376 0.496875 0.425376 0.501562 0.500259 0.501562 0.500259 0.496875 0.504419 0.493750 0.508579 0.493750 0.512739 0.490625 0.514819 0.490625 0.527300 0.481250 0.527300 0.479687 0.531460 0.476562 0.531460 0.475000 0.533540 0.473437 0.533540 0.471875 0.537700 0.468750 0.543940 0.468750 0.543940 0.412500 0.537700 0.412500 0.533540 0.409375 0.533540 0.407812 0.529380 0.404687 0.529380 0.403125 0.504419 0.384375 0.502339 0.384375 0.498179 0.381250 0.496099 0.381250 0.494019 0.379687 0.487778 0.379687 0.485698 0.378125 0.483618 0.378125 0.481538 0.376562 0.481538 0.371875
2 0.252729 0.503125 0.252729 0.507812 0.248569 0.510937 0.246489 0.510937 0.225688 0.526562 0.225688 0.528125 0.223608 0.529687 0.223608 0.531250 0.219448 0.534375 0.213208 0.534375 0.213208 0.589062 0.221528 0.589062 0.223608 0.590625 0.223608 0.592187 0.225688 0.593750 0.225688 0.595312 0.229849 0.598437 0.229849 0.600000 0.244409 0.610937 0.246489 0.610937 0.252729 0.615625 0.254810 0.615625 0.256890 0.617188 0.258970 0.617188 0.261050 0.618750 0.263130 0.618750 0.267290 0.621875 0.267290 0.626562 0.325532 0.626562 0.325532 0.621875 0.331772 0.617188 0.335933 0.617188 0.340093 0.614062 0.342173 0.614062 0.350493 0.607813 0.352573 0.607813 0.356733 0.604687 0.356733 0.603125 0.365054 0.596875 0.365054 0.595312 0.371294 0.590625 0.371294 0.587500 0.373374 0.585937 0.373374 0.584375 0.375454 0.582812 0.375454 0.579687 0.379614 0.576562 0.385854 0.576562 0.385854 0.543750 0.379614 0.543750 0.375454 0.540625 0.375454 0.537500 0.373374 0.535937 0.373374 0.534375 0.371294 0.532812 0.371294 0.531250 0.369214 0.529687 0.369214 0.528125 0.365054 0.525000 0.365054 0.523437 0.350493 0.512500 0.348413 0.512500 0.346333 0.510937 0.344253 0.510937 0.342173 0.509375 0.342173 0.503125
1 0.485698 0.617188 0.485698 0.620312 0.483618 0.621875 0.481538 0.621875 0.479458 0.623438 0.477378 0.623438 0.466978 0.631250 0.466978 0.632812 0.460737 0.637500 0.460737 0.639062 0.456577 0.642187 0.456577 0.643750 0.452417 0.646875 0.446177 0.646875 0.446177 0.693750 0.452417 0.693750 0.456577 0.696875 0.456577 0.698437 0.458657 0.700000 0.458657 0.701562 0.464897 0.706250 0.464897 0.707812 0.479458 0.718750 0.481538 0.718750 0.487778 0.723437 0.489858 0.723437 0.496099 0.728125 0.496099 0.732812 0.577222 0.732812 0.577222 0.728125 0.583462 0.723437 0.585542 0.723437 0.593862 0.717187 0.595942 0.717187 0.598022 0.715625 0.598022 0.714062 0.608423 0.706250 0.608423 0.704687 0.612583 0.701562 0.612583 0.700000 0.614663 0.698437 0.614663 0.696875 0.616743 0.695312 0.616743 0.693750 0.620903 0.690625 0.627144 0.690625 0.627144 0.646875 0.620903 0.646875 0.616743 0.643750 0.616743 0.642187 0.614663 0.640625 0.614663 0.639062 0.610503 0.635937 0.610503 0.634375 0.606343 0.631250 0.606343 0.629687 0.585542 0.614062 0.583462 0.614062 0.581382 0.612500 0.579302 0.612500 0.577222 0.610937 0.575142 0.610937 0.570981 0.607813 0.570981 0.603125 0.521060 0.603125 0.521060 0.607813 0.514819 0.612500 0.510659 0.612500 0.508579 0.614062 0.494019 0.614062 0.491938 0.615625 0.487778 0.615625 0.485698 0.617188 0.473218 0.610937 0.473218 0.603125 0.446177 0.603125 0.446177 0.612500 0.456577 0.612500 0.458657 0.614062 0.466978 0.614062 0.469058 0.612500 0.471138 0.612500 0.473218 0.610937
2 0.602183 0.465625 0.602183 0.470312 0.595942 0.475000 0.593862 0.475000 0.587622 0.479687 0.585542 0.479687 0.570981 0.490625 0.570981 0.492188 0.564741 0.496875 0.564741 0.498437 0.560581 0.501562 0.554341 0.501562 0.554341 0.534375 0.560581 0.534375 0.564741 0.537500 0.564741 0.539062 0.566821 0.540625 0.566821 0.543750 0.568901 0.545312 0.568901 0.550000 0.570981 0.551562 0.570981 0.556250 0.573062 0.557812 0.573062 0.562500 0.575142 0.564062 0.575142 0.565625 0.577222 0.567187 0.579302 0.567187 0.581382 0.568750 0.581382 0.570312 0.583462 0.571875 0.585542 0.571875 0.591782 0.576562 0.593862 0.576562 0.595942 0.578125 0.598022 0.578125 0.600103 0.579687 0.602183 0.579687 0.608423 0.584375 0.608423 0.589062 0.666665 0.589062 0.666665 0.584375 0.670825 0.581250 0.672905 0.581250 0.674985 0.579687 0.677065 0.579687 0.681226 0.576562 0.683306 0.576562 0.689546 0.571875 0.691626 0.571875 0.697866 0.567187 0.697866 0.565625 0.706186 0.559375 0.706186 0.557812 0.712427 0.553125 0.718667 0.553125 0.718667 0.500000 0.712427 0.500000 0.708267 0.496875 0.708267 0.495312 0.704106 0.492188 0.704106 0.490625 0.687466 0.478125 0.685386 0.478125 0.679145 0.473437 0.677065 0.473437 0.674985 0.471875 0.674985 0.465625
1 0.602183 0.465625 0.602183 0.470312 0.595942 0.475000 0.593862 0.475000 0.589702 0.478125 0.587622 0.478125 0.560581 0.498437 0.554341 0.498437 0.554341 0.532812 0.560581 0.532812 0.564741 0.535937 0.564741 0.537500 0.566821 0.539062 0.566821 0.543750 0.568901 0.545312 0.568901 0.550000 0.570981 0.551562 0.570981 0.557812 0.573062 0.559375 0.573062 0.562500 0.575142 0.564062 0.575142 0.565625 0.583462 0.571875 0.585542 0.571875 0.591782 0.576562 0.593862 0.576562 0.595942 0.578125 0.598022 0.578125 0.602183 0.581250 0.604263 0.581250 0.608423 0.584375 0.608423 0.589062 0.666665 0.589062 0.666665 0.584375 0.670825 0.581250 0.672905 0.581250 0.674985 0.579687 0.677065 0.579687 0.681226 0.576562 0.683306 0.576562 0.689546 0.571875 0.691626 0.571875 0.699946 0.565625 0.699946 0.564062 0.706186 0.559375 0.706186 0.557812 0.712427 0.553125 0.718667 0.553125 0.718667 0.500000 0.712427 0.500000 0.708267 0.496875 0.708267 0.495312 0.704106 0.492188 0.704106 0.490625 0.685386 0.476562 0.683306 0.476562 0.679145 0.473437 0.677065 0.473437 0.674985 0.471875 0.674985 0.465625
1 0.086323 0.168750 0.080083 0.168750 0.080083 0.171875 0.086323 0.171875 0.086323 0.168750 0.105044 0.153125 0.107124 0.151562 0.109204 0.151562 0.111284 0.150000 0.115444 0.150000 0.117524 0.148437 0.119604 0.148437 0.123765 0.151562 0.125845 0.151562 0.150806 0.170312 0.152886 0.170312 0.159126 0.175000 0.161206 0.175000 0.165366 0.178125 0.165366 0.182812 0.292251 0.182812 0.292251 0.178125 0.294331 0.176562 0.298491 0.176562 0.300571 0.178125 0.300571 0.182812 0.302651 0.182812 0.302651 0.178125 0.308892 0.173437 0.310972 0.173437 0.313052 0.171875 0.315132 0.173437 0.321372 0.173437 0.325532 0.170312 0.325532 0.159375 0.323452 0.157812 0.323452 0.156250 0.321372 0.154687 0.321372 0.153125 0.317212 0.150000 0.315132 0.150000 0.310972 0.146875 0.310972 0.145312 0.308892 0.143750 0.308892 0.139062 0.306812 0.137500 0.306812 0.134375 0.304731 0.132812 0.304731 0.131250 0.298491 0.126562 0.296411 0.126562 0.292251 0.123437 0.292251 0.121875 0.288091 0.118750 0.288091 0.117188 0.286011 0.115625 0.281851 0.115625 0.279770 0.114062 0.277690 0.114062 0.275610 0.112500 0.275610 0.110937 0.271450 0.107812 0.271450 0.101562 0.269370 0.100000 0.269370 0.098437 0.267290 0.096875 0.275610 0.090625 0.279770 0.090625 0.281851 0.089062 0.283931 0.089062 0.292251 0.082812 0.294331 0.082812 0.296411 0.081250 0.298491 0.081250 0.304731 0.076562 0.308892 0.076562 0.310972 0.075000 0.315132 0.075000 0.317212 0.073437 0.321372 0.073437 0.323452 0.071875 0.327612 0.071875 0.329692 0.070312 0.331772 0.070312 0.333853 0.068750 0.338013 0.068750 0.340093 0.067187 0.342173 0.067187 0.344253 0.065625 0.346333 0.065625 0.348413 0.064062 0.350493 0.064062 0.352573 0.062500 0.354653 0.062500 0.356733 0.060937 0.358813 0.060937 0.362974 0.057812 0.365054 0.057812 0.367134 0.056250 0.369214 0.056250 0.375454 0.051562 0.377534 0.051562 0.381694 0.048437 0.381694 0.046875 0.387935 0.042187 0.387935 0.040625 0.390015 0.039062 0.390015 0.037500 0.396255 0.032812 0.402495 0.032812 0.402495 0.000000 0.088403 0.000000 0.088403 0.009375 0.086323 0.010937 0.080083 0.010937 0.080083 0.110937 0.086323 0.110937 0.090483 0.114062 0.090483 0.115625 0.092563 0.117188 0.092563 0.118750 0.094644 0.120312 0.094644 0.123437 0.096724 0.125000 0.096724 0.126562 0.105044 0.126562 0.107124 0.125000 0.111284 0.125000 0.113364 0.126562 0.113364 0.128125 0.111284 0.129687 0.107124 0.129687 0.105044 0.131250 0.105044 0.137500 0.102964 0.139062 0.102964 0.151562 0.105044 0.153125
2 0.348413 0.284375 0.348413 0.289062 0.344253 0.292187 0.342173 0.292187 0.340093 0.293750 0.338013 0.293750 0.335933 0.295312 0.333853 0.295312 0.329692 0.298437 0.327612 0.298437 0.323452 0.301562 0.321372 0.301562 0.306812 0.312500 0.306812 0.314062 0.302651 0.317187 0.296411 0.317187 0.296411 0.375000 0.302651 0.375000 0.313052 0.382812 0.315132 0.382812 0.317212 0.384375 0.319292 0.384375 0.321372 0.385937 0.323452 0.385937 0.325532 0.387500 0.327612 0.387500 0.331772 0.390625 0.331772 0.395312 0.410815 0.395312 0.410815 0.389062 0.412896 0.387500 0.412896 0.385937 0.417056 0.382812 0.419136 0.382812 0.421216 0.381250 0.425376 0.381250 0.427456 0.379687 0.429536 0.379687 0.431616 0.378125 0.435776 0.378125 0.437856 0.376562 0.444097 0.376562 0.454497 0.368750 0.460737 0.368750 0.460737 0.328125 0.454497 0.328125 0.450337 0.325000 0.450337 0.323437 0.448257 0.321875 0.448257 0.320312 0.446177 0.318750 0.446177 0.317187 0.442017 0.314062 0.442017 0.312500 0.423296 0.298437 0.421216 0.298437 0.417056 0.295312 0.414976 0.295312 0.412896 0.293750 0.410815 0.293750 0.408735 0.292187 0.406655 0.292187 0.402495 0.289062 0.402495 0.284375
2 0.125845 0.828125 0.125845 0.832812 0.121685 0.835938 0.117524 0.835938 0.115444 0.837500 0.113364 0.837500 0.111284 0.839062 0.107124 0.839062 0.105044 0.840625 0.102964 0.840625 0.100884 0.842187 0.096724 0.842187 0.094644 0.843750 0.090483 0.843750 0.088403 0.845312 0.084243 0.845312 0.082163 0.846875 0.080083 0.846875 0.078003 0.848437 0.073843 0.848437 0.071763 0.850000 0.069683 0.850000 0.067603 0.851562 0.065522 0.851562 0.063442 0.853125 0.061362 0.853125 0.059282 0.854687 0.057202 0.854687 0.055122 0.856250 0.050962 0.856250 0.048882 0.857812 0.046802 0.857812 0.044722 0.859375 0.042642 0.859375 0.038481 0.862500 0.036401 0.862500 0.034321 0.864062 0.032241 0.864062 0.030161 0.865625 0.028081 0.865625 0.021841 0.870312 0.019761 0.870312 0.001040 0.884375 0.001040 0.885937 0.000000 0.887500 0.000000 0.892187 0.000000 0.893750 0.000000 0.925000 0.000000 0.926562 0.000000 0.982812 0.000000 0.984375 0.000000 0.998437 0.868433 0.998437 0.868433 0.987500 0.862192 0.987500 0.858032 0.984375 0.858032 0.982812 0.855952 0.981250 0.855952 0.979687 0.853872 0.978125 0.853872 0.976562 0.849712 0.973437 0.849712 0.971875 0.847632 0.970312 0.847632 0.968750 0.845552 0.967187 0.845552 0.965625 0.839311 0.960938 0.839311 0.959375 0.835151 0.956250 0.835151 0.954687 0.830991 0.951562 0.830991 0.950000 0.826831 0.946875 0.826831 0.945312 0.818511 0.939062 0.818511 0.937500 0.806030 0.928125 0.806030 0.926562 0.797710 0.920312 0.797710 0.918750 0.783149 0.907812 0.783149 0.906250 0.760269 0.889062 0.760269 0.887500 0.724907 0.860937 0.722827 0.860937 0.706186 0.848437 0.704106 0.848437 0.699946 0.845312 0.697866 0.845312 0.695786 0.843750 0.691626 0.843750 0.689546 0.842187 0.683306 0.842187 0.681226 0.840625 0.670825 0.840625 0.668745 0.839062 0.616743 0.839062 0.614663 0.840625 0.608423 0.840625 0.608423 0.842187 0.602183 0.846875 0.600103 0.846875 0.593862 0.851562 0.593862 0.853125 0.595942 0.854687 0.595942 0.856250 0.598022 0.857812 0.598022 0.859375 0.600103 0.860937 0.602183 0.860937 0.604263 0.862500 0.604263 0.867188 0.602183 0.868750 0.602183 0.871875 0.593862 0.878125 0.591782 0.878125 0.589702 0.879687 0.587622 0.879687 0.583462 0.882812 0.581382 0.882812 0.579302 0.884375 0.577222 0.884375 0.575142 0.885937 0.573062 0.885937 0.570981 0.887500 0.564741 0.887500 0.562661 0.889062 0.537700 0.889062 0.535620 0.887500 0.529380 0.887500 0.527300 0.885937 0.516899 0.885937 0.514819 0.884375 0.512739 0.884375 0.510659 0.882812 0.506499 0.882812 0.504419 0.881250 0.502339 0.881250 0.500259 0.879687 0.496099 0.879687 0.491938 0.876562 0.489858 0.876562 0.487778 0.875000 0.485698 0.875000 0.483618 0.873437 0.477378 0.873437 0.475298 0.871875 0.471138 0.871875 0.469058 0.870312 0.460737 0.870312 0.458657 0.868750 0.412896 0.868750 0.410815 0.867188 0.400415 0.867188 0.398335 0.865625 0.385854 0.865625 0.383774 0.867188 0.369214 0.867188 0.367134 0.868750 0.358813 0.868750 0.356733 0.870312 0.354653 0.870312 0.329692 0.889062 0.329692 0.890625 0.327612 0.892187 0.325532 0.892187 0.319292 0.896875 0.317212 0.896875 0.315132 0.898438 0.313052 0.898438 0.310972 0.900000 0.306812 0.896875 0.306812 0.893750 0.315132 0.887500 0.317212 0.887500 0.319292 0.885937 0.321372 0.885937 0.321372 0.884375 0.319292 0.882812 0.300571 0.882812 0.298491 0.884375 0.296411 0.884375 0.294331 0.885937 0.292251 0.885937 0.288091 0.889062 0.271450 0.889062 0.267290 0.885937 0.265210 0.885937 0.263130 0.884375 0.263130 0.882812 0.265210 0.881250 0.265210 0.878125 0.267290 0.876562 0.267290 0.873437 0.269370 0.871875 0.269370 0.864062 0.265210 0.860937 0.265210 0.857812 0.263130 0.856250 0.263130 0.851562 0.258970 0.848437 0.258970 0.846875 0.256890 0.845312 0.254810 0.845312 0.250649 0.842187 0.248569 0.842187 0.246489 0.840625 0.244409 0.840625 0.238169 0.835938 0.238169 0.834375 0.236089 0.832812 0.236089 0.828125