1 0.509375 0.620833 0.509375 0.627083 0.500000 0.639583 0.498437 0.639583 0.487500 0.654167 0.487500 0.656250 0.482812 0.662500 0.478125 0.662500 0.478125 0.727083 0.482812 0.727083 0.489062 0.735417 0.489062 0.737500 0.496875 0.747917 0.498437 0.747917 0.503125 0.754167 0.504687 0.754167 0.506250 0.756250 0.507812 0.756250 0.509375 0.758333 0.512500 0.758333 0.515625 0.762500 0.515625 0.768750 0.550000 0.768750 0.550000 0.762500 0.553125 0.758333 0.554688 0.758333 0.556250 0.756250 0.557813 0.756250 0.562500 0.750000 0.564062 0.750000 0.567187 0.745833 0.568750 0.745833 0.573438 0.739583 0.573438 0.737500 0.578125 0.731250 0.578125 0.729167 0.581250 0.725000 0.581250 0.722917 0.584375 0.718750 0.589063 0.718750 0.589063 0.670833 0.582812 0.670833 0.578125 0.664583 0.578125 0.662500 0.573438 0.656250 0.573438 0.654167 0.568750 0.647917 0.568750 0.645833 0.559375 0.633333 0.557813 0.633333 0.556250 0.631250 0.554688 0.631250 0.553125 0.629167 0.553125 0.620833
0 0.314063 0.429167 0.314063 0.435417 0.310937 0.439583 0.309375 0.439583 0.306250 0.443750 0.304688 0.443750 0.300000 0.450000 0.300000 0.452083 0.295312 0.458333 0.290625 0.458333 0.290625 0.520833 0.295312 0.520833 0.298438 0.525000 0.300000 0.525000 0.303125 0.529167 0.304688 0.529167 0.306250 0.531250 0.307813 0.531250 0.309375 0.533333 0.310937 0.533333 0.312500 0.535417 0.315625 0.535417 0.317187 0.537500 0.320312 0.537500 0.321875 0.539583 0.323438 0.539583 0.325000 0.541667 0.326562 0.541667 0.329688 0.545833 0.329688 0.552083 0.362500 0.552083 0.362500 0.543750 0.364062 0.541667 0.365625 0.541667 0.373437 0.531250 0.373437 0.529167 0.375000 0.527083 0.375000 0.525000 0.378125 0.520833 0.382812 0.520833 0.382812 0.458333 0.378125 0.458333 0.375000 0.454167 0.375000 0.452083 0.368750 0.443750 0.367188 0.443750 0.364062 0.439583 0.362500 0.439583 0.359375 0.435417 0.359375 0.429167
0 0.617188 0.879167 0.617188 0.885417 0.604688 0.902083 0.604688 0.904167 0.603125 0.906250 0.596875 0.906250 0.596875 0.975000 0.601562 0.975000 0.604688 0.979167 0.604688 0.981250 0.606250 0.983333 0.606250 0.985417 0.610937 0.991667 0.610937 0.993750 0.612500 0.995833 0.612500 0.997917 0.698438 0.997917 0.698438 0.995833 0.703125 0.989583 0.707812 0.989583 0.707812 0.925000 0.703125 0.925000 0.700000 0.920833 0.700000 0.916667 0.698438 0.914583 0.698438 0.912500 0.695312 0.908333 0.695312 0.906250 0.687500 0.895833 0.687500 0.893750 0.685938 0.891667 0.684375 0.891667 0.679688 0.885417 0.679688 0.879167
1 0.668750 0.454167 0.668750 0.460417 0.665625 0.464583 0.664062 0.464583 0.662500 0.466667 0.660937 0.466667 0.659375 0.468750 0.657812 0.468750 0.654688 0.472917 0.653125 0.472917 0.650000 0.477083 0.648438 0.477083 0.635938 0.493750 0.635938 0.495833 0.632812 0.500000 0.628125 0.500000 0.628125 0.579167 0.634375 0.579167 0.635938 0.581250 0.635938 0.583333 0.643750 0.593750 0.645312 0.593750 0.653125 0.604167 0.654688 0.604167 0.659375 0.610417 0.660937 0.610417 0.662500 0.612500 0.664062 0.612500 0.665625 0.614583 0.667188 0.614583 0.671875 0.620833 0.671875 0.627083 0.717188 0.627083 0.717188 0.620833 0.720312 0.616667 0.721875 0.616667 0.725000 0.612500 0.726562 0.612500 0.735937 0.600000 0.735937 0.597917 0.740625 0.591667 0.745313 0.591667 0.745313 0.495833 0.740625 0.495833 0.725000 0.475000 0.723437 0.475000 0.720312 0.470833 0.718750 0.470833 0.715625 0.466667 0.714063 0.466667 0.712500 0.464583 0.709375 0.464583 0.706250 0.460417 0.706250 0.454167
2 0.279687 0.529167 0.279687 0.537500 0.278125 0.539583 0.276563 0.539583 0.273438 0.543750 0.271875 0.543750 0.265625 0.552083 0.264062 0.552083 0.262500 0.554167 0.262500 0.556250 0.259375 0.560417 0.257812 0.560417 0.257812 0.562500 0.256250 0.564583 0.256250 0.566667 0.251563 0.572917 0.246875 0.572917 0.246875 0.627083 0.251563 0.627083 0.256250 0.633333 0.256250 0.635417 0.257812 0.637500 0.257812 0.639583 0.262500 0.645833 0.264062 0.645833 0.267188 0.650000 0.268750 0.650000 0.270312 0.652083 0.271875 0.652083 0.278125 0.660417 0.279687 0.660417 0.281250 0.662500 0.281250 0.668750 0.314063 0.668750 0.314063 0.662500 0.315625 0.660417 0.318750 0.660417 0.320312 0.658333 0.321875 0.658333 0.326562 0.652083 0.328125 0.652083 0.331250 0.647917 0.332812 0.647917 0.346875 0.629167 0.351562 0.629167 0.351562 0.564583 0.346875 0.564583 0.342187 0.558333 0.340625 0.558333 0.334375 0.550000 0.332812 0.550000 0.331250 0.547917 0.329688 0.547917 0.328125 0.545833 0.326562 0.545833 0.325000 0.543750 0.323438 0.543750 0.321875 0.541667 0.320312 0.541667 0.315625 0.535417 0.315625 0.529167
2 0.476562 0.495833 0.476562 0.502083 0.473437 0.506250 0.471875 0.506250 0.467187 0.512500 0.465625 0.512500 0.460938 0.518750 0.459375 0.518750 0.456250 0.522917 0.456250 0.525000 0.448438 0.535417 0.448438 0.537500 0.445312 0.541667 0.440625 0.541667 0.440625 0.591667 0.445312 0.591667 0.450000 0.597917 0.450000 0.600000 0.457812 0.610417 0.457812 0.612500 0.459375 0.612500 0.464063 0.618750 0.465625 0.618750 0.467187 0.620833 0.468750 0.620833 0.470313 0.622917 0.471875 0.622917 0.473437 0.625000 0.475000 0.625000 0.476562 0.627083 0.478125 0.627083 0.479688 0.629167 0.479688 0.635417 0.506250 0.635417 0.506250 0.629167 0.509375 0.625000 0.510938 0.625000 0.514063 0.620833 0.515625 0.620833 0.517187 0.618750 0.520312 0.618750 0.521875 0.616667 0.523438 0.616667 0.529688 0.608333 0.531250 0.608333 0.535937 0.602083 0.535937 0.600000 0.537500 0.597917 0.537500 0.595833 0.539062 0.593750 0.539062 0.591667 0.542188 0.587500 0.542188 0.585417 0.543750 0.583333 0.543750 0.581250 0.546875 0.577083 0.551562 0.577083 0.551562 0.539583 0.546875 0.539583 0.542188 0.533333 0.542188 0.531250 0.540625 0.529167 0.540625 0.527083 0.526563 0.508333 0.525000 0.508333 0.520312 0.502083 0.520312 0.495833
2 0.976562 0.712500 0.976562 0.718750 0.975000 0.720833 0.973437 0.720833 0.971875 0.722917 0.970312 0.722917 0.968750 0.725000 0.965625 0.725000 0.960938 0.731250 0.959375 0.731250 0.954687 0.737500 0.954687 0.739583 0.950000 0.745833 0.950000 0.750000 0.948438 0.752083 0.948438 0.754167 0.945312 0.758333 0.940625 0.758333 0.940625 0.812500 0.945312 0.812500 0.946875 0.814583 0.946875 0.816667 0.948438 0.818750 0.948438 0.820833 0.950000 0.822917 0.950000 0.825000 0.951563 0.827083 0.951563 0.829167 0.956250 0.835417 0.956250 0.837500 0.957812 0.839583 0.957812 0.843750 0.959375 0.845833 0.959375 0.847917 0.962500 0.852083 0.962500 0.854167 0.964063 0.856250 0.964063 0.858333 0.967188 0.862500 0.968750 0.862500 0.971875 0.866667 0.973437 0.866667 0.976562 0.870833 0.976562 0.877083 0.998438 0.877083 0.998438 0.712500
2 0.962500 0.000000 0.962500 0.002083 0.960938 0.004167 0.960938 0.006250 0.957812 0.010417 0.957812 0.012500 0.954687 0.016667 0.954687 0.018750 0.951563 0.022917 0.951563 0.025000 0.948438 0.029167 0.948438 0.031250 0.945312 0.035417 0.945312 0.037500 0.943750 0.039583 0.943750 0.041667 0.940625 0.045833 0.940625 0.047917 0.939062 0.050000 0.939062 0.052083 0.937500 0.054167 0.937500 0.056250 0.935938 0.058333 0.935938 0.060417 0.934375 0.062500 0.934375 0.064583 0.932813 0.066667 0.928125 0.066667 0.928125 0.177083 0.932813 0.177083 0.935938 0.181250 0.935938 0.185417 0.937500 0.187500 0.937500 0.191667 0.939062 0.193750 0.939062 0.195833 0.940625 0.197917 0.940625 0.200000 0.942187 0.202083 0.942187 0.204167 0.943750 0.206250 0.943750 0.212500 0.945312 0.214583 0.945312 0.229167 0.943750 0.231250 0.943750 0.237500 0.942187 0.239583 0.942187 0.250000 0.940625 0.252083 0.940625 0.260417 0.939062 0.262500 0.939062 0.279167 0.940625 0.281250 0.940625 0.289583 0.942187 0.291667 0.942187 0.295833 0.943750 0.297917 0.943750 0.302083 0.945312 0.304167 0.945312 0.308333 0.948438 0.312500 0.948438 0.314583 0.950000 0.316667 0.950000 0.318750 0.957812 0.329167 0.959375 0.329167 0.960938 0.331250 0.962500 0.331250 0.964063 0.333333 0.965625 0.333333 0.967188 0.335417 0.968750 0.335417 0.971875 0.339583 0.971875 0.341667 0.976562 0.347917 0.976562 0.350000 0.978125 0.352083 0.978125 0.354167 0.981250 0.358333 0.981250 0.360417 0.984375 0.364583 0.984375 0.366667 0.985937 0.368750 0.985937 0.377083 0.998438 0.377083 0.998438 0.000000
1 0.640625 0.254167 0.640625 0.260417 0.639063 0.262500 0.637500 0.262500 0.635938 0.264583 0.634375 0.264583 0.628125 0.272917 0.626562 0.272917 0.621875 0.279167 0.620313 0.279167 0.617188 0.283333 0.617188 0.285417 0.610937 0.293750 0.610937 0.295833 0.607813 0.300000 0.603125 0.300000 0.603125 0.400000 0.609375 0.400000 0.612500 0.404167 0.614062 0.404167 0.620313 0.412500 0.621875 0.412500 0.623438 0.414583 0.625000 0.414583 0.628125 0.418750 0.629687 0.418750 0.632812 0.422917 0.635938 0.422917 0.640625 0.429167 0.640625 0.435417 0.678125 0.435417 0.678125 0.429167 0.681250 0.425000 0.682813 0.425000 0.684375 0.422917 0.687500 0.422917 0.689062 0.420833 0.690625 0.420833 0.693750 0.416667 0.695312 0.416667 0.709375 0.397917 0.714063 0.397917 0.714063 0.308333 0.709375 0.308333 0.706250 0.304167 0.706250 0.302083 0.704687 0.300000 0.704687 0.297917 0.700000 0.291667 0.700000 0.289583 0.689062 0.275000 0.687500 0.275000 0.681250 0.266667 0.679688 0.266667 0.675000 0.260417 0.675000 0.254167
1 0.701563 0.937500 0.696875 0.937500 0.701563 0.937500 0.706250 0.943750 0.701563 0.950000 0.696875 0.950000 0.696875 0.997917 0.857813 0.997917 0.857813 0.952083 0.853125 0.952083 0.850000 0.947917 0.850000 0.945833 0.848437 0.943750 0.848437 0.939583 0.843750 0.933333 0.843750 0.931250 0.839063 0.925000 0.837500 0.925000 0.835938 0.922917 0.834375 0.922917 0.831250 0.918750 0.831250 0.912500 0.732813 0.912500 0.732813 0.918750 0.729688 0.922917 0.728125 0.922917 0.726562 0.925000 0.725000 0.925000 0.721875 0.929167 0.720312 0.929167 0.717188 0.933333 0.715625 0.933333 0.707812 0.943750 0.706250 0.943750
1 0.654688 0.000000 0.654688 0.014583 0.653125 0.016667 0.646875 0.016667 0.646875 0.079167 0.651563 0.079167 0.654688 0.083333 0.654688 0.085417 0.656250 0.087500 0.656250 0.089583 0.659375 0.093750 0.659375 0.095833 0.662500 0.100000 0.662500 0.102083 0.671875 0.114583 0.673437 0.114583 0.675000 0.116667 0.676562 0.116667 0.678125 0.118750 0.679688 0.118750 0.681250 0.120833 0.681250 0.127083 0.748438 0.127083 0.748438 0.120833 0.751562 0.116667 0.754687 0.116667 0.756250 0.114583 0.767187 0.114583 0.768750 0.116667 0.778125 0.116667 0.779688 0.118750 0.784375 0.118750 0.785937 0.120833 0.785937 0.127083 0.807813 0.127083 0.807813 0.066667 0.803125 0.066667 0.792188 0.052083 0.792188 0.050000 0.790625 0.047917 0.790625 0.045833 0.789062 0.043750 0.789062 0.041667 0.787500 0.041667 0.785937 0.043750 0.782812 0.043750 0.781250 0.045833 0.779688 0.045833 0.768750 0.060417 0.768750 0.062500 0.762500 0.070833 0.759375 0.070833 0.756250 0.066667 0.756250 0.062500 0.754687 0.060417 0.754687 0.058333 0.745313 0.045833 0.745313 0.043750 0.743750 0.041667 0.743750 0.039583 0.742188 0.037500 0.745313 0.033333 0.746875 0.033333 0.750000 0.029167 0.750000 0.027083 0.751562 0.025000 0.751562 0.020833 0.753125 0.018750 0.753125 0.014583 0.754687 0.012500 0.754687 0.008333 0.757812 0.004167 0.759375 0.004167 0.760938 0.002083 0.798437 0.002083 0.798437 0.000000
1 0.654688 0.000000 0.654688 0.004167 0.656250 0.006250 0.656250 0.012500 0.654688 0.014583 0.654688 0.016667 0.653125 0.018750 0.646875 0.018750 0.646875 0.043750 0.662500 0.043750 0.662500 0.035417 0.664062 0.033333 0.675000 0.033333 0.676562 0.035417 0.678125 0.035417 0.679688 0.037500 0.679688 0.043750 0.735937 0.043750 0.735937 0.037500 0.739062 0.033333 0.742188 0.033333 0.743750 0.031250 0.745313 0.031250 0.750000 0.025000 0.750000 0.022917 0.751562 0.020833 0.751562 0.018750 0.753125 0.016667 0.757812 0.016667 0.757812 0.000000