1 0.476860 0.578125 0.476860 0.584375 0.478940 0.585937 0.481021 0.585937 0.483101 0.587500 0.485181 0.587500 0.499741 0.598437 0.499741 0.600000 0.503901 0.603125 0.503901 0.604687 0.510142 0.609375 0.510142 0.610937 0.514302 0.614062 0.520542 0.614062 0.520542 0.662500 0.514302 0.662500 0.505981 0.668750 0.505981 0.670312 0.499741 0.675000 0.497661 0.675000 0.495581 0.676562 0.495581 0.682812 0.404058 0.682812 0.404058 0.678125 0.399897 0.675000 0.395737 0.675000 0.391577 0.671875 0.389497 0.671875 0.381177 0.665625 0.379097 0.665625 0.379097 0.664062 0.370776 0.657812 0.364536 0.657812 0.364536 0.615625 0.370776 0.615625 0.379097 0.609375 0.379097 0.607813 0.381177 0.606250 0.381177 0.604687 0.387417 0.600000 0.387417 0.598437 0.393657 0.593750 0.395737 0.593750 0.404058 0.587500 0.406138 0.587500 0.412378 0.582812 0.412378 0.578125
0 0.476860 0.484375 0.476860 0.489062 0.481021 0.492188 0.483101 0.492188 0.485181 0.493750 0.487261 0.493750 0.491421 0.496875 0.493501 0.496875 0.508062 0.507812 0.508062 0.509375 0.510142 0.510937 0.510142 0.512500 0.514302 0.515625 0.520542 0.515625 0.520542 0.548437 0.514302 0.548437 0.510142 0.551562 0.510142 0.553125 0.508062 0.554687 0.508062 0.557812 0.505981 0.559375 0.505981 0.560937 0.493501 0.570312 0.493501 0.576562 0.416538 0.576562 0.416538 0.570312 0.414458 0.568750 0.412378 0.568750 0.399897 0.559375 0.399897 0.556250 0.395737 0.553125 0.389497 0.553125 0.389497 0.515625 0.395737 0.515625 0.399897 0.512500 0.399897 0.510937 0.401978 0.509375 0.401978 0.507812 0.410298 0.501562 0.410298 0.500000 0.412378 0.500000 0.420698 0.493750 0.422778 0.493750 0.424858 0.492188 0.426938 0.492188 0.431099 0.489062 0.431099 0.484375
0 0.628706 0.315625 0.628706 0.320312 0.632866 0.323437 0.634946 0.323437 0.637026 0.325000 0.639106 0.325000 0.641187 0.326562 0.641187 0.328125 0.645347 0.331250 0.647427 0.331250 0.647427 0.332812 0.651587 0.335938 0.651587 0.337500 0.653667 0.339062 0.661987 0.339062 0.661987 0.384375 0.655747 0.384375 0.649507 0.389062 0.649507 0.390625 0.637026 0.400000 0.634946 0.400000 0.632866 0.401562 0.632866 0.407812 0.574624 0.407812 0.574624 0.403125 0.570464 0.400000 0.568384 0.400000 0.560064 0.393750 0.560064 0.392187 0.551743 0.385937 0.551743 0.384375 0.549663 0.382812 0.549663 0.379687 0.547583 0.378125 0.547583 0.376562 0.545503 0.375000 0.539263 0.375000 0.539263 0.351562 0.545503 0.351562 0.549663 0.348437 0.549663 0.345312 0.551743 0.343750 0.551743 0.342187 0.553823 0.340625 0.553823 0.339062 0.572544 0.325000 0.574624 0.325000 0.576704 0.323437 0.578784 0.323437 0.582944 0.320312 0.582944 0.315625
0 0.720230 0.509375 0.720230 0.515625 0.722310 0.517187 0.724390 0.517187 0.726470 0.518750 0.728550 0.518750 0.732710 0.521875 0.734790 0.521875 0.738950 0.525000 0.741030 0.525000 0.749351 0.531250 0.749351 0.532812 0.755591 0.537500 0.755591 0.539062 0.757671 0.540625 0.757671 0.542187 0.759751 0.543750 0.759751 0.546875 0.763911 0.550000 0.770151 0.550000 0.770151 0.581250 0.763911 0.581250 0.761831 0.582812 0.761831 0.584375 0.759751 0.585937 0.759751 0.587500 0.757671 0.589062 0.757671 0.590625 0.753511 0.593750 0.753511 0.595312 0.749351 0.598437 0.749351 0.600000 0.734790 0.610937 0.732710 0.610937 0.726470 0.615625 0.726470 0.620312 0.659907 0.620312 0.659907 0.615625 0.655747 0.612500 0.653667 0.612500 0.649507 0.609375 0.647427 0.609375 0.634946 0.600000 0.634946 0.598437 0.630786 0.595312 0.630786 0.593750 0.628706 0.592187 0.628706 0.589062 0.626626 0.587500 0.626626 0.585937 0.622466 0.582812 0.622466 0.581250 0.620386 0.579687 0.614146 0.579687 0.614146 0.545312 0.620386 0.545312 0.624546 0.542187 0.624546 0.540625 0.626626 0.539062 0.626626 0.537500 0.628706 0.535937 0.628706 0.534375 0.634946 0.529687 0.634946 0.528125 0.639106 0.525000 0.641187 0.525000 0.647427 0.520312 0.649507 0.520312 0.651587 0.518750 0.653667 0.518750 0.655747 0.517187 0.657827 0.517187 0.661987 0.514062 0.661987 0.509375
1 0.062925 0.665625 0.062925 0.670312 0.067085 0.673437 0.069165 0.673437 0.071245 0.675000 0.073325 0.675000 0.079565 0.679688 0.081646 0.679688 0.092046 0.687500 0.092046 0.689062 0.094126 0.690625 0.094126 0.692187 0.098286 0.695312 0.098286 0.696875 0.102446 0.700000 0.102446 0.703125 0.106606 0.706250 0.112847 0.706250 0.112847 0.768750 0.106606 0.768750 0.104526 0.770312 0.104526 0.771875 0.102446 0.773438 0.102446 0.776562 0.100366 0.778125 0.100366 0.779687 0.096206 0.782812 0.096206 0.785937 0.094126 0.787500 0.094126 0.789062 0.092046 0.790625 0.092046 0.792187 0.087886 0.795312 0.087886 0.796875 0.077485 0.804688 0.075405 0.804688 0.065005 0.812500 0.062925 0.812500 0.058765 0.815625 0.056685 0.815625 0.050444 0.820312 0.048364 0.820312 0.046284 0.821875 0.044204 0.821875 0.042124 0.823437 0.040044 0.823437 0.037964 0.825000 0.035884 0.825000 0.031724 0.828125 0.031724 0.832812 0.000000 0.832812 0.000000 0.665625
2 0.503901 0.390625 0.503901 0.395312 0.508062 0.398438 0.510142 0.398438 0.514302 0.401562 0.516382 0.401562 0.516382 0.403125 0.520542 0.406250 0.522622 0.406250 0.524702 0.407812 0.524702 0.409375 0.528862 0.412500 0.537183 0.412500 0.537183 0.457812 0.530942 0.457812 0.524702 0.462500 0.524702 0.464062 0.512222 0.473437 0.510142 0.473437 0.503901 0.478125 0.503901 0.482812 0.451899 0.482812 0.451899 0.478125 0.447739 0.475000 0.445659 0.475000 0.443579 0.473437 0.441499 0.473437 0.433179 0.467187 0.433179 0.465625 0.429019 0.462500 0.422778 0.462500 0.422778 0.407812 0.431099 0.407812 0.439419 0.401562 0.441499 0.401562 0.445659 0.398438 0.447739 0.398438 0.449819 0.396875 0.449819 0.390625
2 0.609985 0.557812 0.609985 0.562500 0.616226 0.567187 0.618306 0.567187 0.622466 0.570312 0.622466 0.571875 0.624546 0.573437 0.624546 0.575000 0.626626 0.576562 0.626626 0.578125 0.630786 0.581250 0.637026 0.581250 0.637026 0.607813 0.630786 0.607813 0.626626 0.610937 0.626626 0.614062 0.624546 0.615625 0.624546 0.618750 0.622466 0.620312 0.622466 0.621875 0.620386 0.623438 0.620386 0.625000 0.607905 0.634375 0.605825 0.634375 0.603745 0.635937 0.601665 0.635937 0.595425 0.640625 0.595425 0.645312 0.543423 0.645312 0.543423 0.640625 0.539263 0.637500 0.537183 0.637500 0.530942 0.632812 0.530942 0.631250 0.528862 0.629687 0.528862 0.628125 0.520542 0.621875 0.520542 0.620312 0.518462 0.618750 0.518462 0.617188 0.516382 0.615625 0.516382 0.614062 0.512222 0.610937 0.505981 0.610937 0.505981 0.562500 0.512222 0.562500 0.516382 0.559375 0.516382 0.557812 0.528862 0.548437 0.530942 0.548437 0.539263 0.542187 0.541343 0.542187 0.543423 0.540625 0.543423 0.534375 0.591265 0.534375 0.591265 0.539062 0.599585 0.545312 0.601665 0.545312 0.601665 0.546875 0.607905 0.551562 0.607905 0.556250 0.609985 0.557812 0.620386 0.556250 0.620386 0.551562 0.626626 0.546875 0.626626 0.545312 0.628706 0.543750 0.628706 0.534375 0.637026 0.534375 0.637026 0.556250 0.624546 0.556250 0.622466 0.557812 0.620386 0.556250
2 0.337495 0.528125 0.337495 0.532812 0.341655 0.535937 0.345815 0.535937 0.347896 0.537500 0.349976 0.537500 0.354136 0.540625 0.356216 0.540625 0.374937 0.554687 0.374937 0.556250 0.381177 0.560937 0.387417 0.560937 0.387417 0.603125 0.379097 0.603125 0.377017 0.604687 0.377017 0.606250 0.374937 0.607813 0.374937 0.609375 0.364536 0.617188 0.364536 0.618750 0.356216 0.625000 0.354136 0.625000 0.347896 0.629687 0.345815 0.629687 0.343735 0.631250 0.341655 0.631250 0.337495 0.634375 0.337495 0.639062 0.293814 0.639062 0.293814 0.634375 0.289653 0.631250 0.287573 0.631250 0.285493 0.629687 0.283413 0.629687 0.281333 0.628125 0.279253 0.628125 0.273013 0.623438 0.270933 0.623438 0.270933 0.621875 0.262612 0.615625 0.262612 0.614062 0.260532 0.612500 0.260532 0.610937 0.258452 0.609375 0.258452 0.607813 0.256372 0.606250 0.256372 0.604687 0.254292 0.603125 0.248052 0.603125 0.248052 0.568750 0.254292 0.568750 0.258452 0.565625 0.258452 0.564062 0.260532 0.562500 0.260532 0.560937 0.262612 0.559375 0.262612 0.557812 0.268853 0.553125 0.268853 0.551562 0.279253 0.543750 0.281333 0.543750 0.287573 0.539062 0.289653 0.539062 0.291733 0.537500 0.293814 0.537500 0.295894 0.535937 0.300054 0.535937 0.304214 0.532812 0.304214 0.528125
1 0.505981 0.896875 0.505981 0.901562 0.512222 0.906250 0.514302 0.906250 0.520542 0.910937 0.522622 0.910937 0.526782 0.914062 0.528862 0.914062 0.533022 0.917187 0.535103 0.917187 0.537183 0.918750 0.541343 0.918750 0.543423 0.920312 0.545503 0.920312 0.547583 0.921875 0.551743 0.921875 0.553823 0.923437 0.557983 0.923437 0.560064 0.925000 0.564224 0.925000 0.566304 0.926562 0.568384 0.926562 0.570464 0.928125 0.572544 0.928125 0.574624 0.929688 0.578784 0.929688 0.580864 0.931250 0.585024 0.931250 0.587104 0.932812 0.589185 0.932812 0.591265 0.934375 0.593345 0.934375 0.595425 0.935937 0.597505 0.935937 0.599585 0.937500 0.601665 0.937500 0.605825 0.940625 0.607905 0.940625 0.616226 0.946875 0.616226 0.948437 0.618306 0.950000 0.618306 0.951562 0.622466 0.954687 0.628706 0.954687 0.628706 0.998437 0.364536 0.998437 0.364536 0.937500 0.372856 0.937500 0.374937 0.939062 0.374937 0.940625 0.377017 0.942187 0.377017 0.945312 0.381177 0.948437 0.383257 0.946875 0.385337 0.946875 0.387417 0.945312 0.387417 0.943750 0.389497 0.942187 0.389497 0.940625 0.395737 0.935937 0.397817 0.935937 0.404058 0.931250 0.404058 0.921875 0.416538 0.912500 0.418618 0.912500 0.420698 0.910937 0.422778 0.910937 0.424858 0.909375 0.426938 0.909375 0.429019 0.907812 0.433179 0.907812 0.435259 0.906250 0.439419 0.906250 0.441499 0.904687 0.445659 0.904687 0.449819 0.901562 0.449819 0.896875
2 0.343735 0.915625 0.343735 0.920312 0.347896 0.923437 0.349976 0.923437 0.352056 0.925000 0.354136 0.925000 0.362456 0.931250 0.364536 0.931250 0.368696 0.934375 0.368696 0.935937 0.374937 0.940625 0.374937 0.942187 0.377017 0.943750 0.377017 0.946875 0.379097 0.948437 0.379097 0.950000 0.381177 0.951562 0.381177 0.953125 0.383257 0.954687 0.383257 0.957812 0.385337 0.959375 0.385337 0.962500 0.387417 0.964062 0.387417 0.965625 0.389497 0.967187 0.395737 0.967187 0.395737 0.998437 0.181489 0.998437 0.181489 0.993750 0.189810 0.993750 0.191890 0.992188 0.191890 0.989062 0.193970 0.987500 0.193970 0.985937 0.196050 0.984375 0.196050 0.982812 0.198130 0.981250 0.198130 0.979687 0.202290 0.976562 0.202290 0.975000 0.216851 0.964062 0.216851 0.962500 0.227251 0.954687 0.227251 0.953125 0.248052 0.937500 0.250132 0.937500 0.252212 0.935937 0.254292 0.935937 0.256372 0.934375 0.258452 0.934375 0.260532 0.932812 0.262612 0.932812 0.264692 0.931250 0.266773 0.931250 0.268853 0.929688 0.270933 0.929688 0.275093 0.926562 0.277173 0.926562 0.279253 0.925000 0.281333 0.925000 0.283413 0.923437 0.285493 0.923437 0.289653 0.920312 0.289653 0.915625
1 0.632866 0.434375 0.632866 0.439062 0.637026 0.442187 0.639106 0.442187 0.651587 0.451562 0.651587 0.453125 0.655747 0.456250 0.657827 0.456250 0.659907 0.457812 0.659907 0.459375 0.664067 0.462500 0.670308 0.462500 0.670308 0.496875 0.664067 0.496875 0.659907 0.500000 0.659907 0.501562 0.651587 0.507812 0.651587 0.510937 0.641187 0.518750 0.639106 0.518750 0.634946 0.521875 0.632866 0.521875 0.630786 0.523437 0.628706 0.523437 0.626626 0.525000 0.622466 0.525000 0.620386 0.526562 0.618306 0.526562 0.616226 0.528125 0.616226 0.532812 0.609985 0.532812 0.609985 0.528125 0.607905 0.526562 0.603745 0.526562 0.601665 0.525000 0.593345 0.525000 0.591265 0.523437 0.587104 0.523437 0.585024 0.521875 0.582944 0.521875 0.578784 0.518750 0.576704 0.518750 0.572544 0.515625 0.570464 0.515625 0.562144 0.509375 0.562144 0.507812 0.557983 0.504687 0.557983 0.503125 0.553823 0.500000 0.547583 0.500000 0.547583 0.464062 0.553823 0.464062 0.557983 0.460938 0.557983 0.459375 0.572544 0.448437 0.574624 0.448437 0.580864 0.443750 0.582944 0.443750 0.585024 0.442187 0.587104 0.442187 0.591265 0.439062 0.591265 0.434375
1 0.370776 0.390625 0.370776 0.395312 0.374937 0.398438 0.379097 0.398438 0.381177 0.400000 0.383257 0.400000 0.399897 0.412500 0.399897 0.414062 0.406138 0.418750 0.406138 0.420312 0.408218 0.421875 0.408218 0.423437 0.410298 0.425000 0.410298 0.426562 0.414458 0.429688 0.420698 0.429688 0.420698 0.456250 0.414458 0.456250 0.408218 0.460938 0.406138 0.460938 0.401978 0.464062 0.401978 0.465625 0.399897 0.467187 0.397817 0.467187 0.389497 0.473437 0.387417 0.473437 0.385337 0.475000 0.383257 0.475000 0.379097 0.478125 0.379097 0.482812 0.339575 0.482812 0.339575 0.478125 0.335415 0.475000 0.331255 0.475000 0.329175 0.473437 0.325015 0.473437 0.322935 0.471875 0.320855 0.471875 0.318774 0.470312 0.316694 0.470312 0.314614 0.468750 0.312534 0.468750 0.308374 0.465625 0.306294 0.465625 0.304214 0.464062 0.304214 0.462500 0.302134 0.460938 0.302134 0.459375 0.300054 0.457812 0.300054 0.456250 0.295894 0.453125 0.289653 0.453125 0.289653 0.423437 0.295894 0.423437 0.300054 0.420312 0.300054 0.418750 0.302134 0.417187 0.302134 0.414062 0.312534 0.406250 0.314614 0.406250 0.320855 0.401562 0.322935 0.401562 0.325015 0.400000 0.327095 0.400000 0.329175 0.398438 0.331255 0.398438 0.335415 0.395312 0.335415 0.390625
1 0.343735 0.915625 0.343735 0.920312 0.347896 0.923437 0.349976 0.923437 0.352056 0.925000 0.354136 0.925000 0.360376 0.929688 0.362456 0.929688 0.370776 0.935937 0.370776 0.937500 0.374937 0.940625 0.374937 0.942187 0.377017 0.943750 0.377017 0.946875 0.379097 0.948437 0.379097 0.950000 0.381177 0.951562 0.381177 0.953125 0.383257 0.954687 0.383257 0.957812 0.385337 0.959375 0.385337 0.962500 0.387417 0.964062 0.387417 0.965625 0.389497 0.967187 0.395737 0.967187 0.395737 0.998437 0.181489 0.998437 0.181489 0.993750 0.189810 0.993750 0.191890 0.992188 0.191890 0.989062 0.193970 0.987500 0.193970 0.985937 0.196050 0.984375 0.196050 0.982812 0.198130 0.981250 0.198130 0.979687 0.202290 0.976562 0.202290 0.975000 0.216851 0.964062 0.216851 0.962500 0.227251 0.954687 0.227251 0.953125 0.235571 0.946875 0.235571 0.945312 0.237651 0.943750 0.239731 0.943750 0.248052 0.937500 0.250132 0.937500 0.252212 0.935937 0.254292 0.935937 0.256372 0.934375 0.258452 0.934375 0.260532 0.932812 0.262612 0.932812 0.264692 0.931250 0.266773 0.931250 0.268853 0.929688 0.270933 0.929688 0.275093 0.926562 0.277173 0.926562 0.279253 0.925000 0.281333 0.925000 0.283413 0.923437 0.285493 0.923437 0.289653 0.920312 0.289653 0.915625
1 0.085806 0.801562 0.083726 0.803125 0.073325 0.803125 0.073325 0.798437 0.081646 0.798437 0.085806 0.801562 0.089966 0.801562 0.089966 0.796875 0.094126 0.793750 0.096206 0.793750 0.100366 0.790625 0.100366 0.784375 0.150288 0.784375 0.150288 0.790625 0.156528 0.795312 0.156528 0.796875 0.158608 0.798437 0.158608 0.800000 0.160689 0.801562 0.160689 0.803125 0.164849 0.806250 0.171089 0.806250 0.171089 0.821875 0.162769 0.821875 0.160689 0.823437 0.160689 0.825000 0.150288 0.832812 0.150288 0.839062 0.114927 0.839062 0.114927 0.832812 0.112847 0.831250 0.110767 0.831250 0.106606 0.828125 0.104526 0.828125 0.098286 0.823437 0.096206 0.823437 0.094126 0.821875 0.094126 0.818750 0.092046 0.817187 0.092046 0.803125 0.089966 0.801562