0 0.645347 0.496875 0.645347 0.501562 0.649507 0.504687 0.651587 0.504687 0.655747 0.507812 0.657827 0.507812 0.672388 0.518750 0.672388 0.520312 0.674468 0.521875 0.674468 0.523437 0.676548 0.525000 0.676548 0.526562 0.680708 0.529687 0.686948 0.529687 0.686948 0.556250 0.680708 0.556250 0.676548 0.559375 0.676548 0.562500 0.670308 0.567187 0.670308 0.568750 0.659907 0.576562 0.659907 0.578125 0.651587 0.584375 0.651587 0.589062 0.589185 0.589062 0.589185 0.584375 0.566304 0.567187 0.566304 0.565625 0.562144 0.562500 0.555903 0.562500 0.555903 0.532812 0.562144 0.532812 0.564224 0.531250 0.564224 0.529687 0.566304 0.528125 0.566304 0.526562 0.568384 0.525000 0.568384 0.523437 0.570464 0.521875 0.570464 0.520312 0.572544 0.518750 0.572544 0.517187 0.576704 0.514062 0.576704 0.512500 0.585024 0.506250 0.587104 0.506250 0.589185 0.504687 0.591265 0.504687 0.595425 0.501562 0.595425 0.496875
0 0.422778 0.521875 0.422778 0.528125 0.424858 0.529687 0.426938 0.529687 0.429019 0.531250 0.431099 0.531250 0.433179 0.532812 0.435259 0.532812 0.443579 0.539062 0.445659 0.539062 0.449819 0.542187 0.449819 0.543750 0.456060 0.548437 0.456060 0.550000 0.458140 0.551562 0.458140 0.553125 0.460220 0.554687 0.460220 0.557812 0.464380 0.560937 0.470620 0.560937 0.470620 0.584375 0.464380 0.584375 0.453979 0.592187 0.453979 0.593750 0.437339 0.606250 0.437339 0.607813 0.435259 0.609375 0.433179 0.609375 0.426938 0.614062 0.426938 0.620312 0.383257 0.620312 0.383257 0.615625 0.381177 0.614062 0.379097 0.614062 0.377017 0.612500 0.374937 0.612500 0.372856 0.610937 0.370776 0.610937 0.366616 0.607813 0.364536 0.607813 0.360376 0.604687 0.358296 0.604687 0.343735 0.593750 0.343735 0.592187 0.341655 0.590625 0.341655 0.587500 0.337495 0.584375 0.331255 0.584375 0.331255 0.557812 0.337495 0.557812 0.341655 0.554687 0.341655 0.553125 0.343735 0.551562 0.343735 0.550000 0.349976 0.545312 0.349976 0.543750 0.362456 0.534375 0.364536 0.534375 0.370776 0.529687 0.372856 0.529687 0.377017 0.526562 0.377017 0.521875
1 0.533022 0.471875 0.533022 0.476562 0.537183 0.479687 0.539263 0.479687 0.541343 0.481250 0.545503 0.481250 0.549663 0.484375 0.551743 0.484375 0.555903 0.487500 0.557983 0.487500 0.560064 0.489062 0.560064 0.490625 0.562144 0.492188 0.570464 0.492188 0.570464 0.535937 0.564224 0.535937 0.557983 0.540625 0.557983 0.542187 0.545503 0.551562 0.543423 0.551562 0.537183 0.556250 0.530942 0.556250 0.526782 0.559375 0.526782 0.564062 0.489341 0.564062 0.489341 0.559375 0.485181 0.556250 0.481021 0.556250 0.478940 0.554687 0.476860 0.554687 0.472700 0.551562 0.470620 0.551562 0.460220 0.543750 0.460220 0.540625 0.458140 0.539062 0.458140 0.537500 0.456060 0.535937 0.456060 0.534375 0.451899 0.531250 0.451899 0.529687 0.449819 0.528125 0.449819 0.523437 0.447739 0.521875 0.447739 0.514062 0.449819 0.512500 0.449819 0.506250 0.451899 0.504687 0.451899 0.501562 0.456060 0.498437 0.456060 0.496875 0.460220 0.493750 0.460220 0.492188 0.462300 0.490625 0.462300 0.489062 0.464380 0.487500 0.464380 0.485937 0.468540 0.482812 0.468540 0.481250 0.470620 0.479687 0.472700 0.479687 0.474780 0.478125 0.474780 0.471875
2 0.582944 0.384375 0.582944 0.389062 0.587104 0.392187 0.589185 0.392187 0.591265 0.393750 0.595425 0.393750 0.601665 0.398438 0.603745 0.398438 0.616226 0.407812 0.616226 0.409375 0.618306 0.410937 0.618306 0.412500 0.622466 0.415625 0.628706 0.415625 0.628706 0.459375 0.620386 0.459375 0.618306 0.460938 0.618306 0.462500 0.601665 0.475000 0.599585 0.475000 0.595425 0.478125 0.593345 0.478125 0.591265 0.479687 0.589185 0.479687 0.587104 0.481250 0.582944 0.481250 0.580864 0.482812 0.576704 0.482812 0.574624 0.484375 0.574624 0.489062 0.568384 0.489062 0.568384 0.484375 0.566304 0.482812 0.564224 0.482812 0.562144 0.481250 0.547583 0.481250 0.543423 0.478125 0.537183 0.478125 0.535103 0.476562 0.528862 0.476562 0.522622 0.471875 0.520542 0.471875 0.518462 0.470312 0.516382 0.470312 0.510142 0.465625 0.510142 0.464062 0.503901 0.459375 0.497661 0.459375 0.497661 0.414062 0.503901 0.414062 0.510142 0.409375 0.510142 0.407812 0.528862 0.393750 0.530942 0.393750 0.533022 0.392187 0.535103 0.392187 0.539263 0.389062 0.539263 0.384375
1 0.637026 0.590625 0.637026 0.595312 0.651587 0.606250 0.651587 0.607813 0.653667 0.609375 0.653667 0.610937 0.659907 0.615625 0.659907 0.617188 0.664067 0.620312 0.670308 0.620312 0.670308 0.651562 0.664067 0.651562 0.649507 0.662500 0.649507 0.664062 0.639106 0.671875 0.637026 0.671875 0.632866 0.675000 0.630786 0.675000 0.628706 0.676562 0.628706 0.682812 0.585024 0.682812 0.585024 0.678125 0.580864 0.675000 0.578784 0.675000 0.576704 0.673437 0.574624 0.673437 0.572544 0.671875 0.570464 0.671875 0.564224 0.667187 0.562144 0.667187 0.553823 0.660937 0.547583 0.660937 0.547583 0.607813 0.553823 0.607813 0.557983 0.604687 0.557983 0.603125 0.568384 0.595312 0.568384 0.590625
2 0.743110 0.553125 0.743110 0.557812 0.747271 0.560937 0.749351 0.560937 0.753511 0.564062 0.755591 0.564062 0.772231 0.576562 0.772231 0.578125 0.774312 0.579687 0.774312 0.581250 0.776392 0.582812 0.776392 0.585937 0.778472 0.587500 0.786792 0.587500 0.786792 0.620312 0.778472 0.620312 0.776392 0.621875 0.776392 0.623438 0.774312 0.625000 0.774312 0.626562 0.772231 0.628125 0.772231 0.629687 0.753511 0.643750 0.751431 0.643750 0.747271 0.646875 0.745190 0.646875 0.743110 0.648438 0.741030 0.648438 0.738950 0.650000 0.736870 0.650000 0.732710 0.653125 0.732710 0.657812 0.701509 0.657812 0.701509 0.653125 0.697349 0.650000 0.695269 0.650000 0.693188 0.648438 0.691108 0.648438 0.672388 0.634375 0.672388 0.632812 0.670308 0.631250 0.670308 0.629687 0.666147 0.626562 0.666147 0.625000 0.664067 0.623438 0.664067 0.620312 0.661987 0.618750 0.661987 0.617188 0.659907 0.615625 0.659907 0.614062 0.657827 0.612500 0.657827 0.609375 0.655747 0.607813 0.655747 0.604687 0.653667 0.603125 0.647427 0.603125 0.647427 0.585937 0.653667 0.585937 0.661987 0.579687 0.661987 0.578125 0.672388 0.570312 0.672388 0.568750 0.686948 0.557812 0.686948 0.553125
2 0.354136 0.596875 0.354136 0.603125 0.377017 0.620312 0.377017 0.621875 0.379097 0.623438 0.381177 0.623438 0.383257 0.625000 0.383257 0.626562 0.389497 0.631250 0.395737 0.631250 0.395737 0.671875 0.389497 0.671875 0.383257 0.676562 0.383257 0.678125 0.368696 0.689062 0.366616 0.689062 0.362456 0.692187 0.358296 0.692187 0.356216 0.693750 0.354136 0.693750 0.349976 0.696875 0.349976 0.701562 0.297974 0.701562 0.297974 0.696875 0.289653 0.690625 0.287573 0.690625 0.273013 0.679688 0.273013 0.678125 0.270933 0.676562 0.270933 0.675000 0.268853 0.673437 0.268853 0.671875 0.262612 0.667187 0.256372 0.667187 0.256372 0.629687 0.262612 0.629687 0.268853 0.625000 0.268853 0.623438 0.270933 0.621875 0.270933 0.620312 0.277173 0.615625 0.277173 0.614062 0.281333 0.610937 0.283413 0.610937 0.289653 0.606250 0.291733 0.606250 0.297974 0.601562 0.297974 0.596875
2 0.354136 0.834375 0.354136 0.839062 0.356216 0.840625 0.360376 0.840625 0.362456 0.842187 0.374937 0.842187 0.377017 0.843750 0.387417 0.843750 0.389497 0.845312 0.401978 0.845312 0.404058 0.846875 0.437339 0.846875 0.439419 0.848437 0.447739 0.848437 0.449819 0.850000 0.451899 0.850000 0.464380 0.859375 0.464380 0.860937 0.466460 0.862500 0.466460 0.865625 0.468540 0.867188 0.468540 0.870312 0.470620 0.871875 0.470620 0.873437 0.472700 0.875000 0.478940 0.875000 0.478940 0.901562 0.472700 0.901562 0.468540 0.904687 0.468540 0.906250 0.466460 0.907812 0.466460 0.909375 0.464380 0.910937 0.464380 0.914062 0.462300 0.915625 0.462300 0.917187 0.460220 0.918750 0.460220 0.920312 0.458140 0.921875 0.458140 0.923437 0.456060 0.925000 0.456060 0.926562 0.449819 0.931250 0.449819 0.932812 0.447739 0.934375 0.445659 0.934375 0.441499 0.937500 0.439419 0.937500 0.437339 0.939062 0.435259 0.939062 0.433179 0.940625 0.429019 0.940625 0.426938 0.942187 0.422778 0.942187 0.420698 0.943750 0.416538 0.943750 0.412378 0.946875 0.412378 0.951562 0.318774 0.951562 0.318774 0.946875 0.314614 0.943750 0.312534 0.943750 0.310454 0.942187 0.308374 0.942187 0.306294 0.940625 0.304214 0.940625 0.302134 0.939062 0.297974 0.939062 0.295894 0.937500 0.289653 0.937500 0.287573 0.935937 0.281333 0.935937 0.279253 0.934375 0.275093 0.934375 0.273013 0.932812 0.268853 0.932812 0.266773 0.931250 0.264692 0.931250 0.262612 0.929688 0.258452 0.929688 0.256372 0.928125 0.254292 0.928125 0.239731 0.917187 0.231411 0.917187 0.231411 0.868750 0.237651 0.868750 0.241812 0.865625 0.241812 0.864062 0.245972 0.860937 0.245972 0.859375 0.266773 0.843750 0.268853 0.843750 0.270933 0.842187 0.273013 0.842187 0.275093 0.840625 0.275093 0.834375
2 0.516382 0.584375 0.516382 0.589062 0.522622 0.593750 0.524702 0.593750 0.539263 0.604687 0.539263 0.606250 0.543423 0.609375 0.543423 0.610937 0.545503 0.612500 0.553823 0.612500 0.553823 0.654687 0.547583 0.654687 0.545503 0.656250 0.545503 0.657812 0.541343 0.660937 0.541343 0.662500 0.530942 0.670312 0.530942 0.671875 0.528862 0.671875 0.520542 0.678125 0.518462 0.678125 0.516382 0.679688 0.512222 0.679688 0.510142 0.681250 0.508062 0.681250 0.505981 0.682812 0.505981 0.689062 0.466460 0.689062 0.466460 0.684375 0.460220 0.679688 0.458140 0.679688 0.456060 0.678125 0.453979 0.678125 0.449819 0.675000 0.447739 0.675000 0.441499 0.670312 0.441499 0.668750 0.435259 0.664062 0.435259 0.662500 0.433179 0.660937 0.433179 0.659375 0.429019 0.656250 0.422778 0.656250 0.422778 0.618750 0.429019 0.618750 0.431099 0.617188 0.431099 0.615625 0.435259 0.612500 0.435259 0.610937 0.458140 0.593750 0.458140 0.592187 0.462300 0.589062 0.462300 0.584375
2 0.426938 0.415625 0.426938 0.420312 0.431099 0.423437 0.433179 0.423437 0.437339 0.426562 0.439419 0.426562 0.458140 0.440625 0.458140 0.442187 0.460220 0.443750 0.460220 0.445312 0.464380 0.448437 0.470620 0.448437 0.470620 0.485937 0.464380 0.485937 0.462300 0.487500 0.462300 0.489062 0.458140 0.492188 0.458140 0.493750 0.453979 0.496875 0.453979 0.498437 0.445659 0.504687 0.443579 0.504687 0.437339 0.509375 0.437339 0.514062 0.377017 0.514062 0.377017 0.509375 0.358296 0.495312 0.358296 0.493750 0.352056 0.489062 0.352056 0.487500 0.345815 0.482812 0.339575 0.482812 0.339575 0.446875 0.345815 0.446875 0.352056 0.442187 0.352056 0.440625 0.360376 0.434375 0.360376 0.432812 0.362456 0.431250 0.364536 0.431250 0.372856 0.425000 0.374937 0.425000 0.377017 0.423437 0.379097 0.423437 0.383257 0.420312 0.383257 0.415625
1 0.516382 0.259375 0.516382 0.264062 0.520542 0.267187 0.524702 0.267187 0.526782 0.268750 0.528862 0.268750 0.535103 0.273437 0.537183 0.273437 0.541343 0.276562 0.541343 0.278125 0.547583 0.282812 0.553823 0.282812 0.553823 0.335938 0.545503 0.335938 0.543423 0.337500 0.543423 0.339062 0.539263 0.342187 0.539263 0.343750 0.530942 0.350000 0.528862 0.350000 0.526782 0.351562 0.526782 0.357812 0.460220 0.357812 0.460220 0.351562 0.445659 0.340625 0.445659 0.339062 0.441499 0.335938 0.441499 0.334375 0.439419 0.332812 0.431099 0.332812 0.431099 0.285937 0.437339 0.285937 0.441499 0.282812 0.441499 0.281250 0.443579 0.279687 0.443579 0.278125 0.458140 0.267187 0.460220 0.267187 0.464380 0.264062 0.464380 0.259375
1 1.000000 0.653125 1.000000 0.832812 0.932397 0.832812 0.932397 0.828125 0.930317 0.826562 0.926157 0.826562 0.924077 0.825000 0.915757 0.825000 0.913677 0.823437 0.911597 0.823437 0.909517 0.821875 0.907437 0.821875 0.905356 0.820312 0.901196 0.820312 0.897036 0.817187 0.894956 0.817187 0.892876 0.815625 0.890796 0.815625 0.888716 0.814062 0.886636 0.814062 0.884556 0.812500 0.882476 0.812500 0.880396 0.810937 0.872075 0.810937 0.872075 0.678125 0.878315 0.678125 0.880396 0.676562 0.880396 0.673437 0.882476 0.671875 0.882476 0.668750 0.884556 0.667187 0.884556 0.664062 0.886636 0.662500 0.886636 0.660937 0.888716 0.660937 0.890796 0.662500 0.892876 0.662500 0.901196 0.668750 0.901196 0.673437 0.899116 0.675000 0.899116 0.679688 0.897036 0.681250 0.897036 0.703125 0.894956 0.704687 0.894956 0.709375 0.897036 0.710938 0.897036 0.714062 0.899116 0.715625 0.899116 0.720312 0.901196 0.721875 0.901196 0.726562 0.903276 0.728125 0.903276 0.732812 0.907437 0.735937 0.911597 0.735937 0.915757 0.732812 0.915757 0.728125 0.917837 0.726562 0.917837 0.725000 0.921997 0.721875 0.921997 0.718750 0.924077 0.717187 0.924077 0.714062 0.926157 0.712500 0.926157 0.710938 0.928237 0.709375 0.928237 0.706250 0.930317 0.704687 0.930317 0.701562 0.934478 0.698437 0.934478 0.696875 0.936558 0.695312 0.936558 0.693750 0.955278 0.679688 0.955278 0.678125 0.957358 0.678125 0.961519 0.675000 0.961519 0.673437 0.973999 0.664062 0.978159 0.664062 0.980239 0.662500 0.982319 0.662500 0.984399 0.660937 0.986479 0.660937 0.990640 0.657812 0.990640 0.653125
1 0.607905 0.971875 0.607905 0.978125 0.616226 0.984375 0.616226 0.985937 0.618306 0.987500 0.618306 0.989062 0.622466 0.992188 0.628706 0.992188 0.628706 0.998437 0.541343 0.998437 0.541343 0.996875 0.543423 0.995312 0.545503 0.995312 0.562144 0.982812 0.562144 0.981250 0.568384 0.976562 0.568384 0.971875
1 0.666147 0.815625 0.666147 0.820312 0.668228 0.821875 0.695269 0.821875 0.695269 0.903125 0.686948 0.903125 0.682788 0.906250 0.680708 0.906250 0.678628 0.907812 0.678628 0.909375 0.676548 0.910937 0.676548 0.912500 0.674468 0.914062 0.674468 0.915625 0.670308 0.918750 0.670308 0.920312 0.668228 0.921875 0.668228 0.923437 0.666147 0.925000 0.666147 0.926562 0.659907 0.931250 0.659907 0.932812 0.641187 0.946875 0.639106 0.946875 0.630786 0.953125 0.630786 0.957812 0.560064 0.957812 0.560064 0.953125 0.555903 0.950000 0.553823 0.950000 0.551743 0.948437 0.549663 0.948437 0.547583 0.946875 0.543423 0.946875 0.541343 0.945312 0.539263 0.945312 0.537183 0.943750 0.535103 0.943750 0.528862 0.939062 0.528862 0.937500 0.526782 0.935937 0.526782 0.932812 0.524702 0.931250 0.524702 0.928125 0.522622 0.926562 0.522622 0.923437 0.520542 0.921875 0.514302 0.921875 0.514302 0.884375 0.520542 0.884375 0.528862 0.878125 0.528862 0.876562 0.533022 0.873437 0.535103 0.873437 0.539263 0.870312 0.545503 0.870312 0.547583 0.868750 0.553823 0.868750 0.557983 0.865625 0.557983 0.864062 0.562144 0.860937 0.562144 0.859375 0.566304 0.856250 0.566304 0.854687 0.570464 0.851562 0.570464 0.850000 0.576704 0.845312 0.576704 0.843750 0.585024 0.837500 0.587104 0.837500 0.593345 0.832812 0.595425 0.832812 0.599585 0.829687 0.601665 0.829687 0.603745 0.828125 0.605825 0.828125 0.609985 0.825000 0.614146 0.825000 0.616226 0.823437 0.620386 0.823437 0.622466 0.821875 0.626626 0.821875 0.628706 0.820312 0.628706 0.815625