1 0.487261 0.584375 0.487261 0.589062 0.491421 0.592187 0.493501 0.592187 0.499741 0.596875 0.501821 0.596875 0.503901 0.598437 0.505981 0.598437 0.514302 0.604687 0.514302 0.606250 0.520542 0.610937 0.520542 0.612500 0.524702 0.615625 0.524702 0.617188 0.526782 0.618750 0.526782 0.620312 0.530942 0.623438 0.537183 0.623438 0.537183 0.670312 0.530942 0.670312 0.510142 0.685937 0.508062 0.685937 0.505981 0.687500 0.503901 0.687500 0.501821 0.689062 0.499741 0.689062 0.497661 0.690625 0.497661 0.695312 0.424858 0.695312 0.424858 0.690625 0.420698 0.687500 0.418618 0.687500 0.416538 0.685937 0.412378 0.685937 0.410298 0.684375 0.408218 0.684375 0.406138 0.682812 0.404058 0.682812 0.399897 0.679688 0.397817 0.679688 0.385337 0.670312 0.385337 0.668750 0.383257 0.667187 0.383257 0.665625 0.381177 0.664062 0.372856 0.664062 0.372856 0.621875 0.379097 0.621875 0.385337 0.617188 0.385337 0.615625 0.395737 0.607813 0.397817 0.607813 0.401978 0.604687 0.401978 0.603125 0.404058 0.601562 0.406138 0.601562 0.418618 0.592187 0.420698 0.592187 0.424858 0.589062 0.424858 0.584375
0 0.664067 0.290625 0.664067 0.295312 0.668228 0.298437 0.670308 0.298437 0.672388 0.300000 0.674468 0.300000 0.676548 0.301562 0.678628 0.301562 0.680708 0.303125 0.682788 0.303125 0.686948 0.306250 0.689028 0.306250 0.705669 0.318750 0.705669 0.320312 0.707749 0.321875 0.707749 0.323437 0.709829 0.325000 0.709829 0.326562 0.711909 0.328125 0.720230 0.328125 0.720230 0.367188 0.713989 0.367188 0.709829 0.370312 0.709829 0.371875 0.705669 0.375000 0.705669 0.376562 0.699429 0.381250 0.699429 0.382812 0.693188 0.387500 0.691108 0.387500 0.686948 0.390625 0.684868 0.390625 0.680708 0.393750 0.678628 0.393750 0.674468 0.396875 0.674468 0.401562 0.620386 0.401562 0.620386 0.396875 0.616226 0.393750 0.614146 0.393750 0.612065 0.392187 0.609985 0.392187 0.605825 0.389062 0.603745 0.389062 0.593345 0.381250 0.593345 0.379687 0.587104 0.375000 0.587104 0.373437 0.585024 0.371875 0.585024 0.370312 0.582944 0.368750 0.582944 0.365625 0.580864 0.364062 0.580864 0.362500 0.578784 0.360937 0.572544 0.360937 0.572544 0.332812 0.578784 0.332812 0.582944 0.329687 0.582944 0.326562 0.585024 0.325000 0.585024 0.323437 0.587104 0.321875 0.587104 0.320312 0.593345 0.315625 0.593345 0.314062 0.603745 0.306250 0.605825 0.306250 0.609985 0.303125 0.612065 0.303125 0.614146 0.301562 0.616226 0.301562 0.618306 0.300000 0.620386 0.300000 0.622466 0.298437 0.624546 0.298437 0.628706 0.295312 0.628706 0.290625
0 0.749351 0.515625 0.749351 0.520312 0.753511 0.523437 0.757671 0.523437 0.759751 0.525000 0.761831 0.525000 0.770151 0.531250 0.772231 0.531250 0.784712 0.540625 0.784712 0.542187 0.790952 0.546875 0.790952 0.550000 0.793032 0.551562 0.793032 0.553125 0.797192 0.556250 0.803433 0.556250 0.803433 0.592187 0.795112 0.592187 0.793032 0.593750 0.793032 0.595312 0.790952 0.596875 0.790952 0.598437 0.788872 0.600000 0.788872 0.601562 0.782632 0.606250 0.782632 0.607813 0.772231 0.615625 0.770151 0.615625 0.765991 0.618750 0.763911 0.618750 0.761831 0.620312 0.761831 0.626562 0.693188 0.626562 0.693188 0.621875 0.689028 0.618750 0.686948 0.618750 0.682788 0.615625 0.680708 0.615625 0.676548 0.612500 0.674468 0.612500 0.668228 0.607813 0.668228 0.606250 0.664067 0.603125 0.664067 0.601562 0.661987 0.600000 0.661987 0.598437 0.659907 0.596875 0.659907 0.595312 0.657827 0.593750 0.657827 0.592187 0.655747 0.590625 0.655747 0.589062 0.653667 0.587500 0.647427 0.587500 0.647427 0.553125 0.653667 0.553125 0.657827 0.550000 0.657827 0.548437 0.661987 0.545312 0.661987 0.543750 0.668228 0.539062 0.668228 0.537500 0.670308 0.535937 0.672388 0.535937 0.674468 0.534375 0.674468 0.532812 0.678628 0.529687 0.680708 0.529687 0.689028 0.523437 0.693188 0.523437 0.697349 0.520312 0.697349 0.515625
0 0.503901 0.478125 0.503901 0.482812 0.508062 0.485937 0.512222 0.485937 0.520542 0.492188 0.522622 0.492188 0.526782 0.495312 0.526782 0.496875 0.535103 0.503125 0.535103 0.504687 0.539263 0.507812 0.545503 0.507812 0.545503 0.553125 0.539263 0.553125 0.535103 0.556250 0.535103 0.557812 0.528862 0.562500 0.528862 0.564062 0.522622 0.568750 0.522622 0.570312 0.518462 0.573437 0.516382 0.573437 0.512222 0.576562 0.512222 0.582812 0.439419 0.582812 0.439419 0.578125 0.433179 0.573437 0.431099 0.573437 0.420698 0.565625 0.420698 0.564062 0.416538 0.560937 0.416538 0.559375 0.412378 0.556250 0.406138 0.556250 0.406138 0.506250 0.412378 0.506250 0.416538 0.503125 0.416538 0.501562 0.424858 0.495312 0.424858 0.493750 0.426938 0.493750 0.437339 0.485937 0.439419 0.485937 0.443579 0.482812 0.443579 0.478125
1 0.098286 0.845312 0.104526 0.845312 0.104526 0.857812 0.096206 0.857812 0.096206 0.846875 0.098286 0.845312 0.073325 0.821875 0.062925 0.829687 0.060845 0.829687 0.056685 0.832812 0.054605 0.832812 0.050444 0.835938 0.048364 0.835938 0.044204 0.839062 0.042124 0.839062 0.037964 0.842187 0.035884 0.842187 0.033804 0.843750 0.031724 0.843750 0.029644 0.845312 0.027563 0.845312 0.025483 0.846875 0.023403 0.846875 0.021323 0.848437 0.017163 0.848437 0.015083 0.850000 0.010923 0.850000 0.008843 0.851562 0.000000 0.851562 0.000000 0.671875 0.031724 0.671875 0.031724 0.676562 0.035884 0.679688 0.040044 0.679688 0.042124 0.681250 0.044204 0.681250 0.048364 0.684375 0.050444 0.684375 0.052524 0.685937 0.054605 0.685937 0.062925 0.692187 0.065005 0.692187 0.073325 0.698437 0.075405 0.698437 0.079565 0.701562 0.079565 0.703125 0.085806 0.707812 0.085806 0.709375 0.089966 0.712500 0.089966 0.714062 0.092046 0.715625 0.092046 0.717187 0.094126 0.718750 0.094126 0.720312 0.098286 0.723437 0.104526 0.723437 0.104526 0.789062 0.098286 0.789062 0.094126 0.792187 0.094126 0.795312 0.092046 0.796875 0.092046 0.798437 0.089966 0.800000 0.089966 0.801562 0.087886 0.803125 0.087886 0.804688 0.085806 0.806250 0.085806 0.807812 0.081646 0.810937 0.081646 0.812500 0.079565 0.814062 0.079565 0.815625 0.073325 0.820312 0.073325 0.821875
1 0.678628 0.428125 0.678628 0.432812 0.682788 0.435937 0.684868 0.435937 0.686948 0.437500 0.689028 0.437500 0.705669 0.450000 0.705669 0.451562 0.709829 0.454687 0.709829 0.456250 0.713989 0.459375 0.720230 0.459375 0.720230 0.496875 0.711909 0.496875 0.709829 0.498437 0.709829 0.500000 0.707749 0.501562 0.707749 0.503125 0.705669 0.504687 0.705669 0.506250 0.701509 0.509375 0.701509 0.510937 0.689028 0.520312 0.686948 0.520312 0.682788 0.523437 0.680708 0.523437 0.678628 0.525000 0.676548 0.525000 0.674468 0.526562 0.672388 0.526562 0.670308 0.528125 0.670308 0.532812 0.620386 0.532812 0.620386 0.528125 0.616226 0.525000 0.612065 0.525000 0.607905 0.521875 0.605825 0.521875 0.603745 0.520312 0.601665 0.520312 0.595425 0.515625 0.595425 0.514062 0.589185 0.509375 0.589185 0.507812 0.587104 0.506250 0.587104 0.504687 0.585024 0.503125 0.585024 0.500000 0.582944 0.498437 0.582944 0.495312 0.578784 0.492188 0.572544 0.492188 0.572544 0.467187 0.578784 0.467187 0.582944 0.464062 0.582944 0.460938 0.585024 0.459375 0.585024 0.456250 0.587104 0.454687 0.587104 0.453125 0.591265 0.450000 0.591265 0.448437 0.595425 0.445312 0.595425 0.443750 0.601665 0.439062 0.603745 0.439062 0.607905 0.435937 0.609985 0.435937 0.612065 0.434375 0.612065 0.428125
2 0.352056 0.934375 0.352056 0.939062 0.356216 0.942187 0.358296 0.942187 0.360376 0.943750 0.360376 0.945312 0.368696 0.951562 0.368696 0.953125 0.372856 0.956250 0.372856 0.957812 0.374937 0.959375 0.374937 0.960938 0.377017 0.962500 0.377017 0.964062 0.381177 0.967187 0.387417 0.967187 0.387417 0.998437 0.189810 0.998437 0.189810 0.996875 0.196050 0.996875 0.200210 0.993750 0.200210 0.992188 0.202290 0.990625 0.202290 0.989062 0.204370 0.987500 0.204370 0.985937 0.210610 0.981250 0.210610 0.979687 0.216851 0.975000 0.216851 0.973437 0.227251 0.965625 0.227251 0.964062 0.237651 0.956250 0.239731 0.956250 0.248052 0.950000 0.250132 0.950000 0.252212 0.948437 0.254292 0.948437 0.258452 0.945312 0.260532 0.945312 0.262612 0.943750 0.266773 0.943750 0.268853 0.942187 0.270933 0.942187 0.275093 0.939062 0.275093 0.934375
1 0.397817 0.371875 0.397817 0.376562 0.401978 0.379687 0.404058 0.379687 0.408218 0.382812 0.410298 0.382812 0.418618 0.389062 0.420698 0.389062 0.422778 0.390625 0.422778 0.392187 0.431099 0.398438 0.437339 0.398438 0.437339 0.453125 0.431099 0.453125 0.424858 0.457812 0.424858 0.459375 0.418618 0.464062 0.416538 0.464062 0.412378 0.467187 0.410298 0.467187 0.408218 0.468750 0.406138 0.468750 0.401978 0.471875 0.401978 0.476562 0.339575 0.476562 0.339575 0.471875 0.333335 0.467187 0.331255 0.467187 0.325015 0.462500 0.322935 0.462500 0.318774 0.459375 0.318774 0.457812 0.312534 0.453125 0.312534 0.451562 0.310454 0.450000 0.310454 0.448437 0.308374 0.446875 0.308374 0.445312 0.304214 0.442187 0.297974 0.442187 0.297974 0.409375 0.304214 0.409375 0.308374 0.406250 0.308374 0.403125 0.310454 0.401562 0.310454 0.400000 0.314614 0.396875 0.314614 0.395312 0.333335 0.381250 0.335415 0.381250 0.337495 0.379687 0.339575 0.379687 0.341655 0.378125 0.341655 0.371875
2 0.520542 0.371875 0.520542 0.376562 0.524702 0.379687 0.526782 0.379687 0.528862 0.381250 0.530942 0.381250 0.533022 0.382812 0.535103 0.382812 0.539263 0.385937 0.541343 0.385937 0.543423 0.387500 0.545503 0.387500 0.555903 0.395312 0.555903 0.396875 0.564224 0.403125 0.570464 0.403125 0.570464 0.443750 0.564224 0.443750 0.560064 0.446875 0.560064 0.448437 0.555903 0.451562 0.555903 0.453125 0.551743 0.456250 0.551743 0.457812 0.541343 0.465625 0.541343 0.467187 0.539263 0.468750 0.537183 0.468750 0.535103 0.470312 0.535103 0.476562 0.474780 0.476562 0.474780 0.471875 0.470620 0.468750 0.468540 0.468750 0.464380 0.465625 0.462300 0.465625 0.458140 0.462500 0.458140 0.460938 0.451899 0.456250 0.451899 0.454687 0.449819 0.453125 0.449819 0.451562 0.445659 0.448437 0.439419 0.448437 0.439419 0.404687 0.445659 0.404687 0.447739 0.403125 0.447739 0.401562 0.449819 0.400000 0.449819 0.398438 0.451899 0.396875 0.451899 0.395312 0.464380 0.385937 0.466460 0.385937 0.470620 0.382812 0.472700 0.382812 0.474780 0.381250 0.476860 0.381250 0.478940 0.379687 0.481021 0.379687 0.485181 0.376562 0.485181 0.371875
1 0.784712 0.965625 0.784712 0.970312 0.788872 0.973437 0.790952 0.973437 0.793032 0.975000 0.795112 0.975000 0.817993 0.992188 0.820073 0.992188 0.822153 0.993750 0.828394 0.993750 0.828394 0.998437 0.705669 0.998437 0.705669 0.995312 0.711909 0.995312 0.713989 0.993750 0.713989 0.992188 0.716069 0.990625 0.716069 0.987500 0.718149 0.985937 0.718149 0.984375 0.724390 0.979687 0.724390 0.978125 0.728550 0.975000 0.728550 0.973437 0.730630 0.973437 0.732710 0.971875 0.732710 0.965625
2 0.616226 0.540625 0.616226 0.546875 0.620386 0.550000 0.622466 0.550000 0.626626 0.553125 0.626626 0.554687 0.628706 0.556250 0.628706 0.557812 0.634946 0.562500 0.634946 0.564062 0.639106 0.567187 0.639106 0.568750 0.641187 0.570312 0.641187 0.571875 0.643267 0.573437 0.643267 0.575000 0.647427 0.578125 0.649507 0.576562 0.649507 0.575000 0.651587 0.573437 0.651587 0.565625 0.653667 0.564062 0.653667 0.557812 0.655747 0.556250 0.655747 0.554687 0.661987 0.554687 0.661987 0.590625 0.655747 0.590625 0.653667 0.592187 0.651587 0.592187 0.649507 0.593750 0.649507 0.595312 0.647427 0.596875 0.647427 0.609375 0.649507 0.610937 0.649507 0.618750 0.651587 0.620312 0.651587 0.621875 0.649507 0.623438 0.649507 0.628125 0.647427 0.629687 0.647427 0.632812 0.641187 0.637500 0.641187 0.639062 0.637026 0.642187 0.634946 0.642187 0.626626 0.648438 0.624546 0.648438 0.622466 0.650000 0.620386 0.650000 0.616226 0.653125 0.616226 0.657812 0.560064 0.657812 0.560064 0.653125 0.555903 0.650000 0.553823 0.650000 0.539263 0.639062 0.539263 0.637500 0.535103 0.634375 0.535103 0.632812 0.533022 0.631250 0.533022 0.629687 0.530942 0.628125 0.530942 0.625000 0.528862 0.623438 0.528862 0.621875 0.526782 0.620312 0.526782 0.618750 0.524702 0.617188 0.524702 0.614062 0.520542 0.610937 0.520542 0.609375 0.516382 0.606250 0.516382 0.604687 0.514302 0.603125 0.514302 0.601562 0.512222 0.600000 0.505981 0.600000 0.505981 0.581250 0.512222 0.581250 0.516382 0.578125 0.516382 0.576562 0.518462 0.576562 0.520542 0.575000 0.520542 0.573437 0.528862 0.567187 0.528862 0.565625 0.551743 0.548437 0.553823 0.548437 0.557983 0.545312 0.557983 0.540625
2 0.343735 0.528125 0.343735 0.532812 0.347896 0.535937 0.349976 0.535937 0.352056 0.537500 0.354136 0.537500 0.356216 0.539062 0.358296 0.539062 0.362456 0.542187 0.364536 0.542187 0.368696 0.545312 0.370776 0.545312 0.379097 0.551562 0.379097 0.553125 0.385337 0.557812 0.385337 0.559375 0.387417 0.560937 0.395737 0.560937 0.395737 0.609375 0.387417 0.609375 0.383257 0.612500 0.383257 0.614062 0.374937 0.620312 0.374937 0.621875 0.364536 0.629687 0.362456 0.629687 0.356216 0.634375 0.354136 0.634375 0.345815 0.640625 0.345815 0.645312 0.300054 0.645312 0.300054 0.640625 0.293814 0.635937 0.289653 0.635937 0.287573 0.634375 0.285493 0.634375 0.275093 0.626562 0.273013 0.626562 0.273013 0.625000 0.266773 0.620312 0.266773 0.618750 0.264692 0.617188 0.256372 0.617188 0.256372 0.560937 0.262612 0.560937 0.268853 0.556250 0.268853 0.554687 0.283413 0.543750 0.285493 0.543750 0.287573 0.542187 0.289653 0.542187 0.295894 0.537500 0.297974 0.537500 0.300054 0.535937 0.302134 0.535937 0.306294 0.532812 0.306294 0.528125
1 0.133648 0.784375 0.133648 0.789062 0.139888 0.793750 0.139888 0.795312 0.141968 0.796875 0.141968 0.798437 0.146128 0.801562 0.146128 0.803125 0.148208 0.804688 0.148208 0.806250 0.150288 0.807812 0.150288 0.809375 0.152368 0.810937 0.152368 0.812500 0.156528 0.815625 0.162769 0.815625 0.162769 0.842187 0.156528 0.842187 0.150288 0.846875 0.150288 0.848437 0.139888 0.856250 0.137808 0.856250 0.135728 0.857812 0.135728 0.864062 0.110767 0.864062 0.110767 0.859375 0.106606 0.856250 0.104526 0.856250 0.102446 0.854687 0.100366 0.854687 0.098286 0.853125 0.096206 0.853125 0.087886 0.846875 0.085806 0.846875 0.085806 0.843750 0.083726 0.842187 0.083726 0.839062 0.085806 0.837500 0.085806 0.835938 0.087886 0.834375 0.087886 0.823437 0.083726 0.820312 0.073325 0.820312 0.073325 0.809375 0.083726 0.809375 0.089966 0.804688 0.089966 0.801562 0.092046 0.800000 0.092046 0.798437 0.094126 0.796875 0.094126 0.795312 0.096206 0.793750 0.096206 0.792187 0.098286 0.790625 0.098286 0.784375
2 0.963599 0.840625 0.963599 0.845312 0.965679 0.846875 0.967759 0.846875 0.969839 0.848437 0.971919 0.848437 0.973999 0.850000 0.978159 0.850000 0.980239 0.851562 0.982319 0.851562 0.986479 0.854687 0.988560 0.854687 0.990640 0.856250 0.992720 0.856250 0.994800 0.857812 1.000000 0.857812 1.000000 0.998437 0.863755 0.998437 0.863755 0.951562 0.869995 0.951562 0.872075 0.950000 0.872075 0.946875 0.874155 0.945312 0.874155 0.937500 0.876235 0.935937 0.876235 0.917187 0.878315 0.915625 0.878315 0.896875 0.880396 0.895312 0.880396 0.887500 0.882476 0.885937 0.882476 0.875000 0.884556 0.873437 0.884556 0.867188 0.886636 0.865625 0.886636 0.862500 0.888716 0.860937 0.888716 0.859375 0.892876 0.856250 0.892876 0.854687 0.901196 0.848437 0.905356 0.848437 0.909517 0.845312 0.909517 0.840625