0 0.396875 0.520833 0.396875 0.527083 0.393750 0.531250 0.392188 0.531250 0.385938 0.539583 0.384375 0.539583 0.376563 0.550000 0.371875 0.550000 0.371875 0.629167 0.376563 0.629167 0.379687 0.633333 0.379687 0.635417 0.382812 0.639583 0.382812 0.641667 0.389062 0.650000 0.390625 0.650000 0.393750 0.654167 0.395312 0.654167 0.396875 0.656250 0.398438 0.656250 0.400000 0.658333 0.403125 0.658333 0.406250 0.662500 0.406250 0.668750 0.428125 0.668750 0.428125 0.662500 0.429688 0.660417 0.431250 0.660417 0.432813 0.658333 0.434375 0.658333 0.435937 0.656250 0.437500 0.656250 0.439063 0.654167 0.440625 0.654167 0.443750 0.650000 0.445312 0.650000 0.456250 0.635417 0.456250 0.633333 0.459375 0.629167 0.464063 0.629167 0.464063 0.558333 0.457812 0.558333 0.456250 0.556250 0.456250 0.554167 0.446875 0.541667 0.445312 0.541667 0.442187 0.537500 0.440625 0.537500 0.437500 0.533333 0.435937 0.533333 0.434375 0.531250 0.432813 0.531250 0.429688 0.527083 0.429688 0.520833
2 0.307813 0.587500 0.307813 0.593750 0.304688 0.597917 0.303125 0.597917 0.301562 0.600000 0.300000 0.600000 0.298438 0.602083 0.296875 0.602083 0.285937 0.616667 0.285937 0.618750 0.284375 0.620833 0.278125 0.620833 0.278125 0.691667 0.282813 0.691667 0.285937 0.695833 0.285937 0.697917 0.287500 0.697917 0.292188 0.704167 0.292188 0.706250 0.293750 0.708333 0.293750 0.710417 0.300000 0.718750 0.300000 0.720833 0.306250 0.729167 0.307813 0.729167 0.309375 0.731250 0.310937 0.731250 0.312500 0.733333 0.314063 0.733333 0.317187 0.737500 0.317187 0.743750 0.345313 0.743750 0.345313 0.737500 0.350000 0.731250 0.353125 0.731250 0.354688 0.729167 0.356250 0.729167 0.357812 0.727083 0.359375 0.727083 0.364062 0.720833 0.365625 0.720833 0.365625 0.718750 0.373437 0.708333 0.373437 0.706250 0.375000 0.704167 0.376563 0.704167 0.378125 0.702083 0.382812 0.702083 0.382812 0.635417 0.378125 0.635417 0.364062 0.616667 0.364062 0.614583 0.362500 0.614583 0.356250 0.606250 0.354688 0.606250 0.346875 0.595833 0.346875 0.587500
0 0.425000 0.287500 0.425000 0.293750 0.423438 0.295833 0.421875 0.295833 0.420312 0.297917 0.418750 0.297917 0.412500 0.306250 0.410937 0.306250 0.403125 0.316667 0.403125 0.318750 0.395312 0.329167 0.390625 0.329167 0.390625 0.397917 0.395312 0.397917 0.398438 0.402083 0.398438 0.404167 0.410937 0.420833 0.412500 0.420833 0.415625 0.425000 0.417188 0.425000 0.420312 0.429167 0.420312 0.435417 0.468750 0.435417 0.468750 0.427083 0.470313 0.425000 0.471875 0.425000 0.475000 0.420833 0.476562 0.420833 0.487500 0.406250 0.487500 0.404167 0.492188 0.397917 0.492188 0.395833 0.493750 0.393750 0.493750 0.389583 0.496875 0.385417 0.501562 0.385417 0.501562 0.341667 0.496875 0.341667 0.495313 0.339583 0.495313 0.337500 0.493750 0.335417 0.493750 0.333333 0.492188 0.331250 0.492188 0.329167 0.490625 0.327083 0.490625 0.325000 0.487500 0.320833 0.487500 0.318750 0.478125 0.306250 0.476562 0.306250 0.471875 0.300000 0.470313 0.300000 0.468750 0.297917 0.467187 0.297917 0.464063 0.293750 0.464063 0.287500
2 0.537500 0.362500 0.537500 0.368750 0.534375 0.372917 0.532812 0.372917 0.529688 0.377083 0.528125 0.377083 0.507812 0.404167 0.503125 0.404167 0.503125 0.445833 0.507812 0.445833 0.512500 0.452083 0.512500 0.456250 0.514063 0.458333 0.514063 0.460417 0.515625 0.462500 0.515625 0.464583 0.518750 0.468750 0.518750 0.470833 0.520312 0.472917 0.520312 0.475000 0.521875 0.477083 0.521875 0.479167 0.525000 0.483333 0.525000 0.485417 0.532812 0.495833 0.532812 0.502083 0.568750 0.502083 0.568750 0.495833 0.571875 0.491667 0.575000 0.491667 0.576563 0.489583 0.579687 0.489583 0.581250 0.487500 0.584375 0.487500 0.587500 0.483333 0.589063 0.483333 0.598437 0.470833 0.598437 0.468750 0.603125 0.462500 0.607813 0.462500 0.607813 0.402083 0.603125 0.402083 0.598437 0.395833 0.598437 0.393750 0.582812 0.372917 0.581250 0.372917 0.578125 0.368750 0.578125 0.362500
2 0.323438 0.429167 0.323438 0.435417 0.320312 0.439583 0.318750 0.439583 0.317187 0.441667 0.315625 0.441667 0.312500 0.445833 0.310937 0.445833 0.304688 0.454167 0.304688 0.456250 0.298438 0.464583 0.298438 0.466667 0.296875 0.468750 0.290625 0.468750 0.290625 0.506250 0.295312 0.506250 0.298438 0.510417 0.298438 0.512500 0.300000 0.514583 0.300000 0.516667 0.304688 0.522917 0.304688 0.525000 0.312500 0.535417 0.312500 0.537500 0.315625 0.541667 0.317187 0.541667 0.318750 0.543750 0.318750 0.545833 0.320312 0.547917 0.321875 0.547917 0.323438 0.550000 0.325000 0.550000 0.326562 0.552083 0.326562 0.560417 0.368750 0.560417 0.368750 0.554167 0.382812 0.535417 0.384375 0.535417 0.384375 0.533333 0.387500 0.529167 0.387500 0.522917 0.389062 0.520833 0.389062 0.518750 0.390625 0.516667 0.395312 0.516667 0.395312 0.462500 0.390625 0.462500 0.385938 0.456250 0.385938 0.454167 0.376563 0.441667 0.375000 0.441667 0.370313 0.435417 0.370313 0.429167
2 0.360938 0.187500 0.360938 0.193750 0.357812 0.197917 0.356250 0.197917 0.354688 0.200000 0.353125 0.200000 0.351562 0.202083 0.350000 0.202083 0.343750 0.210417 0.342187 0.210417 0.342187 0.212500 0.340625 0.214583 0.339063 0.214583 0.339063 0.216667 0.332812 0.225000 0.328125 0.225000 0.328125 0.287500 0.332812 0.287500 0.354688 0.316667 0.356250 0.316667 0.357812 0.318750 0.357812 0.327083 0.385938 0.327083 0.385938 0.320833 0.389062 0.316667 0.390625 0.316667 0.392188 0.314583 0.393750 0.314583 0.395312 0.312500 0.396875 0.312500 0.398438 0.310417 0.400000 0.310417 0.401563 0.308333 0.406250 0.308333 0.407813 0.306250 0.409375 0.306250 0.410937 0.304167 0.414062 0.304167 0.415625 0.302083 0.415625 0.300000 0.423438 0.289583 0.423438 0.287500 0.428125 0.281250 0.432813 0.281250 0.432813 0.229167 0.428125 0.229167 0.423438 0.222917 0.423438 0.220833 0.418750 0.214583 0.418750 0.212500 0.409375 0.200000 0.407813 0.200000 0.406250 0.197917 0.404687 0.197917 0.403125 0.195833 0.403125 0.187500
2 0.507812 0.512500 0.507812 0.518750 0.504687 0.522917 0.501562 0.522917 0.500000 0.525000 0.498437 0.525000 0.495313 0.529167 0.493750 0.529167 0.489062 0.535417 0.487500 0.535417 0.478125 0.547917 0.471875 0.547917 0.471875 0.620833 0.476562 0.620833 0.489062 0.637500 0.489062 0.639583 0.490625 0.641667 0.490625 0.643750 0.498437 0.654167 0.498437 0.660417 0.543750 0.660417 0.543750 0.654167 0.548437 0.647917 0.550000 0.647917 0.551562 0.645833 0.553125 0.645833 0.560938 0.635417 0.560938 0.633333 0.565625 0.627083 0.565625 0.625000 0.567187 0.622917 0.567187 0.618750 0.568750 0.616667 0.568750 0.614583 0.571875 0.610417 0.576563 0.610417 0.576563 0.570833 0.571875 0.570833 0.570312 0.568750 0.570312 0.566667 0.568750 0.564583 0.568750 0.560417 0.567187 0.558333 0.567187 0.556250 0.565625 0.554167 0.565625 0.552083 0.560938 0.545833 0.560938 0.543750 0.557813 0.539583 0.556250 0.539583 0.554688 0.537500 0.554688 0.535417 0.553125 0.535417 0.546875 0.527083 0.545313 0.527083 0.543750 0.525000 0.542188 0.525000 0.540625 0.522917 0.539062 0.522917 0.535937 0.518750 0.535937 0.512500
2 0.040625 0.504167 0.040625 0.510417 0.039062 0.512500 0.037500 0.512500 0.035937 0.514583 0.034375 0.514583 0.032812 0.516667 0.029687 0.516667 0.028125 0.518750 0.025000 0.518750 0.023438 0.520833 0.021875 0.520833 0.020312 0.522917 0.018750 0.522917 0.017188 0.525000 0.015625 0.525000 0.006250 0.537500 0.006250 0.539583 0.004688 0.541667 0.004688 0.543750 0.003125 0.545833 0.003125 0.547917 0.001563 0.550000 0.000000 0.550000 0.000000 0.675000 0.001563 0.675000 0.003125 0.677083 0.003125 0.681250 0.004688 0.683333 0.004688 0.685417 0.006250 0.687500 0.006250 0.689583 0.009375 0.693750 0.009375 0.695833 0.010937 0.697917 0.010937 0.704167 0.012500 0.706250 0.012500 0.710417 0.014062 0.712500 0.014062 0.714583 0.015625 0.716667 0.015625 0.718750 0.017188 0.720833 0.017188 0.725000 0.018750 0.727083 0.018750 0.729167 0.020312 0.731250 0.020312 0.733333 0.021875 0.735417 0.021875 0.737500 0.023438 0.739583 0.023438 0.741667 0.025000 0.743750 0.025000 0.745833 0.031250 0.754167 0.032812 0.754167 0.035937 0.758333 0.037500 0.758333 0.040625 0.762500 0.040625 0.768750 0.082813 0.768750 0.082813 0.762500 0.085938 0.758333 0.087500 0.758333 0.089062 0.756250 0.090625 0.756250 0.092188 0.754167 0.093750 0.754167 0.095312 0.752083 0.096875 0.752083 0.100000 0.747917 0.101562 0.747917 0.115625 0.729167 0.115625 0.727083 0.117188 0.725000 0.117188 0.722917 0.121875 0.716667 0.126563 0.716667 0.126563 0.647917 0.121875 0.647917 0.120312 0.645833 0.120312 0.641667 0.118750 0.639583 0.118750 0.627083 0.117188 0.625000 0.117188 0.600000 0.115625 0.597917 0.115625 0.581250 0.114063 0.579167 0.114063 0.568750 0.112500 0.566667 0.112500 0.545833 0.110937 0.543750 0.110937 0.535417 0.109375 0.533333 0.109375 0.531250 0.107813 0.529167 0.107813 0.527083 0.104687 0.522917 0.104687 0.520833 0.101562 0.516667 0.100000 0.516667 0.096875 0.512500 0.095312 0.512500 0.093750 0.510417 0.093750 0.504167
1 0.000000 0.129167 0.000000 0.452083 0.073437 0.452083 0.073437 0.445833 0.079687 0.437500 0.081250 0.437500 0.081250 0.435417 0.085938 0.429167 0.085938 0.425000 0.087500 0.422917 0.087500 0.416667 0.089062 0.414583 0.089062 0.412500 0.092188 0.408333 0.093750 0.408333 0.098438 0.402083 0.100000 0.402083 0.101562 0.400000 0.103125 0.400000 0.104687 0.397917 0.106250 0.397917 0.107813 0.395833 0.109375 0.395833 0.112500 0.391667 0.114063 0.391667 0.125000 0.377083 0.125000 0.375000 0.128125 0.370833 0.128125 0.368750 0.129688 0.366667 0.129688 0.364583 0.131250 0.362500 0.131250 0.360417 0.134375 0.356250 0.139062 0.356250 0.139062 0.220833 0.134375 0.220833 0.131250 0.216667 0.131250 0.214583 0.129688 0.212500 0.129688 0.208333 0.128125 0.206250 0.128125 0.204167 0.123438 0.197917 0.123438 0.195833 0.112500 0.181250 0.112500 0.179167 0.110937 0.177083 0.110937 0.170833 0.109375 0.168750 0.109375 0.154167 0.107813 0.152083 0.107813 0.150000 0.104687 0.145833 0.104687 0.143750 0.103125 0.141667 0.101562 0.141667 0.096875 0.135417 0.096875 0.129167
1 0.665625 0.437500 0.665625 0.443750 0.662500 0.447917 0.660937 0.447917 0.659375 0.450000 0.657812 0.450000 0.653125 0.456250 0.651563 0.456250 0.650000 0.458333 0.648438 0.458333 0.648438 0.460417 0.646875 0.462500 0.640625 0.462500 0.639063 0.464583 0.637500 0.464583 0.629687 0.475000 0.629687 0.477083 0.628125 0.479167 0.628125 0.481250 0.626562 0.483333 0.621875 0.483333 0.621875 0.531250 0.626562 0.531250 0.629687 0.535417 0.629687 0.537500 0.631250 0.539583 0.631250 0.541667 0.637500 0.550000 0.637500 0.552083 0.640625 0.556250 0.642187 0.556250 0.645312 0.560417 0.645312 0.562500 0.646875 0.562500 0.650000 0.566667 0.651563 0.566667 0.654688 0.570833 0.654688 0.577083 0.701563 0.577083 0.701563 0.570833 0.706250 0.564583 0.707812 0.564583 0.723437 0.543750 0.723437 0.541667 0.725000 0.539583 0.725000 0.537500 0.728125 0.533333 0.732813 0.533333 0.732813 0.477083 0.728125 0.477083 0.723437 0.470833 0.723437 0.468750 0.718750 0.462500 0.718750 0.460417 0.712500 0.452083 0.710938 0.452083 0.707812 0.447917 0.706250 0.447917 0.704687 0.445833 0.704687 0.437500
1 0.871875 0.000000 0.871875 0.060417 0.876562 0.060417 0.878125 0.062500 0.878125 0.066667 0.879687 0.068750 0.879687 0.075000 0.881250 0.077083 0.881250 0.081250 0.882812 0.083333 0.882812 0.089583 0.884375 0.091667 0.884375 0.097917 0.885938 0.100000 0.885938 0.104167 0.887500 0.106250 0.887500 0.112500 0.889063 0.114583 0.889063 0.120833 0.890625 0.122917 0.890625 0.131250 0.892187 0.133333 0.892187 0.141667 0.893750 0.143750 0.893750 0.147917 0.895312 0.150000 0.895312 0.154167 0.896875 0.156250 0.896875 0.160417 0.898438 0.162500 0.898438 0.166667 0.900000 0.168750 0.900000 0.179167 0.901563 0.181250 0.901563 0.191667 0.903125 0.193750 0.903125 0.204167 0.904688 0.206250 0.904688 0.214583 0.906250 0.216667 0.906250 0.222917 0.907812 0.225000 0.907812 0.231250 0.909375 0.233333 0.909375 0.237500 0.910937 0.239583 0.910937 0.247917 0.912500 0.250000 0.912500 0.260417 0.914062 0.262500 0.914062 0.270833 0.915625 0.272917 0.915625 0.281250 0.917188 0.283333 0.917188 0.291667 0.918750 0.293750 0.918750 0.300000 0.920313 0.302083 0.920313 0.308333 0.921875 0.310417 0.921875 0.314583 0.923437 0.316667 0.923437 0.322917 0.925000 0.325000 0.925000 0.331250 0.926562 0.333333 0.926562 0.339583 0.928125 0.341667 0.928125 0.350000 0.929688 0.352083 0.929688 0.360417 0.931250 0.362500 0.931250 0.368750 0.932813 0.370833 0.932813 0.377083 0.998438 0.377083 0.998438 0.000000
1 0.946875 0.679167 0.942187 0.679167 0.940625 0.677083 0.934375 0.677083 0.934375 0.685417 0.946875 0.685417 0.946875 0.679167 0.968750 0.664583 0.971875 0.668750 0.973437 0.666667 0.975000 0.666667 0.978125 0.662500 0.978125 0.660417 0.976562 0.658333 0.975000 0.658333 0.971875 0.654167 0.971875 0.652083 0.973437 0.650000 0.976562 0.650000 0.979688 0.645833 0.979688 0.643750 0.982813 0.639583 0.984375 0.639583 0.985937 0.641667 0.985937 0.645833 0.987500 0.647917 0.987500 0.650000 0.990625 0.654167 0.990625 0.656250 0.996875 0.664583 0.998438 0.664583 0.998438 0.329167 0.934375 0.329167 0.934375 0.425000 0.939062 0.425000 0.940625 0.427083 0.940625 0.431250 0.942187 0.433333 0.942187 0.439583 0.943750 0.441667 0.943750 0.445833 0.945312 0.447917 0.945312 0.454167 0.946875 0.456250 0.946875 0.464583 0.948438 0.466667 0.948438 0.472917 0.950000 0.475000 0.950000 0.479167 0.951563 0.481250 0.951563 0.485417 0.953125 0.487500 0.953125 0.495833 0.954687 0.497917 0.954687 0.506250 0.956250 0.508333 0.956250 0.512500 0.957812 0.514583 0.957812 0.520833 0.959375 0.522917 0.959375 0.531250 0.960938 0.533333 0.960938 0.539583 0.962500 0.541667 0.962500 0.545833 0.964063 0.547917 0.964063 0.554167 0.965625 0.556250 0.965625 0.564583 0.967188 0.566667 0.967188 0.572917 0.968750 0.575000 0.968750 0.579167 0.970312 0.581250 0.970312 0.597917 0.971875 0.600000 0.971875 0.614583 0.973437 0.616667 0.973437 0.625000 0.971875 0.627083 0.971875 0.631250 0.970312 0.633333 0.970312 0.650000 0.971875 0.652083 0.971875 0.654167 0.970312 0.656250 0.970312 0.658333 0.968750 0.660417 0.968750 0.664583
2 0.425000 0.887500 0.425000 0.893750 0.421875 0.897917 0.420312 0.897917 0.418750 0.900000 0.417188 0.900000 0.415625 0.902083 0.414062 0.902083 0.410937 0.906250 0.409375 0.906250 0.406250 0.910417 0.404687 0.910417 0.401563 0.914583 0.400000 0.914583 0.398438 0.916667 0.396875 0.916667 0.395312 0.918750 0.390625 0.918750 0.390625 0.997917 0.501562 0.997917 0.501562 0.925000 0.495313 0.925000 0.493750 0.922917 0.493750 0.920833 0.484375 0.908333 0.482812 0.908333 0.476562 0.900000 0.475000 0.900000 0.470313 0.893750 0.470313 0.887500
2 0.667188 0.437500 0.667188 0.443750 0.665625 0.445833 0.664062 0.445833 0.662500 0.447917 0.660937 0.447917 0.657812 0.452083 0.656250 0.452083 0.653125 0.456250 0.651563 0.456250 0.645312 0.464583 0.639063 0.464583 0.637500 0.466667 0.635938 0.466667 0.631250 0.472917 0.631250 0.475000 0.628125 0.479167 0.628125 0.481250 0.626562 0.483333 0.621875 0.483333 0.621875 0.531250 0.626562 0.531250 0.629687 0.535417 0.629687 0.537500 0.631250 0.539583 0.631250 0.541667 0.639063 0.552083 0.639063 0.554167 0.640625 0.556250 0.642187 0.556250 0.648438 0.564583 0.650000 0.564583 0.654688 0.570833 0.654688 0.577083 0.701563 0.577083 0.701563 0.568750 0.703125 0.566667 0.704687 0.566667 0.706250 0.564583 0.707812 0.564583 0.721875 0.545833 0.721875 0.543750 0.723437 0.541667 0.723437 0.539583 0.725000 0.537500 0.725000 0.535417 0.726562 0.533333 0.732813 0.533333 0.732813 0.477083 0.728125 0.477083 0.723437 0.470833 0.723437 0.468750 0.717188 0.460417 0.717188 0.458333 0.715625 0.456250 0.714063 0.456250 0.707812 0.447917 0.706250 0.447917 0.704687 0.445833 0.704687 0.437500