1 0.473218 0.509375 0.473218 0.514062 0.471138 0.515625 0.469058 0.515625 0.466978 0.517187 0.462817 0.517187 0.454497 0.523437 0.452417 0.523437 0.448257 0.526562 0.448257 0.528125 0.444097 0.531250 0.437856 0.531250 0.437856 0.578125 0.444097 0.578125 0.448257 0.581250 0.448257 0.582812 0.454497 0.587500 0.456577 0.587500 0.462817 0.592187 0.464897 0.592187 0.466978 0.593750 0.471138 0.593750 0.475298 0.596875 0.475298 0.601562 0.514819 0.601562 0.514819 0.596875 0.518979 0.593750 0.521060 0.593750 0.523140 0.592187 0.525220 0.592187 0.527300 0.590625 0.529380 0.590625 0.531460 0.589062 0.533540 0.589062 0.535620 0.587500 0.537700 0.587500 0.539780 0.585937 0.541860 0.585937 0.543940 0.584375 0.546021 0.584375 0.554341 0.578125 0.560581 0.578125 0.560581 0.540625 0.554341 0.540625 0.550181 0.537500 0.550181 0.535937 0.548101 0.534375 0.548101 0.531250 0.546021 0.529687 0.546021 0.528125 0.541860 0.525000 0.541860 0.523437 0.529380 0.514062 0.529380 0.509375
0 0.394175 0.578125 0.394175 0.582812 0.387935 0.587500 0.385854 0.587500 0.377534 0.593750 0.375454 0.593750 0.360894 0.604687 0.354653 0.604687 0.354653 0.640625 0.360894 0.640625 0.362974 0.642187 0.362974 0.643750 0.365054 0.645312 0.365054 0.648438 0.362974 0.650000 0.362974 0.653125 0.365054 0.654687 0.365054 0.657812 0.367134 0.659375 0.367134 0.660937 0.381694 0.671875 0.383774 0.671875 0.385854 0.673437 0.387935 0.673437 0.390015 0.675000 0.392095 0.675000 0.396255 0.678125 0.396255 0.682812 0.433696 0.682812 0.433696 0.678125 0.437856 0.675000 0.439936 0.675000 0.442017 0.673437 0.446177 0.673437 0.450337 0.670312 0.452417 0.670312 0.462817 0.662500 0.462817 0.660937 0.466978 0.657812 0.466978 0.656250 0.469058 0.654687 0.477378 0.654687 0.477378 0.609375 0.471138 0.609375 0.466978 0.606250 0.466978 0.604687 0.464897 0.603125 0.464897 0.601562 0.452417 0.592187 0.450337 0.592187 0.442017 0.585937 0.437856 0.585937 0.433696 0.582812 0.433696 0.578125
0 0.437856 0.421875 0.437856 0.426562 0.417056 0.442187 0.417056 0.443750 0.414976 0.445312 0.414976 0.446875 0.410815 0.450000 0.404575 0.450000 0.404575 0.485937 0.410815 0.485937 0.414976 0.489062 0.414976 0.492188 0.427456 0.501562 0.429536 0.501562 0.433696 0.504687 0.435776 0.504687 0.437856 0.506250 0.439936 0.506250 0.444097 0.509375 0.444097 0.514062 0.496099 0.514062 0.496099 0.507812 0.498179 0.506250 0.500259 0.506250 0.502339 0.504687 0.504419 0.504687 0.508579 0.501562 0.510659 0.501562 0.518979 0.495312 0.518979 0.493750 0.523140 0.490625 0.523140 0.489062 0.525220 0.487500 0.525220 0.485937 0.529380 0.482812 0.535620 0.482812 0.535620 0.451562 0.529380 0.451562 0.525220 0.448437 0.525220 0.446875 0.523140 0.445312 0.523140 0.443750 0.518979 0.440625 0.518979 0.439062 0.506499 0.429688 0.504419 0.429688 0.500259 0.426562 0.500259 0.421875
1 0.724907 0.534375 0.724907 0.540625 0.722827 0.542187 0.720747 0.542187 0.718667 0.543750 0.716587 0.543750 0.714507 0.545312 0.712427 0.545312 0.708267 0.548437 0.706186 0.548437 0.697866 0.554687 0.697866 0.556250 0.693706 0.559375 0.693706 0.560937 0.691626 0.562500 0.691626 0.564062 0.689546 0.565625 0.689546 0.567187 0.685386 0.570312 0.679145 0.570312 0.679145 0.609375 0.685386 0.609375 0.691626 0.614062 0.691626 0.615625 0.693706 0.617188 0.693706 0.618750 0.699946 0.623438 0.699946 0.625000 0.714507 0.635937 0.716587 0.635937 0.718667 0.637500 0.720747 0.637500 0.724907 0.640625 0.724907 0.645312 0.791470 0.645312 0.791470 0.640625 0.797710 0.635937 0.799790 0.635937 0.801870 0.634375 0.803950 0.634375 0.818511 0.623438 0.818511 0.621875 0.822671 0.618750 0.822671 0.617188 0.828911 0.612500 0.835151 0.612500 0.835151 0.564062 0.826831 0.564062 0.824751 0.562500 0.824751 0.560937 0.822671 0.559375 0.822671 0.557812 0.803950 0.543750 0.801870 0.543750 0.795630 0.539062 0.795630 0.534375
2 0.273530 0.628125 0.273530 0.632812 0.269370 0.635937 0.267290 0.635937 0.265210 0.637500 0.263130 0.637500 0.254810 0.643750 0.252729 0.643750 0.250649 0.645312 0.250649 0.646875 0.244409 0.651562 0.244409 0.653125 0.242329 0.654687 0.242329 0.656250 0.240249 0.657812 0.240249 0.659375 0.236089 0.662500 0.229849 0.662500 0.229849 0.703125 0.238169 0.703125 0.242329 0.706250 0.242329 0.707812 0.244409 0.709375 0.246489 0.709375 0.254810 0.715625 0.256890 0.715625 0.265210 0.721875 0.267290 0.721875 0.269370 0.723437 0.271450 0.723437 0.273530 0.725000 0.275610 0.725000 0.277690 0.726562 0.277690 0.732812 0.325532 0.732812 0.325532 0.726562 0.327612 0.725000 0.329692 0.725000 0.331772 0.723437 0.335933 0.723437 0.338013 0.721875 0.340093 0.721875 0.350493 0.714062 0.352573 0.714062 0.352573 0.712500 0.358813 0.707812 0.358813 0.706250 0.362974 0.703125 0.362974 0.700000 0.365054 0.698437 0.365054 0.696875 0.367134 0.695312 0.367134 0.692187 0.369214 0.690625 0.377534 0.690625 0.377534 0.667187 0.371294 0.667187 0.367134 0.664062 0.367134 0.662500 0.360894 0.657812 0.360894 0.656250 0.352573 0.650000 0.352573 0.648438 0.346333 0.643750 0.344253 0.643750 0.333853 0.635937 0.331772 0.635937 0.329692 0.634375 0.329692 0.628125
2 0.315132 0.509375 0.315132 0.514062 0.310972 0.517187 0.306812 0.517187 0.304731 0.518750 0.302651 0.518750 0.296411 0.523437 0.294331 0.523437 0.281851 0.532812 0.281851 0.534375 0.279770 0.535937 0.271450 0.535937 0.271450 0.585937 0.277690 0.585937 0.286011 0.592187 0.286011 0.593750 0.290171 0.596875 0.292251 0.596875 0.302651 0.604687 0.304731 0.604687 0.306812 0.606250 0.308892 0.606250 0.313052 0.609375 0.313052 0.614062 0.344253 0.614062 0.344253 0.609375 0.348413 0.606250 0.350493 0.606250 0.354653 0.603125 0.356733 0.603125 0.358813 0.601562 0.360894 0.601562 0.367134 0.596875 0.369214 0.596875 0.379614 0.589062 0.381694 0.589062 0.392095 0.581250 0.392095 0.579687 0.396255 0.576562 0.402495 0.576562 0.402495 0.543750 0.396255 0.543750 0.392095 0.540625 0.392095 0.539062 0.387935 0.535937 0.387935 0.534375 0.381694 0.529687 0.381694 0.528125 0.375454 0.523437 0.373374 0.523437 0.365054 0.517187 0.362974 0.517187 0.360894 0.515625 0.358813 0.515625 0.356733 0.514062 0.356733 0.509375
1 0.194487 0.053125 0.194487 0.057812 0.190327 0.060937 0.186167 0.060937 0.184087 0.062500 0.179927 0.062500 0.173687 0.067187 0.171606 0.067187 0.167446 0.070312 0.165366 0.070312 0.161206 0.073437 0.159126 0.073437 0.154966 0.076562 0.152886 0.076562 0.138325 0.087500 0.136245 0.087500 0.115444 0.103125 0.115444 0.104687 0.109204 0.109375 0.109204 0.110937 0.105044 0.114062 0.105044 0.115625 0.098804 0.120312 0.098804 0.121875 0.094644 0.125000 0.088403 0.125000 0.088403 0.204687 0.096724 0.204687 0.111284 0.215625 0.111284 0.217187 0.113364 0.218750 0.113364 0.220312 0.115444 0.221875 0.115444 0.223437 0.117524 0.225000 0.117524 0.228125 0.119604 0.229687 0.119604 0.232812 0.121685 0.234375 0.121685 0.239062 0.283931 0.239062 0.283931 0.231250 0.281851 0.229687 0.281851 0.226562 0.275610 0.221875 0.275610 0.215625 0.273530 0.214062 0.273530 0.212500 0.271450 0.210938 0.271450 0.209375 0.265210 0.204687 0.265210 0.203125 0.263130 0.201562 0.263130 0.200000 0.261050 0.198437 0.261050 0.195312 0.258970 0.193750 0.258970 0.190625 0.261050 0.189062 0.261050 0.187500 0.267290 0.182812 0.269370 0.182812 0.271450 0.181250 0.273530 0.181250 0.279770 0.176562 0.281851 0.176562 0.283931 0.175000 0.288091 0.175000 0.290171 0.173437 0.292251 0.173437 0.294331 0.171875 0.296411 0.171875 0.298491 0.170312 0.302651 0.170312 0.304731 0.168750 0.306812 0.168750 0.308892 0.167187 0.313052 0.167187 0.315132 0.165625 0.317212 0.165625 0.319292 0.164062 0.321372 0.164062 0.323452 0.162500 0.325532 0.162500 0.329692 0.159375 0.331772 0.159375 0.338013 0.154687 0.340093 0.154687 0.348413 0.148437 0.348413 0.146875 0.350493 0.145312 0.350493 0.143750 0.354653 0.140625 0.360894 0.140625 0.360894 0.092187 0.354653 0.092187 0.350493 0.089062 0.350493 0.087500 0.348413 0.085938 0.348413 0.084375 0.331772 0.071875 0.329692 0.071875 0.325532 0.068750 0.323452 0.068750 0.321372 0.067187 0.319292 0.067187 0.315132 0.064062 0.313052 0.064062 0.310972 0.062500 0.304731 0.062500 0.302651 0.060937 0.298491 0.060937 0.296411 0.059375 0.294331 0.059375 0.292251 0.057812 0.292251 0.053125
2 0.593862 0.465625 0.593862 0.470312 0.591782 0.471875 0.589702 0.471875 0.587622 0.473437 0.583462 0.473437 0.581382 0.475000 0.579302 0.475000 0.570981 0.481250 0.568901 0.481250 0.556421 0.490625 0.556421 0.492188 0.552261 0.495312 0.546021 0.495312 0.546021 0.543750 0.552261 0.543750 0.556421 0.546875 0.556421 0.548437 0.558501 0.550000 0.558501 0.551562 0.560581 0.553125 0.560581 0.554687 0.566821 0.559375 0.570981 0.559375 0.573062 0.560937 0.577222 0.560937 0.579302 0.562500 0.581382 0.562500 0.585542 0.565625 0.585542 0.570312 0.635464 0.570312 0.635464 0.565625 0.639624 0.562500 0.641704 0.562500 0.643784 0.560937 0.645864 0.560937 0.650024 0.557812 0.652104 0.557812 0.662505 0.550000 0.662505 0.548437 0.666665 0.545312 0.666665 0.543750 0.670825 0.540625 0.677065 0.540625 0.677065 0.500000 0.670825 0.500000 0.666665 0.496875 0.666665 0.495312 0.664585 0.493750 0.664585 0.492188 0.656265 0.485937 0.656265 0.484375 0.654185 0.482812 0.652104 0.482812 0.645864 0.478125 0.643784 0.478125 0.639624 0.475000 0.637544 0.475000 0.635464 0.473437 0.633384 0.473437 0.631304 0.471875 0.629224 0.471875 0.627144 0.470312 0.627144 0.465625
1 0.329692 0.421875 0.329692 0.426562 0.325532 0.429688 0.323452 0.429688 0.321372 0.431250 0.319292 0.431250 0.315132 0.434375 0.313052 0.434375 0.298491 0.445312 0.298491 0.446875 0.294331 0.450000 0.294331 0.451562 0.292251 0.453125 0.292251 0.456250 0.290171 0.457812 0.290171 0.460938 0.288091 0.462500 0.288091 0.465625 0.286011 0.467187 0.286011 0.482812 0.283931 0.484375 0.283931 0.485937 0.279770 0.489062 0.279770 0.492188 0.281851 0.493750 0.281851 0.496875 0.288091 0.501562 0.294331 0.501562 0.296411 0.503125 0.306812 0.503125 0.308892 0.504687 0.313052 0.504687 0.315132 0.506250 0.317212 0.506250 0.321372 0.509375 0.321372 0.512500 0.346333 0.512500 0.350493 0.515625 0.350493 0.520312 0.360894 0.520312 0.360894 0.515625 0.362974 0.514062 0.365054 0.514062 0.367134 0.512500 0.371294 0.512500 0.373374 0.510937 0.379614 0.510937 0.383774 0.507812 0.385854 0.507812 0.390015 0.504687 0.392095 0.504687 0.400415 0.498437 0.400415 0.496875 0.402495 0.495312 0.410815 0.495312 0.410815 0.451562 0.404575 0.451562 0.400415 0.448437 0.400415 0.446875 0.387935 0.437500 0.385854 0.437500 0.383774 0.435937 0.381694 0.435937 0.379614 0.434375 0.377534 0.434375 0.375454 0.432812 0.371294 0.432812 0.369214 0.431250 0.367134 0.431250 0.365054 0.429688 0.362974 0.429688 0.360894 0.428125 0.352573 0.428125 0.350493 0.429688 0.342173 0.429688 0.340093 0.428125 0.340093 0.421875
2 0.367134 0.340625 0.367134 0.345312 0.362974 0.348437 0.360894 0.348437 0.358813 0.350000 0.356733 0.350000 0.340093 0.362500 0.340093 0.364062 0.338013 0.365625 0.329692 0.365625 0.329692 0.407812 0.335933 0.407812 0.342173 0.412500 0.342173 0.414062 0.354653 0.423437 0.356733 0.423437 0.362974 0.428125 0.367134 0.428125 0.369214 0.429688 0.373374 0.429688 0.379614 0.434375 0.379614 0.439062 0.412896 0.439062 0.412896 0.434375 0.417056 0.431250 0.419136 0.431250 0.421216 0.429688 0.425376 0.429688 0.429536 0.426562 0.431616 0.426562 0.433696 0.425000 0.435776 0.425000 0.435776 0.423437 0.439936 0.420312 0.439936 0.418750 0.444097 0.415625 0.444097 0.414062 0.448257 0.410937 0.448257 0.409375 0.450337 0.407812 0.450337 0.404687 0.454497 0.401562 0.460737 0.401562 0.460737 0.375000 0.454497 0.375000 0.450337 0.371875 0.450337 0.370312 0.448257 0.368750 0.448257 0.367188 0.446177 0.365625 0.446177 0.364062 0.427456 0.350000 0.425376 0.350000 0.423296 0.348437 0.421216 0.348437 0.417056 0.345312 0.417056 0.340625
1 0.529380 0.584375 0.529380 0.589062 0.525220 0.592187 0.523140 0.592187 0.516899 0.596875 0.514819 0.596875 0.510659 0.600000 0.508579 0.600000 0.508579 0.601562 0.502339 0.606250 0.496099 0.606250 0.496099 0.665625 0.504419 0.665625 0.508579 0.668750 0.508579 0.670312 0.510659 0.671875 0.512739 0.671875 0.521060 0.678125 0.523140 0.678125 0.525220 0.679688 0.527300 0.679688 0.529380 0.681250 0.531460 0.681250 0.535620 0.684375 0.535620 0.689062 0.573062 0.689062 0.573062 0.684375 0.577222 0.681250 0.579302 0.681250 0.581382 0.679688 0.585542 0.679688 0.589702 0.676562 0.591782 0.676562 0.606343 0.665625 0.606343 0.664062 0.612583 0.659375 0.618823 0.659375 0.618823 0.612500 0.612583 0.612500 0.608423 0.609375 0.608423 0.607813 0.604263 0.604687 0.604263 0.603125 0.591782 0.593750 0.589702 0.593750 0.587622 0.592187 0.585542 0.592187 0.583462 0.590625 0.583462 0.584375
2 0.529380 0.584375 0.529380 0.589062 0.523140 0.593750 0.521060 0.593750 0.516899 0.596875 0.514819 0.596875 0.510659 0.600000 0.508579 0.600000 0.506499 0.601562 0.506499 0.603125 0.502339 0.606250 0.496099 0.606250 0.496099 0.665625 0.504419 0.665625 0.506499 0.667187 0.506499 0.668750 0.512739 0.673437 0.514819 0.673437 0.521060 0.678125 0.523140 0.678125 0.525220 0.679688 0.527300 0.679688 0.529380 0.681250 0.531460 0.681250 0.535620 0.684375 0.535620 0.689062 0.573062 0.689062 0.573062 0.684375 0.577222 0.681250 0.579302 0.681250 0.581382 0.679688 0.585542 0.679688 0.589702 0.676562 0.591782 0.676562 0.606343 0.665625 0.606343 0.664062 0.608423 0.662500 0.608423 0.660937 0.610503 0.659375 0.618823 0.659375 0.618823 0.612500 0.612583 0.612500 0.608423 0.609375 0.608423 0.607813 0.604263 0.604687 0.604263 0.603125 0.591782 0.593750 0.589702 0.593750 0.587622 0.592187 0.585542 0.592187 0.583462 0.590625 0.583462 0.584375
2 0.030161 0.903125 0.028081 0.901562 0.021841 0.901562 0.021841 0.912500 0.028081 0.912500 0.028081 0.910937 0.030161 0.909375 0.030161 0.903125 0.234009 0.800000 0.219448 0.801562 0.217368 0.800000 0.217368 0.796875 0.215288 0.796875 0.213208 0.795312 0.194487 0.795312 0.192407 0.793750 0.169526 0.793750 0.167446 0.795312 0.148726 0.795312 0.146646 0.796875 0.144565 0.796875 0.142485 0.798437 0.138325 0.798437 0.134165 0.801562 0.132085 0.801562 0.123765 0.807812 0.123765 0.809375 0.117524 0.814062 0.115444 0.814062 0.109204 0.818750 0.107124 0.818750 0.105044 0.820312 0.102964 0.820312 0.100884 0.821875 0.100884 0.823437 0.098804 0.825000 0.096724 0.825000 0.088403 0.831250 0.086323 0.831250 0.075923 0.839062 0.075923 0.840625 0.073843 0.842187 0.073843 0.843750 0.071763 0.845312 0.071763 0.846875 0.069683 0.848437 0.069683 0.851562 0.067603 0.853125 0.067603 0.871875 0.065522 0.873437 0.065522 0.875000 0.063442 0.876562 0.063442 0.878125 0.061362 0.879687 0.061362 0.881250 0.059282 0.882812 0.059282 0.884375 0.057202 0.885937 0.057202 0.887500 0.055122 0.889062 0.055122 0.892187 0.053042 0.893750 0.053042 0.904687 0.055122 0.906250 0.055122 0.907812 0.057202 0.909375 0.057202 0.910937 0.061362 0.914062 0.065522 0.914062 0.067603 0.915625 0.069683 0.915625 0.071763 0.917187 0.073843 0.917187 0.075923 0.918750 0.080083 0.918750 0.084243 0.921875 0.086323 0.921875 0.090483 0.925000 0.092563 0.925000 0.094644 0.926562 0.096724 0.926562 0.102964 0.931250 0.107124 0.931250 0.115444 0.937500 0.119604 0.937500 0.121685 0.939062 0.125845 0.939062 0.127925 0.940625 0.130005 0.940625 0.132085 0.942187 0.134165 0.942187 0.136245 0.943750 0.140405 0.943750 0.144565 0.946875 0.148726 0.946875 0.150806 0.948437 0.150806 0.953125 0.146646 0.956250 0.146646 0.957812 0.136245 0.965625 0.134165 0.965625 0.132085 0.967187 0.132085 0.968750 0.125845 0.973437 0.123765 0.973437 0.121685 0.975000 0.119604 0.973437 0.117524 0.973437 0.113364 0.970312 0.102964 0.970312 0.094644 0.964062 0.090483 0.964062 0.088403 0.962500 0.086323 0.962500 0.080083 0.957812 0.080083 0.956250 0.078003 0.956250 0.073843 0.953125 0.071763 0.953125 0.069683 0.951562 0.069683 0.950000 0.067603 0.948437 0.065522 0.948437 0.063442 0.946875 0.057202 0.946875 0.055122 0.945312 0.050962 0.945312 0.048882 0.943750 0.046802 0.943750 0.044722 0.942187 0.040562 0.942187 0.038481 0.940625 0.021841 0.940625 0.021841 0.998437 0.876753 0.998437 0.876753 0.985937 0.870513 0.985937 0.866352 0.982812 0.866352 0.981250 0.864272 0.979687 0.864272 0.978125 0.862192 0.976562 0.862192 0.975000 0.860112 0.973437 0.860112 0.971875 0.858032 0.970312 0.858032 0.968750 0.855952 0.967187 0.855952 0.964062 0.853872 0.962500 0.853872 0.960938 0.851792 0.959375 0.851792 0.957812 0.849712 0.956250 0.849712 0.953125 0.847632 0.951562 0.847632 0.948437 0.845552 0.946875 0.845552 0.945312 0.843472 0.943750 0.843472 0.942187 0.841392 0.940625 0.841392 0.939062 0.839311 0.937500 0.839311 0.935937 0.837231 0.934375 0.837231 0.932812 0.835151 0.931250 0.835151 0.929688 0.833071 0.928125 0.833071 0.925000 0.830991 0.923437 0.830991 0.921875 0.828911 0.920312 0.828911 0.918750 0.824751 0.915625 0.824751 0.914062 0.812270 0.904687 0.810190 0.904687 0.808110 0.903125 0.806030 0.903125 0.803950 0.901562 0.801870 0.901562 0.799790 0.900000 0.795630 0.900000 0.793550 0.898438 0.789390 0.898438 0.787310 0.896875 0.783149 0.896875 0.781069 0.895312 0.778989 0.895312 0.776909 0.893750 0.774829 0.893750 0.772749 0.892187 0.770669 0.892187 0.768589 0.890625 0.766509 0.890625 0.764429 0.889062 0.762349 0.889062 0.751948 0.881250 0.751948 0.878125 0.749868 0.876562 0.749868 0.870312 0.747788 0.868750 0.747788 0.865625 0.745708 0.864062 0.745708 0.862500 0.741548 0.859375 0.741548 0.857812 0.739468 0.856250 0.739468 0.854687 0.733227 0.850000 0.733227 0.848437 0.731147 0.846875 0.731147 0.845312 0.722827 0.839062 0.722827 0.837500 0.699946 0.820312 0.699946 0.818750 0.683306 0.806250 0.683306 0.804688 0.681226 0.804688 0.674985 0.800000 0.672905 0.800000 0.670825 0.798437 0.668745 0.798437 0.664585 0.795312 0.662505 0.795312 0.660425 0.793750 0.658345 0.793750 0.652104 0.789062 0.652104 0.784375 0.554341 0.784375 0.554341 0.790625 0.556421 0.792187 0.556421 0.798437 0.554341 0.800000 0.554341 0.801562 0.543940 0.809375 0.541860 0.809375 0.539780 0.810937 0.537700 0.810937 0.535620 0.812500 0.531460 0.812500 0.529380 0.814062 0.525220 0.814062 0.523140 0.815625 0.521060 0.815625 0.518979 0.817187 0.514819 0.817187 0.512739 0.818750 0.508579 0.818750 0.506499 0.820312 0.498179 0.820312 0.496099 0.821875 0.494019 0.821875 0.491938 0.823437 0.489858 0.823437 0.485698 0.826562 0.483618 0.826562 0.481538 0.828125 0.479458 0.828125 0.477378 0.829687 0.473218 0.829687 0.471138 0.831250 0.469058 0.831250 0.464897 0.834375 0.464897 0.835938 0.462817 0.837500 0.460737 0.837500 0.458657 0.839062 0.456577 0.839062 0.454497 0.840625 0.442017 0.840625 0.439936 0.842187 0.423296 0.842187 0.421216 0.843750 0.410815 0.843750 0.408735 0.845312 0.404575 0.845312 0.402495 0.846875 0.396255 0.846875 0.394175 0.848437 0.387935 0.848437 0.385854 0.850000 0.381694 0.850000 0.379614 0.851562 0.377534 0.851562 0.375454 0.853125 0.373374 0.853125 0.371294 0.854687 0.367134 0.854687 0.365054 0.856250 0.358813 0.856250 0.356733 0.857812 0.338013 0.857812 0.335933 0.859375 0.329692 0.859375 0.327612 0.860937 0.323452 0.860937 0.321372 0.862500 0.319292 0.862500 0.317212 0.864062 0.315132 0.864062 0.310972 0.867188 0.308892 0.867188 0.302651 0.871875 0.300571 0.871875 0.292251 0.878125 0.290171 0.878125 0.288091 0.879687 0.286011 0.879687 0.277690 0.885937 0.273530 0.885937 0.271450 0.887500 0.269370 0.887500 0.267290 0.889062 0.265210 0.889062 0.263130 0.890625 0.256890 0.890625 0.254810 0.892187 0.248569 0.892187 0.244409 0.895312 0.242329 0.895312 0.240249 0.896875 0.236089 0.896875 0.234009 0.898438 0.231929 0.898438 0.231929 0.900000 0.227769 0.903125 0.225688 0.901562 0.221528 0.901562 0.219448 0.900000 0.206968 0.900000 0.204888 0.901562 0.200728 0.901562 0.196567 0.904687 0.194487 0.904687 0.192407 0.906250 0.192407 0.907812 0.177847 0.918750 0.177847 0.920312 0.175767 0.921875 0.175767 0.923437 0.171606 0.926562 0.169526 0.926562 0.167446 0.928125 0.165366 0.928125 0.159126 0.932812 0.159126 0.934375 0.152886 0.939062 0.150806 0.937500 0.148726 0.937500 0.146646 0.935937 0.144565 0.935937 0.142485 0.934375 0.142485 0.932812 0.140405 0.931250 0.140405 0.929688 0.136245 0.926562 0.136245 0.923437 0.138325 0.921875 0.138325 0.918750 0.142485 0.915625 0.142485 0.914062 0.144565 0.912500 0.144565 0.906250 0.148726 0.903125 0.150806 0.903125 0.152886 0.901562 0.154966 0.901562 0.157046 0.900000 0.161206 0.900000 0.163286 0.898438 0.165366 0.898438 0.177847 0.889062 0.177847 0.887500 0.179927 0.885937 0.179927 0.884375 0.184087 0.881250 0.184087 0.879687 0.192407 0.873437 0.192407 0.871875 0.196567 0.868750 0.196567 0.867188 0.198647 0.865625 0.198647 0.859375 0.202808 0.856250 0.213208 0.856250 0.215288 0.854687 0.217368 0.854687 0.219448 0.853125 0.223608 0.853125 0.225688 0.854687 0.234009 0.854687 0.236089 0.856250 0.242329 0.851562 0.242329 0.845312 0.240249 0.845312 0.238169 0.843750 0.229849 0.843750 0.227769 0.845312 0.215288 0.845312 0.213208 0.843750 0.204888 0.843750 0.202808 0.845312 0.200728 0.843750 0.190327 0.843750 0.188247 0.842187 0.182007 0.842187 0.179927 0.840625 0.171606 0.840625 0.169526 0.839062 0.161206 0.839062 0.159126 0.837500 0.154966 0.837500 0.152886 0.835938 0.150806 0.835938 0.148726 0.834375 0.148726 0.832812 0.152886 0.829687 0.152886 0.828125 0.154966 0.826562 0.154966 0.825000 0.157046 0.823437 0.157046 0.821875 0.163286 0.817187 0.165366 0.818750 0.173687 0.818750 0.175767 0.817187 0.182007 0.817187 0.184087 0.815625 0.188247 0.815625 0.190327 0.814062 0.194487 0.814062 0.198647 0.810937 0.202808 0.810937 0.209048 0.806250 0.211128 0.806250 0.213208 0.804688 0.215288 0.804688 0.219448 0.801562 0.234009 0.800000 0.236089 0.801562 0.242329 0.801562 0.240249 0.800000 0.240249 0.796875 0.234009 0.796875 0.234009 0.800000