0 0.516899 0.490625 0.516899 0.495312 0.514819 0.496875 0.512739 0.496875 0.508579 0.500000 0.506499 0.500000 0.502339 0.503125 0.500259 0.503125 0.491938 0.509375 0.491938 0.510937 0.483618 0.517187 0.483618 0.518750 0.481538 0.520312 0.481538 0.523437 0.477378 0.526562 0.471138 0.526562 0.471138 0.568750 0.479458 0.568750 0.481538 0.570312 0.481538 0.573437 0.483618 0.575000 0.483618 0.576562 0.487778 0.579687 0.487778 0.581250 0.489858 0.582812 0.489858 0.584375 0.491938 0.585937 0.491938 0.587500 0.496099 0.590625 0.496099 0.592187 0.500259 0.595312 0.500259 0.601562 0.583462 0.601562 0.583462 0.596875 0.587622 0.593750 0.589702 0.593750 0.602183 0.584375 0.602183 0.582812 0.608423 0.578125 0.608423 0.576562 0.612583 0.573437 0.618823 0.573437 0.618823 0.520312 0.612583 0.520312 0.606343 0.515625 0.606343 0.514062 0.593862 0.504687 0.591782 0.504687 0.587622 0.501562 0.585542 0.501562 0.583462 0.500000 0.581382 0.500000 0.579302 0.498437 0.577222 0.498437 0.573062 0.495312 0.573062 0.490625
0 0.360894 0.296875 0.360894 0.301562 0.356733 0.304688 0.354653 0.304688 0.352573 0.306250 0.350493 0.306250 0.342173 0.312500 0.340093 0.312500 0.327612 0.321875 0.327612 0.323437 0.325532 0.325000 0.325532 0.326562 0.323452 0.328125 0.323452 0.329687 0.321372 0.331250 0.313052 0.331250 0.313052 0.367188 0.319292 0.367188 0.323452 0.370312 0.323452 0.371875 0.325532 0.373437 0.325532 0.375000 0.327612 0.376562 0.327612 0.378125 0.333853 0.382812 0.333853 0.384375 0.340093 0.389062 0.342173 0.389062 0.346333 0.392187 0.348413 0.392187 0.354653 0.396875 0.354653 0.401562 0.423296 0.401562 0.423296 0.395312 0.425376 0.393750 0.427456 0.393750 0.431616 0.390625 0.433696 0.390625 0.442017 0.384375 0.442017 0.382812 0.448257 0.378125 0.448257 0.376562 0.450337 0.375000 0.450337 0.371875 0.454497 0.368750 0.460737 0.368750 0.460737 0.332812 0.454497 0.332812 0.450337 0.329687 0.450337 0.326562 0.446177 0.323437 0.446177 0.321875 0.442017 0.318750 0.442017 0.317187 0.429536 0.307813 0.427456 0.307813 0.425376 0.306250 0.423296 0.306250 0.421216 0.304688 0.419136 0.304688 0.417056 0.303125 0.417056 0.296875
1 0.352573 0.428125 0.352573 0.432812 0.348413 0.435937 0.346333 0.435937 0.344253 0.437500 0.342173 0.437500 0.335933 0.442187 0.333853 0.442187 0.331772 0.443750 0.329692 0.443750 0.325532 0.446875 0.325532 0.448437 0.319292 0.453125 0.319292 0.454687 0.315132 0.457812 0.315132 0.459375 0.313052 0.460938 0.304731 0.460938 0.304731 0.506250 0.313052 0.506250 0.315132 0.507812 0.315132 0.509375 0.319292 0.512500 0.319292 0.514062 0.325532 0.518750 0.325532 0.520312 0.333853 0.526562 0.335933 0.526562 0.340093 0.529687 0.344253 0.529687 0.346333 0.531250 0.348413 0.531250 0.352573 0.534375 0.352573 0.539062 0.402495 0.539062 0.402495 0.534375 0.406655 0.531250 0.408735 0.531250 0.410815 0.529687 0.412896 0.529687 0.417056 0.526562 0.419136 0.526562 0.427456 0.520312 0.427456 0.518750 0.429536 0.517187 0.429536 0.515625 0.431616 0.514062 0.431616 0.512500 0.433696 0.510937 0.433696 0.509375 0.435776 0.507812 0.444097 0.507812 0.444097 0.462500 0.437856 0.462500 0.433696 0.459375 0.433696 0.457812 0.429536 0.454687 0.429536 0.453125 0.423296 0.448437 0.423296 0.446875 0.412896 0.439062 0.410815 0.439062 0.408735 0.437500 0.406655 0.437500 0.404575 0.435937 0.402495 0.435937 0.398335 0.432812 0.398335 0.428125
0 0.254810 0.515625 0.254810 0.520312 0.250649 0.523437 0.248569 0.523437 0.246489 0.525000 0.244409 0.525000 0.240249 0.528125 0.238169 0.528125 0.231929 0.532812 0.229849 0.532812 0.223608 0.537500 0.223608 0.539062 0.217368 0.543750 0.217368 0.545312 0.215288 0.546875 0.215288 0.548437 0.211128 0.551562 0.204888 0.551562 0.204888 0.601562 0.213208 0.601562 0.215288 0.603125 0.215288 0.604687 0.217368 0.606250 0.217368 0.607813 0.225688 0.614062 0.225688 0.615625 0.227769 0.615625 0.236089 0.621875 0.238169 0.621875 0.240249 0.623438 0.242329 0.623438 0.244409 0.625000 0.246489 0.625000 0.250649 0.628125 0.250649 0.632812 0.313052 0.632812 0.313052 0.626562 0.315132 0.625000 0.317212 0.625000 0.319292 0.623438 0.321372 0.623438 0.323452 0.621875 0.325532 0.621875 0.329692 0.618750 0.331772 0.618750 0.344253 0.609375 0.344253 0.607813 0.346333 0.606250 0.346333 0.604687 0.348413 0.603125 0.348413 0.601562 0.350493 0.600000 0.350493 0.598437 0.354653 0.595312 0.360894 0.595312 0.360894 0.554687 0.354653 0.554687 0.350493 0.551562 0.350493 0.550000 0.348413 0.548437 0.348413 0.546875 0.346333 0.545312 0.346333 0.543750 0.342173 0.540625 0.342173 0.539062 0.329692 0.529687 0.327612 0.529687 0.323452 0.526562 0.321372 0.526562 0.317212 0.523437 0.315132 0.523437 0.310972 0.520312 0.310972 0.515625
1 0.521060 0.609375 0.521060 0.615625 0.518979 0.617188 0.516899 0.617188 0.500259 0.629687 0.500259 0.631250 0.487778 0.640625 0.487778 0.642187 0.481538 0.646875 0.481538 0.648438 0.479458 0.650000 0.471138 0.650000 0.471138 0.695312 0.479458 0.695312 0.483618 0.698437 0.483618 0.700000 0.496099 0.709375 0.498179 0.709375 0.504419 0.714062 0.506499 0.714062 0.510659 0.717187 0.510659 0.718750 0.514819 0.721875 0.514819 0.726562 0.573062 0.726562 0.573062 0.721875 0.575142 0.720312 0.577222 0.720312 0.579302 0.718750 0.583462 0.718750 0.585542 0.717187 0.589702 0.717187 0.593862 0.714062 0.595942 0.714062 0.600103 0.710938 0.602183 0.710938 0.616743 0.700000 0.616743 0.698437 0.620903 0.695312 0.620903 0.693750 0.625063 0.690625 0.625063 0.687500 0.629224 0.684375 0.635464 0.684375 0.635464 0.645312 0.629224 0.645312 0.627144 0.643750 0.627144 0.642187 0.625063 0.640625 0.625063 0.639062 0.620903 0.635937 0.620903 0.634375 0.616743 0.631250 0.616743 0.629687 0.614663 0.628125 0.614663 0.626562 0.612583 0.626562 0.595942 0.614062 0.595942 0.609375
1 0.631304 0.390625 0.631304 0.395312 0.627144 0.398438 0.625063 0.398438 0.616743 0.404687 0.614663 0.404687 0.602183 0.414062 0.602183 0.415625 0.598022 0.418750 0.598022 0.420312 0.595942 0.421875 0.595942 0.423437 0.593862 0.425000 0.587622 0.425000 0.587622 0.468750 0.593862 0.468750 0.600103 0.473437 0.600103 0.475000 0.602183 0.476562 0.602183 0.478125 0.618823 0.490625 0.620903 0.490625 0.622983 0.492188 0.625063 0.492188 0.627144 0.493750 0.629224 0.493750 0.631304 0.495312 0.631304 0.501562 0.689546 0.501562 0.689546 0.496875 0.693706 0.493750 0.695786 0.493750 0.697866 0.492188 0.699946 0.492188 0.702026 0.490625 0.704106 0.490625 0.710347 0.485937 0.712427 0.485937 0.716587 0.482812 0.716587 0.481250 0.720747 0.478125 0.720747 0.476562 0.724907 0.473437 0.724907 0.471875 0.729067 0.468750 0.735308 0.468750 0.735308 0.420312 0.729067 0.420312 0.724907 0.417187 0.724907 0.415625 0.720747 0.412500 0.720747 0.410937 0.712427 0.404687 0.710347 0.404687 0.706186 0.401562 0.704106 0.401562 0.699946 0.398438 0.697866 0.398438 0.693706 0.395312 0.693706 0.390625
1 0.982837 0.728125 0.982837 0.732812 0.976597 0.737500 0.974517 0.737500 0.968276 0.742188 0.966196 0.742188 0.964116 0.743750 0.962036 0.743750 0.957876 0.746875 0.955796 0.746875 0.951636 0.750000 0.949556 0.750000 0.934995 0.760937 0.934995 0.762500 0.928755 0.767187 0.928755 0.768750 0.922515 0.773438 0.922515 0.775000 0.918354 0.778125 0.912114 0.778125 0.912114 0.846875 0.918354 0.846875 0.920435 0.848437 0.920435 0.850000 0.922515 0.851562 0.922515 0.853125 0.924595 0.854687 0.924595 0.857812 0.926675 0.859375 0.926675 0.860937 0.928755 0.862500 0.928755 0.864062 0.930835 0.865625 0.930835 0.867188 0.932915 0.868750 0.932915 0.870312 0.934995 0.871875 0.934995 0.873437 0.937075 0.875000 0.937075 0.876562 0.943315 0.881250 0.943315 0.882812 0.949556 0.887500 0.949556 0.889062 0.957876 0.895312 0.959956 0.895312 0.968276 0.901562 0.970356 0.901562 0.974517 0.904687 0.976597 0.904687 0.978677 0.906250 0.980757 0.906250 0.984917 0.909375 0.984917 0.914062 1.000000 0.914062 1.000000 0.728125
2 0.352573 0.585937 0.346333 0.585937 0.346333 0.612500 0.352573 0.612500 0.354653 0.614062 0.354653 0.617188 0.352573 0.618750 0.346333 0.618750 0.346333 0.634375 0.352573 0.634375 0.356733 0.637500 0.356733 0.639062 0.358813 0.640625 0.358813 0.642187 0.379614 0.657812 0.381694 0.657812 0.385854 0.660937 0.387935 0.660937 0.390015 0.662500 0.392095 0.662500 0.394175 0.664062 0.394175 0.670312 0.454497 0.670312 0.454497 0.665625 0.473218 0.651562 0.473218 0.650000 0.475298 0.648438 0.477378 0.648438 0.479458 0.646875 0.479458 0.645312 0.485698 0.640625 0.485698 0.639062 0.491938 0.634375 0.491938 0.632812 0.496099 0.629687 0.502339 0.629687 0.502339 0.600000 0.496099 0.600000 0.491938 0.596875 0.491938 0.595312 0.489858 0.593750 0.489858 0.592187 0.485698 0.589062 0.485698 0.587500 0.483618 0.585937 0.483618 0.584375 0.475298 0.578125 0.475298 0.576562 0.473218 0.575000 0.471138 0.575000 0.462817 0.568750 0.460737 0.568750 0.456577 0.565625 0.456577 0.559375 0.400415 0.559375 0.400415 0.564062 0.394175 0.568750 0.392095 0.568750 0.387935 0.571875 0.385854 0.571875 0.381694 0.575000 0.379614 0.575000 0.371294 0.581250 0.369214 0.581250 0.365054 0.584375 0.365054 0.587500 0.360894 0.590625 0.356733 0.587500 0.354653 0.587500 0.352573 0.585937 0.352573 0.568750 0.352573 0.559375 0.346333 0.559375 0.346333 0.568750 0.352573 0.568750
2 0.670825 0.559375 0.670825 0.564062 0.666665 0.567187 0.664585 0.567187 0.662505 0.568750 0.660425 0.568750 0.652104 0.575000 0.650024 0.575000 0.641704 0.581250 0.641704 0.582812 0.635464 0.587500 0.635464 0.589062 0.631304 0.592187 0.631304 0.593750 0.629224 0.595312 0.629224 0.596875 0.627144 0.598437 0.620903 0.598437 0.620903 0.640625 0.627144 0.640625 0.629224 0.642187 0.629224 0.643750 0.631304 0.645312 0.631304 0.646875 0.633384 0.648438 0.633384 0.650000 0.635464 0.651562 0.635464 0.653125 0.637544 0.654687 0.637544 0.656250 0.641704 0.659375 0.641704 0.660937 0.643784 0.662500 0.645864 0.662500 0.652104 0.667187 0.654185 0.667187 0.656265 0.668750 0.658345 0.668750 0.662505 0.671875 0.662505 0.676562 0.726987 0.676562 0.726987 0.671875 0.733227 0.667187 0.735308 0.667187 0.737388 0.665625 0.739468 0.665625 0.756108 0.653125 0.756108 0.651562 0.762349 0.646875 0.768589 0.646875 0.768589 0.598437 0.762349 0.598437 0.756108 0.593750 0.756108 0.592187 0.754028 0.590625 0.754028 0.589062 0.747788 0.584375 0.747788 0.582812 0.745708 0.581250 0.743628 0.581250 0.733227 0.573437 0.731147 0.573437 0.726987 0.570312 0.724907 0.570312 0.722827 0.568750 0.720747 0.568750 0.718667 0.567187 0.716587 0.567187 0.712427 0.564062 0.712427 0.559375
2 0.502339 0.384375 0.502339 0.390625 0.500259 0.392187 0.498179 0.392187 0.496099 0.393750 0.494019 0.393750 0.491938 0.395312 0.489858 0.395312 0.487778 0.396875 0.485698 0.396875 0.479458 0.401562 0.477378 0.401562 0.477378 0.403125 0.466978 0.410937 0.466978 0.412500 0.464897 0.414062 0.464897 0.415625 0.460737 0.418750 0.454497 0.418750 0.454497 0.454687 0.460737 0.454687 0.464897 0.457812 0.464897 0.459375 0.466978 0.460938 0.466978 0.462500 0.473218 0.467187 0.473218 0.468750 0.477378 0.471875 0.477378 0.473437 0.483618 0.478125 0.483618 0.479687 0.491938 0.485937 0.494019 0.485937 0.496099 0.487500 0.502339 0.487500 0.504419 0.489062 0.508579 0.489062 0.510659 0.490625 0.510659 0.495312 0.533540 0.495312 0.533540 0.490625 0.535620 0.489062 0.539780 0.489062 0.541860 0.487500 0.548101 0.487500 0.550181 0.485937 0.552261 0.485937 0.554341 0.484375 0.556421 0.484375 0.558501 0.482812 0.560581 0.482812 0.564741 0.479687 0.566821 0.479687 0.581382 0.468750 0.581382 0.467187 0.583462 0.465625 0.583462 0.464062 0.585542 0.462500 0.585542 0.460938 0.587622 0.459375 0.593862 0.459375 0.593862 0.412500 0.587622 0.412500 0.583462 0.409375 0.583462 0.407812 0.573062 0.400000 0.570981 0.400000 0.564741 0.395312 0.562661 0.395312 0.560581 0.393750 0.558501 0.393750 0.556421 0.392187 0.554341 0.392187 0.550181 0.389062 0.550181 0.384375
1 0.188247 0.940625 0.188247 0.945312 0.186167 0.946875 0.184087 0.946875 0.182007 0.948437 0.179927 0.948437 0.173687 0.953125 0.171606 0.953125 0.169526 0.954687 0.165366 0.954687 0.163286 0.956250 0.161206 0.956250 0.157046 0.959375 0.154966 0.959375 0.152886 0.960938 0.150806 0.960938 0.146646 0.964062 0.144565 0.964062 0.140405 0.967187 0.138325 0.967187 0.136245 0.968750 0.134165 0.968750 0.130005 0.971875 0.127925 0.971875 0.123765 0.975000 0.123765 0.976562 0.109204 0.987500 0.109204 0.989062 0.107124 0.990625 0.107124 0.992188 0.105044 0.993750 0.096724 0.993750 0.096724 0.998437 0.269370 0.998437 0.269370 0.979687 0.263130 0.979687 0.258970 0.976562 0.258970 0.975000 0.252729 0.970312 0.252729 0.965625 0.250649 0.964062 0.250649 0.954687 0.248569 0.953125 0.248569 0.948437 0.246489 0.946875 0.246489 0.940625
1 0.760269 0.784375 0.760269 0.790625 0.758188 0.792187 0.758188 0.793750 0.756108 0.795312 0.756108 0.803125 0.758188 0.804688 0.758188 0.810937 0.760269 0.812500 0.760269 0.814062 0.762349 0.815625 0.762349 0.821875 0.760269 0.823437 0.758188 0.823437 0.758188 0.825000 0.749868 0.831250 0.749868 0.832812 0.743628 0.837500 0.737388 0.837500 0.737388 0.867188 0.745708 0.867188 0.751948 0.871875 0.751948 0.876562 0.785229 0.876562 0.785229 0.871875 0.789390 0.868750 0.793550 0.868750 0.795630 0.867188 0.799790 0.867188 0.801870 0.865625 0.806030 0.865625 0.810190 0.862500 0.826831 0.862500 0.828911 0.864062 0.830991 0.864062 0.833071 0.865625 0.835151 0.865625 0.837231 0.867188 0.841392 0.867188 0.843472 0.868750 0.845552 0.868750 0.847632 0.867188 0.849712 0.867188 0.851792 0.865625 0.851792 0.864062 0.853872 0.862500 0.853872 0.860937 0.860112 0.856250 0.860112 0.854687 0.862192 0.853125 0.862192 0.851562 0.868433 0.846875 0.868433 0.845312 0.870513 0.843750 0.870513 0.842187 0.872593 0.840625 0.872593 0.839062 0.874673 0.837500 0.874673 0.834375 0.876753 0.832812 0.876753 0.828125 0.874673 0.826562 0.874673 0.818750 0.872593 0.817187 0.872593 0.814062 0.870513 0.812500 0.870513 0.810937 0.866352 0.807812 0.866352 0.806250 0.864272 0.804688 0.862192 0.804688 0.860112 0.803125 0.860112 0.801562 0.858032 0.800000 0.858032 0.796875 0.851792 0.792187 0.849712 0.792187 0.847632 0.790625 0.835151 0.790625 0.833071 0.789062 0.833071 0.784375
1 0.872593 0.834375 0.872593 0.839062 0.868433 0.842187 0.868433 0.843750 0.866352 0.845312 0.866352 0.846875 0.864272 0.848437 0.864272 0.850000 0.862192 0.851562 0.862192 0.853125 0.860112 0.854687 0.860112 0.856250 0.858032 0.857812 0.858032 0.860937 0.855952 0.862500 0.855952 0.864062 0.853872 0.865625 0.845552 0.865625 0.845552 0.900000 0.851792 0.900000 0.860112 0.906250 0.860112 0.907812 0.870513 0.915625 0.870513 0.920312 0.899634 0.920312 0.899634 0.915625 0.903794 0.912500 0.905874 0.912500 0.907954 0.910937 0.912114 0.910937 0.914194 0.909375 0.916274 0.909375 0.918354 0.907812 0.920435 0.907812 0.926675 0.903125 0.926675 0.901562 0.928755 0.900000 0.928755 0.898438 0.932915 0.895312 0.932915 0.871875 0.928755 0.868750 0.928755 0.864062 0.926675 0.862500 0.926675 0.860937 0.924595 0.859375 0.924595 0.857812 0.922515 0.856250 0.922515 0.853125 0.920435 0.851562 0.920435 0.850000 0.918354 0.848437 0.918354 0.846875 0.912114 0.842187 0.910034 0.842187 0.905874 0.839062 0.905874 0.834375
1 0.812270 0.709375 0.812270 0.714062 0.808110 0.717187 0.806030 0.717187 0.803950 0.718750 0.799790 0.718750 0.793550 0.723437 0.791470 0.723437 0.787310 0.726562 0.785229 0.726562 0.785229 0.728125 0.778989 0.732812 0.776909 0.732812 0.776909 0.734375 0.766509 0.742188 0.766509 0.743750 0.764429 0.745312 0.764429 0.746875 0.762349 0.748437 0.762349 0.750000 0.760269 0.751562 0.754028 0.751562 0.754028 0.782812 0.760269 0.782812 0.762349 0.784375 0.762349 0.789062 0.866352 0.789062 0.866352 0.784375 0.870513 0.781250 0.872593 0.781250 0.874673 0.779687 0.874673 0.776562 0.876753 0.775000 0.876753 0.771875 0.878833 0.770312 0.885073 0.770312 0.885073 0.720312 0.878833 0.720312 0.876753 0.718750 0.876753 0.717187 0.874673 0.715625 0.874673 0.709375
1 0.647944 0.971875 0.647944 0.976562 0.643784 0.979687 0.641704 0.979687 0.637544 0.982812 0.635464 0.982812 0.633384 0.984375 0.631304 0.984375 0.627144 0.987500 0.625063 0.987500 0.620903 0.990625 0.612583 0.990625 0.612583 0.998437 0.726987 0.998437 0.726987 0.993750 0.716587 0.993750 0.710347 0.989062 0.708267 0.989062 0.706186 0.987500 0.704106 0.987500 0.699946 0.984375 0.697866 0.984375 0.695786 0.982812 0.693706 0.982812 0.691626 0.981250 0.689546 0.981250 0.687466 0.979687 0.685386 0.979687 0.681226 0.976562 0.681226 0.971875