1 0.319292 0.403125 0.319292 0.407812 0.315132 0.410937 0.310972 0.410937 0.308892 0.412500 0.306812 0.412500 0.304731 0.414062 0.302651 0.414062 0.296411 0.418750 0.294331 0.418750 0.281851 0.428125 0.281851 0.429688 0.277690 0.432812 0.277690 0.434375 0.273530 0.437500 0.273530 0.439062 0.269370 0.442187 0.263130 0.442187 0.263130 0.481250 0.271450 0.481250 0.281851 0.489062 0.286011 0.489062 0.288091 0.490625 0.290171 0.490625 0.296411 0.495312 0.298491 0.495312 0.300571 0.496875 0.302651 0.496875 0.304731 0.498437 0.306812 0.498437 0.308892 0.500000 0.313052 0.500000 0.315132 0.501562 0.317212 0.501562 0.319292 0.503125 0.319292 0.507812 0.369214 0.507812 0.369214 0.503125 0.375454 0.498437 0.377534 0.498437 0.379614 0.496875 0.381694 0.496875 0.387935 0.492188 0.387935 0.490625 0.392095 0.487500 0.392095 0.485937 0.394175 0.484375 0.402495 0.484375 0.402495 0.434375 0.396255 0.434375 0.390015 0.429688 0.390015 0.428125 0.377534 0.418750 0.375454 0.418750 0.371294 0.415625 0.369214 0.415625 0.367134 0.414062 0.365054 0.414062 0.362974 0.412500 0.358813 0.412500 0.356733 0.410937 0.354653 0.410937 0.352573 0.409375 0.350493 0.409375 0.348413 0.407812 0.348413 0.403125
0 0.367134 0.578125 0.367134 0.582812 0.362974 0.585937 0.360894 0.585937 0.352573 0.592187 0.350493 0.592187 0.342173 0.598437 0.340093 0.598437 0.340093 0.600000 0.335933 0.603125 0.329692 0.603125 0.329692 0.656250 0.338013 0.656250 0.340093 0.657812 0.340093 0.659375 0.344253 0.662500 0.344253 0.664062 0.350493 0.668750 0.352573 0.668750 0.356733 0.671875 0.358813 0.671875 0.360894 0.673437 0.362974 0.673437 0.365054 0.675000 0.367134 0.675000 0.371294 0.678125 0.371294 0.682812 0.421216 0.682812 0.421216 0.676562 0.423296 0.675000 0.425376 0.675000 0.427456 0.673437 0.429536 0.673437 0.446177 0.660937 0.446177 0.659375 0.448257 0.657812 0.448257 0.656250 0.454497 0.651562 0.460737 0.651562 0.460737 0.604687 0.454497 0.604687 0.437856 0.592187 0.435776 0.592187 0.433696 0.590625 0.431616 0.590625 0.425376 0.585937 0.423296 0.585937 0.419136 0.582812 0.419136 0.578125
0 0.431616 0.403125 0.431616 0.407812 0.425376 0.412500 0.423296 0.412500 0.412896 0.420312 0.410815 0.420312 0.410815 0.421875 0.402495 0.428125 0.396255 0.428125 0.396255 0.489062 0.404575 0.489062 0.417056 0.498437 0.419136 0.498437 0.421216 0.500000 0.423296 0.500000 0.425376 0.501562 0.427456 0.501562 0.429536 0.503125 0.429536 0.507812 0.487778 0.507812 0.487778 0.503125 0.489858 0.501562 0.491938 0.501562 0.494019 0.500000 0.498179 0.500000 0.500259 0.498437 0.504419 0.498437 0.518979 0.487500 0.518979 0.485937 0.523140 0.482812 0.523140 0.479687 0.525220 0.478125 0.525220 0.476562 0.529380 0.473437 0.535620 0.473437 0.535620 0.437500 0.529380 0.437500 0.525220 0.434375 0.525220 0.432812 0.523140 0.431250 0.523140 0.429688 0.521060 0.428125 0.521060 0.426562 0.514819 0.421875 0.514819 0.420312 0.510659 0.417187 0.508579 0.417187 0.502339 0.412500 0.500259 0.412500 0.498179 0.410937 0.496099 0.410937 0.494019 0.409375 0.494019 0.403125
1 0.437856 0.496875 0.437856 0.501562 0.423296 0.512500 0.421216 0.512500 0.410815 0.520312 0.410815 0.521875 0.402495 0.528125 0.396255 0.528125 0.396255 0.565625 0.402495 0.565625 0.406655 0.568750 0.406655 0.570312 0.410815 0.573437 0.410815 0.575000 0.414976 0.578125 0.417056 0.578125 0.425376 0.584375 0.427456 0.584375 0.433696 0.589062 0.435776 0.589062 0.437856 0.590625 0.439936 0.590625 0.446177 0.595312 0.446177 0.601562 0.496099 0.601562 0.496099 0.596875 0.504419 0.590625 0.508579 0.590625 0.510659 0.589062 0.512739 0.589062 0.516899 0.585937 0.518979 0.585937 0.527300 0.579687 0.527300 0.578125 0.531460 0.575000 0.531460 0.573437 0.533540 0.571875 0.533540 0.568750 0.537700 0.565625 0.543940 0.565625 0.543940 0.531250 0.537700 0.531250 0.533540 0.528125 0.533540 0.526562 0.531460 0.525000 0.531460 0.523437 0.525220 0.518750 0.525220 0.517187 0.512739 0.507812 0.510659 0.507812 0.508579 0.506250 0.506499 0.506250 0.504419 0.504687 0.500259 0.504687 0.496099 0.501562 0.496099 0.496875
1 0.737388 0.540625 0.737388 0.545312 0.733227 0.548437 0.731147 0.548437 0.729067 0.550000 0.726987 0.550000 0.724907 0.551562 0.722827 0.551562 0.706186 0.564062 0.706186 0.565625 0.702026 0.568750 0.695786 0.568750 0.695786 0.615625 0.702026 0.615625 0.708267 0.620312 0.708267 0.621875 0.726987 0.635937 0.729067 0.635937 0.731147 0.637500 0.733227 0.637500 0.737388 0.640625 0.741548 0.640625 0.743628 0.642187 0.747788 0.642187 0.749868 0.643750 0.754028 0.643750 0.758188 0.646875 0.758188 0.651562 0.795630 0.651562 0.795630 0.646875 0.799790 0.643750 0.803950 0.643750 0.806030 0.642187 0.808110 0.642187 0.810190 0.640625 0.812270 0.640625 0.814351 0.639062 0.816431 0.639062 0.820591 0.635937 0.822671 0.635937 0.830991 0.629687 0.830991 0.628125 0.835151 0.625000 0.835151 0.623438 0.837231 0.621875 0.837231 0.620312 0.839311 0.618750 0.839311 0.617188 0.841392 0.615625 0.841392 0.612500 0.845552 0.609375 0.851792 0.609375 0.851792 0.579687 0.845552 0.579687 0.841392 0.576562 0.841392 0.573437 0.839311 0.571875 0.839311 0.568750 0.837231 0.567187 0.837231 0.565625 0.830991 0.560937 0.830991 0.559375 0.820591 0.551562 0.818511 0.551562 0.814351 0.548437 0.812270 0.548437 0.808110 0.545312 0.808110 0.540625
2 0.277690 0.503125 0.277690 0.507812 0.269370 0.514062 0.267290 0.514062 0.265210 0.515625 0.265210 0.517187 0.258970 0.521875 0.258970 0.523437 0.252729 0.528125 0.246489 0.528125 0.246489 0.571875 0.252729 0.571875 0.256890 0.575000 0.256890 0.576562 0.261050 0.579687 0.261050 0.581250 0.271450 0.589062 0.273530 0.589062 0.277690 0.592187 0.279770 0.592187 0.286011 0.596875 0.286011 0.601562 0.327612 0.601562 0.327612 0.596875 0.331772 0.593750 0.333853 0.593750 0.335933 0.592187 0.338013 0.592187 0.340093 0.590625 0.342173 0.590625 0.344253 0.589062 0.346333 0.589062 0.348413 0.587500 0.350493 0.587500 0.352573 0.585937 0.354653 0.585937 0.365054 0.578125 0.367134 0.578125 0.369214 0.576562 0.369214 0.575000 0.373374 0.571875 0.373374 0.570312 0.379614 0.565625 0.385854 0.565625 0.385854 0.528125 0.377534 0.528125 0.375454 0.526562 0.375454 0.525000 0.373374 0.523437 0.373374 0.521875 0.365054 0.515625 0.365054 0.514062 0.360894 0.510937 0.356733 0.510937 0.352573 0.507812 0.352573 0.503125
2 0.508579 0.584375 0.508579 0.589062 0.504419 0.592187 0.502339 0.592187 0.498179 0.595312 0.496099 0.595312 0.491938 0.598437 0.489858 0.598437 0.473218 0.610937 0.473218 0.612500 0.471138 0.614062 0.462817 0.614062 0.462817 0.659375 0.471138 0.659375 0.473218 0.660937 0.473218 0.662500 0.475298 0.664062 0.475298 0.665625 0.477378 0.667187 0.477378 0.668750 0.483618 0.673437 0.483618 0.675000 0.494019 0.682812 0.496099 0.682812 0.498179 0.684375 0.500259 0.684375 0.502339 0.685937 0.504419 0.685937 0.506499 0.687500 0.508579 0.687500 0.512739 0.690625 0.512739 0.695312 0.564741 0.695312 0.564741 0.690625 0.568901 0.687500 0.570981 0.687500 0.573062 0.685937 0.575142 0.685937 0.577222 0.684375 0.579302 0.684375 0.585542 0.679688 0.587622 0.679688 0.589702 0.678125 0.589702 0.676562 0.598022 0.670312 0.598022 0.668750 0.600103 0.667187 0.600103 0.665625 0.604263 0.662500 0.610503 0.662500 0.610503 0.615625 0.604263 0.615625 0.600103 0.612500 0.600103 0.610937 0.595942 0.607813 0.595942 0.606250 0.585542 0.598437 0.583462 0.598437 0.577222 0.593750 0.575142 0.593750 0.573062 0.592187 0.570981 0.592187 0.566821 0.589062 0.566821 0.584375
1 0.219448 0.028125 0.219448 0.032812 0.215288 0.035937 0.211128 0.035937 0.209048 0.037500 0.206968 0.037500 0.204888 0.039062 0.202808 0.039062 0.198647 0.042187 0.196567 0.042187 0.194487 0.043750 0.192407 0.043750 0.188247 0.046875 0.186167 0.046875 0.182007 0.050000 0.179927 0.050000 0.173687 0.054688 0.171606 0.054688 0.169526 0.056250 0.167446 0.056250 0.159126 0.062500 0.157046 0.062500 0.142485 0.073437 0.142485 0.075000 0.134165 0.081250 0.134165 0.082812 0.130005 0.085938 0.130005 0.087500 0.123765 0.092187 0.123765 0.093750 0.121685 0.095312 0.121685 0.096875 0.117524 0.100000 0.117524 0.101562 0.111284 0.106250 0.105044 0.106250 0.105044 0.196875 0.115444 0.196875 0.117524 0.198437 0.119604 0.198437 0.121685 0.200000 0.121685 0.201562 0.123765 0.203125 0.123765 0.204687 0.132085 0.210938 0.134165 0.210938 0.138325 0.214062 0.140405 0.214062 0.142485 0.215625 0.142485 0.220312 0.281851 0.220312 0.281851 0.215625 0.286011 0.212500 0.288091 0.212500 0.290171 0.210938 0.292251 0.210938 0.294331 0.209375 0.296411 0.209375 0.298491 0.207812 0.302651 0.207812 0.302651 0.206250 0.304731 0.204687 0.304731 0.201562 0.302651 0.200000 0.300571 0.200000 0.298491 0.198437 0.296411 0.198437 0.286011 0.190625 0.286011 0.189062 0.288091 0.187500 0.288091 0.185937 0.290171 0.184375 0.290171 0.178125 0.292251 0.176562 0.292251 0.173437 0.294331 0.171875 0.294331 0.170312 0.298491 0.167187 0.300571 0.167187 0.300571 0.165625 0.306812 0.160937 0.306812 0.159375 0.313052 0.154687 0.313052 0.153125 0.315132 0.151562 0.317212 0.151562 0.321372 0.148437 0.323452 0.148437 0.327612 0.145312 0.329692 0.145312 0.331772 0.143750 0.335933 0.143750 0.340093 0.140625 0.342173 0.140625 0.346333 0.137500 0.348413 0.137500 0.356733 0.131250 0.358813 0.131250 0.365054 0.126562 0.365054 0.125000 0.371294 0.120312 0.371294 0.118750 0.373374 0.117188 0.373374 0.115625 0.375454 0.114062 0.375454 0.110937 0.379614 0.107812 0.385854 0.107812 0.385854 0.070312 0.379614 0.070312 0.377534 0.068750 0.377534 0.067187 0.375454 0.065625 0.375454 0.064062 0.373374 0.062500 0.373374 0.060937 0.371294 0.059375 0.371294 0.057812 0.356733 0.046875 0.354653 0.046875 0.352573 0.045312 0.350493 0.045312 0.348413 0.043750 0.346333 0.043750 0.344253 0.042187 0.342173 0.042187 0.340093 0.040625 0.338013 0.040625 0.335933 0.039062 0.333853 0.039062 0.331772 0.037500 0.327612 0.037500 0.325532 0.035937 0.321372 0.035937 0.317212 0.032812 0.317212 0.028125
2 0.591782 0.384375 0.591782 0.389062 0.587622 0.392187 0.585542 0.392187 0.583462 0.393750 0.581382 0.393750 0.573062 0.400000 0.570981 0.400000 0.564741 0.404687 0.564741 0.406250 0.558501 0.410937 0.558501 0.412500 0.556421 0.414062 0.556421 0.417187 0.552261 0.420312 0.546021 0.420312 0.546021 0.453125 0.552261 0.453125 0.556421 0.456250 0.556421 0.459375 0.560581 0.462500 0.560581 0.464062 0.568901 0.470312 0.568901 0.471875 0.570981 0.473437 0.573062 0.473437 0.581382 0.479687 0.583462 0.479687 0.589702 0.484375 0.589702 0.489062 0.647944 0.489062 0.647944 0.484375 0.654185 0.479687 0.656265 0.479687 0.658345 0.478125 0.660425 0.478125 0.674985 0.467187 0.674985 0.465625 0.679145 0.462500 0.679145 0.460938 0.681226 0.459375 0.681226 0.456250 0.683306 0.454687 0.683306 0.451562 0.685386 0.450000 0.685386 0.448437 0.687466 0.446875 0.693706 0.446875 0.693706 0.426562 0.687466 0.426562 0.685386 0.425000 0.685386 0.423437 0.683306 0.421875 0.683306 0.420312 0.681226 0.418750 0.681226 0.415625 0.677065 0.412500 0.677065 0.410937 0.672905 0.407812 0.672905 0.406250 0.668745 0.403125 0.668745 0.401562 0.664585 0.398438 0.662505 0.398438 0.658345 0.395312 0.656265 0.395312 0.652104 0.392187 0.650024 0.392187 0.645864 0.389062 0.645864 0.384375
2 0.258970 0.621875 0.258970 0.626562 0.254810 0.629687 0.250649 0.629687 0.248569 0.631250 0.246489 0.631250 0.238169 0.637500 0.236089 0.637500 0.225688 0.645312 0.225688 0.646875 0.219448 0.651562 0.213208 0.651562 0.213208 0.696875 0.219448 0.696875 0.225688 0.701562 0.225688 0.703125 0.229849 0.706250 0.229849 0.707812 0.240249 0.715625 0.242329 0.715625 0.246489 0.718750 0.248569 0.718750 0.250649 0.720312 0.250649 0.726562 0.302651 0.726562 0.302651 0.721875 0.308892 0.717187 0.310972 0.717187 0.313052 0.715625 0.315132 0.715625 0.331772 0.703125 0.331772 0.701562 0.335933 0.698437 0.335933 0.696875 0.338013 0.695312 0.338013 0.693750 0.340093 0.692187 0.340093 0.689062 0.342173 0.687500 0.342173 0.684375 0.346333 0.681250 0.352573 0.681250 0.352573 0.664062 0.344253 0.664062 0.340093 0.660937 0.340093 0.659375 0.338013 0.657812 0.338013 0.656250 0.335933 0.654687 0.335933 0.653125 0.333853 0.651562 0.333853 0.650000 0.331772 0.648438 0.331772 0.646875 0.327612 0.643750 0.327612 0.642187 0.323452 0.639062 0.323452 0.637500 0.315132 0.631250 0.313052 0.631250 0.310972 0.629687 0.308892 0.629687 0.304731 0.626562 0.304731 0.621875
2 0.369214 0.315625 0.369214 0.321875 0.367134 0.323437 0.365054 0.323437 0.362974 0.325000 0.358813 0.325000 0.356733 0.326562 0.354653 0.326562 0.350493 0.329687 0.348413 0.329687 0.333853 0.340625 0.333853 0.342187 0.331772 0.343750 0.331772 0.345312 0.327612 0.348437 0.321372 0.348437 0.321372 0.392187 0.327612 0.392187 0.333853 0.396875 0.333853 0.398438 0.338013 0.401562 0.340093 0.401562 0.344253 0.404687 0.346333 0.404687 0.348413 0.406250 0.350493 0.406250 0.354653 0.409375 0.358813 0.409375 0.360894 0.410937 0.362974 0.410937 0.365054 0.412500 0.367134 0.412500 0.371294 0.415625 0.375454 0.415625 0.377534 0.417187 0.379614 0.417187 0.381694 0.418750 0.383774 0.418750 0.387935 0.421875 0.387935 0.426562 0.408735 0.426562 0.408735 0.421875 0.410815 0.420312 0.410815 0.418750 0.414976 0.415625 0.417056 0.415625 0.425376 0.409375 0.427456 0.409375 0.431616 0.406250 0.433696 0.406250 0.435776 0.404687 0.437856 0.404687 0.442017 0.401562 0.444097 0.401562 0.448257 0.398438 0.448257 0.396875 0.454497 0.392187 0.460737 0.392187 0.460737 0.351562 0.454497 0.351562 0.450337 0.348437 0.450337 0.346875 0.448257 0.345312 0.448257 0.343750 0.446177 0.342187 0.446177 0.340625 0.437856 0.334375 0.437856 0.332812 0.435776 0.331250 0.433696 0.331250 0.427456 0.326562 0.425376 0.326562 0.423296 0.325000 0.421216 0.325000 0.419136 0.323437 0.417056 0.323437 0.412896 0.320312 0.412896 0.315625
1 0.023921 0.934375 0.023921 0.942187 0.021841 0.943750 0.021841 0.945312 0.017681 0.948437 0.017681 0.951562 0.015601 0.953125 0.015601 0.956250 0.013521 0.957812 0.013521 0.959375 0.009360 0.962500 0.009360 0.965625 0.007280 0.967187 0.007280 0.968750 0.005200 0.970312 0.005200 0.971875 0.003120 0.973437 0.000000 0.973437 0.000000 0.998437 0.152886 0.998437 0.152886 0.990625 0.144565 0.990625 0.142485 0.989062 0.140405 0.989062 0.134165 0.984375 0.132085 0.984375 0.127925 0.981250 0.125845 0.981250 0.121685 0.978125 0.119604 0.978125 0.113364 0.973437 0.111284 0.973437 0.109204 0.971875 0.107124 0.971875 0.102964 0.968750 0.100884 0.968750 0.098804 0.967187 0.096724 0.967187 0.090483 0.962500 0.088403 0.962500 0.086323 0.960938 0.084243 0.960938 0.080083 0.957812 0.078003 0.957812 0.073843 0.954687 0.071763 0.954687 0.067603 0.951562 0.065522 0.951562 0.063442 0.950000 0.061362 0.950000 0.057202 0.946875 0.055122 0.946875 0.048882 0.942187 0.044722 0.942187 0.042642 0.940625 0.042642 0.934375
2 0.404575 0.795312 0.404575 0.792187 0.406655 0.790625 0.404575 0.789062 0.402495 0.789062 0.400415 0.787500 0.396255 0.787500 0.394175 0.785937 0.390015 0.785937 0.387935 0.784375 0.373374 0.784375 0.371294 0.782812 0.367134 0.782812 0.365054 0.784375 0.346333 0.784375 0.344253 0.785937 0.325532 0.785937 0.323452 0.787500 0.317212 0.787500 0.315132 0.789062 0.313052 0.789062 0.308892 0.792187 0.308892 0.793750 0.298491 0.801562 0.296411 0.801562 0.296411 0.803125 0.292251 0.806250 0.292251 0.807812 0.288091 0.810937 0.288091 0.812500 0.286011 0.814062 0.286011 0.818750 0.288091 0.818750 0.290171 0.820312 0.300571 0.820312 0.302651 0.818750 0.304731 0.818750 0.306812 0.817187 0.310972 0.817187 0.319292 0.810937 0.319292 0.809375 0.323452 0.806250 0.325532 0.806250 0.335933 0.798437 0.356733 0.798437 0.358813 0.800000 0.367134 0.800000 0.369214 0.801562 0.371294 0.801562 0.373374 0.800000 0.379614 0.800000 0.381694 0.798437 0.383774 0.798437 0.385854 0.796875 0.402495 0.796875 0.404575 0.795312 0.918354 0.795312 0.932915 0.806250 0.934995 0.806250 0.949556 0.817187 0.949556 0.818750 0.953716 0.821875 0.953716 0.823437 0.966196 0.832812 0.968276 0.832812 0.976597 0.839062 0.978677 0.839062 0.984917 0.843750 0.993237 0.843750 0.993237 0.998437 0.154966 0.998437 0.154966 0.996875 0.152886 0.995312 0.150806 0.995312 0.146646 0.992188 0.138325 0.992188 0.138325 0.851562 0.144565 0.851562 0.146646 0.853125 0.150806 0.853125 0.157046 0.857812 0.157046 0.859375 0.159126 0.860937 0.159126 0.862500 0.161206 0.864062 0.161206 0.868750 0.159126 0.870312 0.159126 0.871875 0.161206 0.873437 0.161206 0.875000 0.514819 0.778125 0.514819 0.776562 0.510659 0.773438 0.504419 0.773438 0.502339 0.771875 0.506499 0.768750 0.514819 0.768750 0.516899 0.767187 0.521060 0.767187 0.523140 0.765625 0.529380 0.765625 0.531460 0.764062 0.537700 0.764062 0.539780 0.765625 0.552261 0.765625 0.554341 0.767187 0.560581 0.767187 0.562661 0.768750 0.564741 0.768750 0.566821 0.770312 0.589702 0.770312 0.591782 0.768750 0.606343 0.768750 0.608423 0.767187 0.620903 0.767187 0.622983 0.765625 0.637544 0.765625 0.639624 0.764062 0.639624 0.759375 0.469058 0.759375 0.469058 0.764062 0.471138 0.765625 0.473218 0.764062 0.479458 0.764062 0.481538 0.765625 0.481538 0.767187 0.483618 0.768750 0.483618 0.770312 0.487778 0.773438 0.491938 0.773438 0.496099 0.776562 0.500259 0.776562 0.502339 0.778125 0.514819 0.778125 0.161206 0.875000 0.163286 0.876562 0.165366 0.876562 0.165366 0.879687 0.163286 0.881250 0.163286 0.885937 0.165366 0.887500 0.169526 0.887500 0.171606 0.889062 0.171606 0.890625 0.169526 0.890625 0.167446 0.889062 0.165366 0.889062 0.163286 0.887500 0.159126 0.887500 0.157046 0.889062 0.154966 0.889062 0.150806 0.892187 0.150806 0.903125 0.154966 0.906250 0.154966 0.907812 0.157046 0.909375 0.157046 0.912500 0.159126 0.914062 0.159126 0.915625 0.161206 0.917187 0.161206 0.918750 0.163286 0.920312 0.163286 0.921875 0.167446 0.925000 0.167446 0.926562 0.179927 0.935937 0.182007 0.935937 0.184087 0.937500 0.186167 0.937500 0.188247 0.939062 0.198647 0.939062 0.200728 0.940625 0.200728 0.943750 0.196567 0.946875 0.196567 0.951562 0.200728 0.954687 0.202808 0.954687 0.204888 0.956250 0.206968 0.954687 0.209048 0.954687 0.211128 0.953125 0.213208 0.953125 0.215288 0.951562 0.219448 0.951562 0.221528 0.950000 0.223608 0.950000 0.229849 0.945312 0.236089 0.945312 0.242329 0.940625 0.242329 0.939062 0.244409 0.939062 0.246489 0.937500 0.246489 0.935937 0.252729 0.931250 0.252729 0.929688 0.256890 0.926562 0.256890 0.925000 0.273530 0.912500 0.273530 0.910937 0.275610 0.910937 0.290171 0.900000 0.290171 0.898438 0.333853 0.865625 0.335933 0.865625 0.342173 0.860937 0.346333 0.860937 0.352573 0.856250 0.358813 0.856250 0.360894 0.854687 0.365054 0.854687 0.373374 0.848437 0.375454 0.848437 0.379614 0.845312 0.381694 0.845312 0.383774 0.843750 0.385854 0.843750 0.387935 0.842187 0.392095 0.842187 0.394175 0.840625 0.396255 0.840625 0.400415 0.837500 0.402495 0.837500 0.412896 0.829687 0.414976 0.829687 0.419136 0.826562 0.419136 0.825000 0.425376 0.820312 0.425376 0.818750 0.427456 0.817187 0.427456 0.815625 0.429536 0.814062 0.429536 0.812500 0.431616 0.810937 0.433696 0.810937 0.435776 0.809375 0.437856 0.809375 0.439936 0.807812 0.442017 0.807812 0.444097 0.806250 0.458657 0.806250 0.460737 0.807812 0.462817 0.806250 0.466978 0.806250 0.469058 0.804688 0.471138 0.804688 0.475298 0.801562 0.477378 0.801562 0.481538 0.798437 0.481538 0.792187 0.479458 0.790625 0.479458 0.789062 0.487778 0.789062 0.491938 0.792187 0.494019 0.792187 0.496099 0.793750 0.500259 0.793750 0.504419 0.796875 0.506499 0.796875 0.508579 0.795312 0.512739 0.795312 0.514819 0.793750 0.516899 0.793750 0.518979 0.792187 0.521060 0.792187 0.527300 0.787500 0.529380 0.787500 0.531460 0.785937 0.535620 0.785937 0.537700 0.784375 0.548101 0.784375 0.550181 0.782812 0.554341 0.782812 0.556421 0.784375 0.589702 0.784375 0.591782 0.785937 0.625063 0.785937 0.627144 0.784375 0.666665 0.784375 0.668745 0.782812 0.672905 0.782812 0.674985 0.781250 0.677065 0.781250 0.679145 0.779687 0.681226 0.779687 0.683306 0.778125 0.685386 0.778125 0.689546 0.775000 0.691626 0.775000 0.697866 0.770312 0.699946 0.770312 0.702026 0.768750 0.704106 0.768750 0.706186 0.767187 0.710347 0.767187 0.714507 0.764062 0.714507 0.759375 0.835151 0.759375 0.835151 0.764062 0.839311 0.767187 0.845552 0.767187 0.847632 0.768750 0.851792 0.768750 0.853872 0.770312 0.858032 0.770312 0.860112 0.771875 0.862192 0.771875 0.864272 0.773438 0.866352 0.773438 0.868433 0.775000 0.870513 0.775000 0.872593 0.776562 0.874673 0.776562 0.878833 0.779687 0.880913 0.779687 0.882993 0.781250 0.887153 0.781250 0.889233 0.782812 0.891313 0.782812 0.893394 0.784375 0.895474 0.784375 0.899634 0.787500 0.901714 0.787500 0.903794 0.789062 0.905874 0.789062 0.910034 0.792187 0.912114 0.792187 0.916274 0.795312 0.918354 0.795312