1 0.589185 0.353125 0.589185 0.357812 0.595425 0.362500 0.597505 0.362500 0.599585 0.364062 0.618306 0.364062 0.620386 0.362500 0.622466 0.364062 0.626626 0.364062 0.630786 0.367188 0.632866 0.367188 0.649507 0.379687 0.649507 0.381250 0.651587 0.382812 0.651587 0.384375 0.653667 0.385937 0.661987 0.385937 0.661987 0.432812 0.655747 0.432812 0.651587 0.435937 0.651587 0.437500 0.649507 0.439062 0.649507 0.440625 0.637026 0.450000 0.634946 0.450000 0.630786 0.453125 0.628706 0.453125 0.624546 0.456250 0.620386 0.456250 0.616226 0.459375 0.616226 0.464062 0.576704 0.464062 0.576704 0.459375 0.572544 0.456250 0.570464 0.456250 0.568384 0.454687 0.566304 0.454687 0.562144 0.451562 0.560064 0.451562 0.557983 0.450000 0.555903 0.450000 0.551743 0.446875 0.549663 0.446875 0.547583 0.445312 0.547583 0.443750 0.539263 0.437500 0.539263 0.435937 0.537183 0.434375 0.537183 0.432812 0.535103 0.431250 0.535103 0.429688 0.533022 0.428125 0.533022 0.425000 0.528862 0.421875 0.522622 0.421875 0.522622 0.398438 0.528862 0.398438 0.530942 0.396875 0.530942 0.395312 0.533022 0.393750 0.533022 0.389062 0.535103 0.387500 0.535103 0.384375 0.539263 0.381250 0.539263 0.379687 0.547583 0.373437 0.549663 0.373437 0.553823 0.370312 0.555903 0.370312 0.557983 0.368750 0.560064 0.368750 0.564224 0.365625 0.566304 0.365625 0.570464 0.362500 0.574624 0.362500 0.576704 0.360937 0.580864 0.360937 0.582944 0.359375 0.585024 0.359375 0.587104 0.357812 0.587104 0.353125
0 0.489341 0.353125 0.489341 0.357812 0.493501 0.360937 0.495581 0.360937 0.497661 0.362500 0.499741 0.362500 0.503901 0.365625 0.505981 0.365625 0.522622 0.378125 0.522622 0.379687 0.524702 0.381250 0.524702 0.382812 0.526782 0.384375 0.526782 0.385937 0.530942 0.389062 0.537183 0.389062 0.537183 0.439062 0.530942 0.439062 0.503901 0.459375 0.501821 0.459375 0.493501 0.465625 0.493501 0.470312 0.431099 0.470312 0.431099 0.465625 0.426938 0.462500 0.424858 0.462500 0.422778 0.460938 0.420698 0.460938 0.414458 0.456250 0.412378 0.456250 0.397817 0.445312 0.397817 0.443750 0.393657 0.440625 0.393657 0.439062 0.391577 0.437500 0.391577 0.435937 0.387417 0.432812 0.381177 0.432812 0.381177 0.389062 0.387417 0.389062 0.391577 0.385937 0.391577 0.384375 0.393657 0.382812 0.393657 0.381250 0.397817 0.378125 0.397817 0.376562 0.414458 0.364062 0.416538 0.364062 0.420698 0.360937 0.422778 0.360937 0.426938 0.357812 0.426938 0.353125
1 0.439419 0.465625 0.439419 0.470312 0.443579 0.473437 0.445659 0.473437 0.447739 0.475000 0.449819 0.475000 0.468540 0.489062 0.468540 0.490625 0.474780 0.495312 0.474780 0.496875 0.476860 0.498437 0.476860 0.500000 0.478940 0.501562 0.478940 0.503125 0.481021 0.504687 0.487261 0.504687 0.487261 0.542187 0.481021 0.542187 0.476860 0.545312 0.476860 0.548437 0.474780 0.550000 0.474780 0.551562 0.472700 0.553125 0.472700 0.554687 0.464380 0.560937 0.464380 0.562500 0.453979 0.570312 0.451899 0.570312 0.449819 0.571875 0.447739 0.571875 0.445659 0.573437 0.443579 0.573437 0.437339 0.578125 0.437339 0.582812 0.372856 0.582812 0.372856 0.576562 0.370776 0.575000 0.368696 0.575000 0.366616 0.573437 0.364536 0.573437 0.360376 0.570312 0.358296 0.570312 0.352056 0.565625 0.349976 0.565625 0.341655 0.559375 0.341655 0.557812 0.337495 0.554687 0.337495 0.551562 0.335415 0.550000 0.335415 0.548437 0.333335 0.546875 0.333335 0.543750 0.329175 0.540625 0.322935 0.540625 0.322935 0.515625 0.329175 0.515625 0.331255 0.514062 0.331255 0.512500 0.333335 0.510937 0.333335 0.507812 0.335415 0.506250 0.335415 0.504687 0.337495 0.503125 0.337495 0.501562 0.339575 0.500000 0.339575 0.498437 0.345815 0.493750 0.345815 0.492188 0.349976 0.489062 0.349976 0.487500 0.352056 0.487500 0.354136 0.485937 0.356216 0.485937 0.362456 0.481250 0.364536 0.481250 0.366616 0.479687 0.368696 0.479687 0.370776 0.478125 0.372856 0.478125 0.379097 0.473437 0.383257 0.473437 0.387417 0.470312 0.387417 0.465625
1 0.697349 0.615625 0.697349 0.620312 0.699429 0.621875 0.701509 0.621875 0.703589 0.623438 0.707749 0.623438 0.709829 0.625000 0.711909 0.625000 0.716069 0.628125 0.718149 0.628125 0.722310 0.631250 0.724390 0.631250 0.736870 0.640625 0.736870 0.642187 0.747271 0.650000 0.753511 0.650000 0.753511 0.715625 0.745190 0.715625 0.743110 0.717187 0.741030 0.717187 0.738950 0.718750 0.738950 0.720312 0.736870 0.721875 0.734790 0.721875 0.730630 0.725000 0.730630 0.726562 0.720230 0.734375 0.718149 0.734375 0.713989 0.737500 0.711909 0.737500 0.709829 0.739062 0.709829 0.745312 0.649507 0.745312 0.649507 0.740625 0.645347 0.737500 0.643267 0.737500 0.641187 0.735937 0.639106 0.735937 0.637026 0.734375 0.634946 0.734375 0.630786 0.731250 0.628706 0.731250 0.622466 0.726562 0.620386 0.726562 0.603745 0.714062 0.597505 0.714062 0.597505 0.653125 0.603745 0.653125 0.609985 0.648438 0.609985 0.646875 0.612065 0.645312 0.612065 0.643750 0.637026 0.625000 0.641187 0.625000 0.643267 0.623438 0.645347 0.623438 0.647427 0.621875 0.649507 0.621875 0.651587 0.620312 0.651587 0.615625
0 0.691108 0.490625 0.691108 0.495312 0.695269 0.498437 0.697349 0.498437 0.699429 0.500000 0.701509 0.500000 0.703589 0.501562 0.705669 0.501562 0.711909 0.506250 0.713989 0.506250 0.716069 0.507812 0.718149 0.507812 0.726470 0.514062 0.726470 0.515625 0.732710 0.520312 0.732710 0.521875 0.734790 0.523437 0.734790 0.525000 0.738950 0.528125 0.745190 0.528125 0.745190 0.568750 0.738950 0.568750 0.734790 0.571875 0.734790 0.573437 0.732710 0.575000 0.732710 0.576562 0.726470 0.581250 0.726470 0.582812 0.711909 0.593750 0.709829 0.593750 0.703589 0.598437 0.701509 0.598437 0.699429 0.600000 0.697349 0.600000 0.693188 0.603125 0.693188 0.607813 0.647427 0.607813 0.647427 0.603125 0.643267 0.600000 0.641187 0.600000 0.639106 0.598437 0.634946 0.598437 0.632866 0.596875 0.630786 0.596875 0.626626 0.593750 0.624546 0.593750 0.609985 0.582812 0.609985 0.581250 0.607905 0.579687 0.607905 0.578125 0.603745 0.575000 0.603745 0.573437 0.601665 0.571875 0.601665 0.570312 0.599585 0.568750 0.599585 0.565625 0.595425 0.562500 0.589185 0.562500 0.589185 0.539062 0.595425 0.539062 0.599585 0.535937 0.599585 0.532812 0.601665 0.531250 0.601665 0.528125 0.603745 0.526562 0.603745 0.525000 0.605825 0.523437 0.605825 0.521875 0.609985 0.518750 0.609985 0.517187 0.612065 0.515625 0.612065 0.514062 0.622466 0.506250 0.624546 0.506250 0.628706 0.503125 0.630786 0.503125 0.634946 0.500000 0.637026 0.500000 0.639106 0.498437 0.641187 0.498437 0.645347 0.495312 0.645347 0.490625
2 0.395737 0.871875 0.395737 0.878125 0.401978 0.882812 0.401978 0.884375 0.404058 0.885937 0.404058 0.887500 0.408218 0.890625 0.408218 0.893750 0.410298 0.895312 0.410298 0.896875 0.414458 0.900000 0.420698 0.900000 0.420698 0.956250 0.414458 0.956250 0.412378 0.957812 0.412378 0.959375 0.410298 0.960938 0.410298 0.964062 0.408218 0.965625 0.408218 0.967187 0.406138 0.968750 0.406138 0.971875 0.404058 0.973437 0.404058 0.976562 0.389497 0.987500 0.387417 0.987500 0.383257 0.990625 0.381177 0.990625 0.377017 0.993750 0.374937 0.993750 0.370776 0.996875 0.370776 0.998437 0.121167 0.998437 0.121167 0.996875 0.112847 0.990625 0.106606 0.990625 0.106606 0.929688 0.112847 0.929688 0.117007 0.926562 0.117007 0.923437 0.119087 0.921875 0.119087 0.920312 0.125327 0.915625 0.125327 0.914062 0.127407 0.912500 0.127407 0.910937 0.150288 0.893750 0.152368 0.893750 0.154448 0.892187 0.156528 0.892187 0.160689 0.889062 0.162769 0.889062 0.164849 0.887500 0.166929 0.887500 0.169009 0.885937 0.173169 0.885937 0.175249 0.884375 0.181489 0.884375 0.183569 0.882812 0.189810 0.882812 0.191890 0.881250 0.208530 0.881250 0.210610 0.879687 0.231411 0.879687 0.233491 0.878125 0.241812 0.878125 0.243892 0.876562 0.243892 0.871875
2 0.572544 0.459375 0.572544 0.464062 0.576704 0.467187 0.578784 0.467187 0.587104 0.473437 0.589185 0.473437 0.599585 0.481250 0.599585 0.482812 0.601665 0.484375 0.601665 0.485937 0.605825 0.489062 0.612065 0.489062 0.612065 0.529687 0.605825 0.529687 0.597505 0.535937 0.597505 0.537500 0.595425 0.539062 0.595425 0.540625 0.589185 0.545312 0.587104 0.545312 0.580864 0.550000 0.578784 0.550000 0.574624 0.553125 0.574624 0.557812 0.518462 0.557812 0.518462 0.551562 0.516382 0.550000 0.514302 0.550000 0.512222 0.548437 0.510142 0.548437 0.503901 0.543750 0.503901 0.542187 0.501821 0.540625 0.501821 0.539062 0.499741 0.537500 0.499741 0.535937 0.497661 0.534375 0.497661 0.532812 0.491421 0.528125 0.491421 0.526562 0.487261 0.523437 0.481021 0.523437 0.481021 0.482812 0.489341 0.482812 0.501821 0.473437 0.503901 0.473437 0.505981 0.471875 0.508062 0.471875 0.510142 0.470312 0.512222 0.470312 0.514302 0.468750 0.516382 0.468750 0.518462 0.467187 0.524702 0.467187 0.526782 0.465625 0.533022 0.465625 0.535103 0.467187 0.541343 0.467187 0.543423 0.465625 0.560064 0.465625 0.562144 0.464062 0.562144 0.459375
2 0.570464 0.253125 0.570464 0.257812 0.574624 0.260937 0.576704 0.260937 0.578784 0.262500 0.582944 0.262500 0.587104 0.265625 0.589185 0.265625 0.593345 0.268750 0.595425 0.268750 0.607905 0.278125 0.607905 0.279687 0.609985 0.281250 0.609985 0.282812 0.614146 0.285937 0.620386 0.285937 0.620386 0.339062 0.614146 0.339062 0.605825 0.345312 0.605825 0.346875 0.599585 0.351562 0.597505 0.351562 0.593345 0.354687 0.591265 0.354687 0.587104 0.357812 0.582944 0.357812 0.580864 0.359375 0.578784 0.359375 0.576704 0.360937 0.572544 0.360937 0.570464 0.362500 0.566304 0.362500 0.562144 0.365625 0.562144 0.370312 0.530942 0.370312 0.530942 0.365625 0.526782 0.362500 0.522622 0.362500 0.520542 0.360937 0.518462 0.360937 0.516382 0.359375 0.514302 0.359375 0.512222 0.357812 0.508062 0.357812 0.505981 0.356250 0.501821 0.356250 0.499741 0.354687 0.497661 0.354687 0.497661 0.353125 0.493501 0.350000 0.491421 0.350000 0.487261 0.346875 0.487261 0.345312 0.483101 0.342187 0.483101 0.340625 0.478940 0.337500 0.472700 0.337500 0.472700 0.285937 0.481021 0.285937 0.483101 0.284375 0.483101 0.282812 0.485181 0.281250 0.485181 0.279687 0.499741 0.268750 0.501821 0.268750 0.508062 0.264062 0.510142 0.264062 0.514302 0.260937 0.518462 0.260937 0.522622 0.257812 0.522622 0.253125
2 0.297974 0.409375 0.297974 0.414062 0.302134 0.417187 0.304214 0.417187 0.306294 0.418750 0.308374 0.418750 0.312534 0.421875 0.314614 0.421875 0.320855 0.426562 0.322935 0.426562 0.331255 0.432812 0.331255 0.434375 0.339575 0.440625 0.339575 0.442187 0.341655 0.443750 0.341655 0.445312 0.343735 0.446875 0.343735 0.448437 0.347896 0.451562 0.354136 0.451562 0.354136 0.485937 0.347896 0.485937 0.343735 0.489062 0.343735 0.490625 0.341655 0.492188 0.341655 0.493750 0.337495 0.496875 0.337495 0.498437 0.333335 0.501562 0.333335 0.503125 0.329175 0.506250 0.329175 0.507812 0.318774 0.515625 0.316694 0.515625 0.310454 0.520312 0.308374 0.520312 0.304214 0.523437 0.300054 0.523437 0.297974 0.525000 0.295894 0.525000 0.293814 0.526562 0.291733 0.526562 0.289653 0.528125 0.289653 0.532812 0.235571 0.532812 0.235571 0.528125 0.231411 0.525000 0.229331 0.525000 0.225171 0.521875 0.223091 0.521875 0.214771 0.515625 0.212690 0.515625 0.212690 0.514062 0.200210 0.504687 0.200210 0.503125 0.198130 0.501562 0.189810 0.501562 0.189810 0.442187 0.198130 0.442187 0.200210 0.440625 0.200210 0.439062 0.206450 0.434375 0.206450 0.432812 0.216851 0.425000 0.218931 0.425000 0.225171 0.420312 0.227251 0.420312 0.229331 0.418750 0.231411 0.418750 0.233491 0.417187 0.235571 0.417187 0.239731 0.414062 0.239731 0.409375
1 0.657827 0.784375 0.657827 0.789062 0.664067 0.793750 0.666147 0.793750 0.668228 0.795312 0.670308 0.795312 0.672388 0.796875 0.672388 0.806250 0.670308 0.807812 0.670308 0.809375 0.666147 0.812500 0.664067 0.812500 0.659907 0.815625 0.657827 0.815625 0.653667 0.818750 0.653667 0.821875 0.655747 0.823437 0.657827 0.823437 0.668228 0.831250 0.670308 0.831250 0.684868 0.842187 0.684868 0.843750 0.689028 0.846875 0.695269 0.846875 0.695269 0.904687 0.689028 0.904687 0.684868 0.907812 0.684868 0.910937 0.682788 0.912500 0.682788 0.914062 0.680708 0.915625 0.680708 0.917187 0.676548 0.920312 0.676548 0.921875 0.674468 0.923437 0.674468 0.925000 0.672388 0.926562 0.672388 0.928125 0.666147 0.932812 0.666147 0.934375 0.647427 0.948437 0.645347 0.948437 0.643267 0.950000 0.641187 0.950000 0.637026 0.953125 0.634946 0.953125 0.632866 0.954687 0.628706 0.954687 0.626626 0.956250 0.624546 0.956250 0.620386 0.959375 0.620386 0.964062 0.578784 0.964062 0.578784 0.957812 0.576704 0.956250 0.574624 0.956250 0.572544 0.954687 0.568384 0.954687 0.566304 0.953125 0.541343 0.953125 0.539263 0.951562 0.537183 0.951562 0.537183 0.950000 0.535103 0.948437 0.535103 0.946875 0.533022 0.945312 0.533022 0.943750 0.535103 0.942187 0.535103 0.940625 0.522622 0.931250 0.522622 0.929688 0.518462 0.926562 0.518462 0.925000 0.516382 0.923437 0.516382 0.921875 0.514302 0.920312 0.514302 0.917187 0.512222 0.915625 0.512222 0.914062 0.510142 0.912500 0.510142 0.909375 0.508062 0.907812 0.508062 0.906250 0.503901 0.903125 0.497661 0.903125 0.497661 0.862500 0.503901 0.862500 0.508062 0.859375 0.508062 0.857812 0.516382 0.851562 0.518462 0.851562 0.520542 0.850000 0.522622 0.850000 0.533022 0.842187 0.533022 0.840625 0.535103 0.839062 0.535103 0.832812 0.537183 0.831250 0.537183 0.826562 0.539263 0.825000 0.539263 0.821875 0.541343 0.820312 0.541343 0.818750 0.543423 0.817187 0.543423 0.815625 0.545503 0.814062 0.545503 0.812500 0.551743 0.807812 0.551743 0.806250 0.566304 0.795312 0.568384 0.795312 0.572544 0.792187 0.574624 0.792187 0.576704 0.790625 0.576704 0.784375
2 0.526782 0.584375 0.526782 0.589062 0.528862 0.590625 0.530942 0.590625 0.533022 0.592187 0.535103 0.592187 0.537183 0.593750 0.539263 0.593750 0.541343 0.595312 0.543423 0.595312 0.547583 0.598437 0.549663 0.598437 0.551743 0.600000 0.553823 0.600000 0.566304 0.609375 0.566304 0.610937 0.572544 0.615625 0.572544 0.617188 0.574624 0.618750 0.574624 0.621875 0.576704 0.623438 0.576704 0.625000 0.580864 0.628125 0.587104 0.628125 0.587104 0.665625 0.580864 0.665625 0.576704 0.668750 0.576704 0.670312 0.574624 0.671875 0.574624 0.673437 0.566304 0.679688 0.566304 0.681250 0.555903 0.689062 0.553823 0.689062 0.549663 0.692187 0.547583 0.692187 0.541343 0.696875 0.541343 0.701562 0.476860 0.701562 0.476860 0.696875 0.470620 0.692187 0.468540 0.692187 0.458140 0.684375 0.456060 0.684375 0.453979 0.682812 0.453979 0.681250 0.447739 0.676562 0.447739 0.675000 0.445659 0.673437 0.445659 0.671875 0.443579 0.670312 0.443579 0.668750 0.441499 0.667187 0.441499 0.664062 0.437339 0.660937 0.431099 0.660937 0.431099 0.631250 0.437339 0.631250 0.441499 0.628125 0.441499 0.626562 0.443579 0.625000 0.443579 0.621875 0.445659 0.620312 0.445659 0.618750 0.449819 0.615625 0.449819 0.614062 0.453979 0.610937 0.453979 0.609375 0.466460 0.600000 0.468540 0.600000 0.472700 0.596875 0.474780 0.596875 0.478940 0.593750 0.483101 0.593750 0.485181 0.592187 0.487261 0.592187 0.491421 0.589062 0.491421 0.584375
2 0.730630 0.396875 0.730630 0.401562 0.734790 0.404687 0.738950 0.404687 0.741030 0.406250 0.743110 0.406250 0.745190 0.407812 0.747271 0.407812 0.749351 0.409375 0.751431 0.409375 0.753511 0.410937 0.755591 0.410937 0.759751 0.414062 0.761831 0.414062 0.774312 0.423437 0.774312 0.425000 0.780552 0.429688 0.786792 0.429688 0.786792 0.481250 0.780552 0.481250 0.774312 0.485937 0.774312 0.487500 0.761831 0.496875 0.759751 0.496875 0.755591 0.500000 0.753511 0.500000 0.749351 0.503125 0.749351 0.507812 0.709829 0.507812 0.709829 0.503125 0.707749 0.501562 0.705669 0.501562 0.703589 0.500000 0.701509 0.500000 0.699429 0.498437 0.697349 0.498437 0.695269 0.496875 0.691108 0.496875 0.689028 0.495312 0.686948 0.495312 0.684868 0.493750 0.682788 0.493750 0.678628 0.490625 0.674468 0.490625 0.672388 0.489062 0.670308 0.489062 0.664067 0.484375 0.664067 0.482812 0.657827 0.478125 0.657827 0.476562 0.653667 0.473437 0.647427 0.473437 0.647427 0.440625 0.653667 0.440625 0.657827 0.437500 0.657827 0.435937 0.659907 0.434375 0.659907 0.432812 0.661987 0.431250 0.661987 0.429688 0.664067 0.428125 0.664067 0.425000 0.666147 0.423437 0.666147 0.421875 0.670308 0.418750 0.670308 0.417187 0.678628 0.410937 0.680708 0.410937 0.686948 0.406250 0.689028 0.406250 0.691108 0.404687 0.695269 0.404687 0.699429 0.401562 0.699429 0.396875
1 0.401978 0.964062 0.401978 0.965625 0.404058 0.967187 0.404058 0.975000 0.401978 0.976562 0.401978 0.978125 0.393657 0.984375 0.391577 0.984375 0.389497 0.985937 0.381177 0.985937 0.381177 0.957812 0.395737 0.957812 0.399897 0.960938 0.399897 0.962500 0.401978 0.964062 0.410298 0.962500 0.410298 0.943750 0.412378 0.942187 0.412378 0.937500 0.414458 0.935937 0.414458 0.932812 0.416538 0.931250 0.416538 0.929688 0.418618 0.928125 0.418618 0.926562 0.420698 0.925000 0.420698 0.923437 0.424858 0.920312 0.431099 0.920312 0.433179 0.918750 0.435259 0.918750 0.437339 0.917187 0.501821 0.917187 0.503901 0.918750 0.508062 0.918750 0.518462 0.926562 0.518462 0.929688 0.520542 0.931250 0.520542 0.932812 0.522622 0.934375 0.522622 0.935937 0.524702 0.937500 0.524702 0.940625 0.526782 0.942187 0.526782 0.945312 0.528862 0.946875 0.528862 0.948437 0.533022 0.951562 0.533022 0.953125 0.535103 0.954687 0.535103 0.956250 0.537183 0.957812 0.537183 0.959375 0.539263 0.960938 0.545503 0.960938 0.545503 0.998437 0.422778 0.998437 0.422778 0.996875 0.424858 0.995312 0.424858 0.978125 0.422778 0.976562 0.422778 0.973437 0.420698 0.971875 0.420698 0.970312 0.410298 0.962500
1 0.649507 0.971875 0.649507 0.976562 0.672388 0.993750 0.678628 0.993750 0.678628 0.998437 0.580864 0.998437 0.580864 0.992188 0.589185 0.992188 0.593345 0.989062 0.593345 0.987500 0.595425 0.985937 0.597505 0.985937 0.599585 0.984375 0.599585 0.982812 0.603745 0.979687 0.605825 0.979687 0.607905 0.978125 0.607905 0.971875