0 0.735938 0.495833 0.735938 0.502083 0.739062 0.506250 0.740625 0.506250 0.742188 0.508333 0.743750 0.508333 0.756250 0.525000 0.756250 0.527083 0.757812 0.529167 0.757812 0.533333 0.760937 0.537500 0.765625 0.537500 0.765625 0.579167 0.760937 0.579167 0.757812 0.583333 0.757812 0.585417 0.756250 0.587500 0.756250 0.589583 0.743750 0.606250 0.742188 0.606250 0.740625 0.608333 0.739062 0.608333 0.735938 0.612500 0.735938 0.618750 0.695312 0.618750 0.695312 0.612500 0.692187 0.608333 0.690625 0.608333 0.687500 0.604167 0.685937 0.604167 0.682813 0.600000 0.682813 0.597917 0.676562 0.589583 0.676562 0.587500 0.671875 0.581250 0.667188 0.581250 0.667188 0.525000 0.673438 0.525000 0.681250 0.514583 0.682813 0.514583 0.685937 0.510417 0.687500 0.510417 0.690625 0.506250 0.693750 0.506250 0.695312 0.504167 0.696875 0.504167 0.698438 0.502083 0.698438 0.495833
0 0.360937 0.579167 0.360937 0.585417 0.364062 0.589583 0.367188 0.589583 0.368750 0.591667 0.370313 0.591667 0.375000 0.597917 0.376562 0.597917 0.381250 0.604167 0.381250 0.606250 0.384375 0.610417 0.384375 0.612500 0.385938 0.614583 0.385938 0.618750 0.387500 0.620833 0.387500 0.625000 0.389063 0.627083 0.389063 0.629167 0.390625 0.631250 0.390625 0.633333 0.392187 0.635417 0.392187 0.637500 0.398438 0.645833 0.403125 0.645833 0.403125 0.687500 0.398438 0.687500 0.395312 0.691667 0.395312 0.693750 0.389063 0.702083 0.389063 0.704167 0.375000 0.722917 0.373438 0.722917 0.371875 0.725000 0.370313 0.725000 0.368750 0.727083 0.368750 0.735417 0.318750 0.735417 0.318750 0.729167 0.314062 0.722917 0.312500 0.722917 0.304688 0.712500 0.303125 0.712500 0.303125 0.710417 0.296875 0.702083 0.296875 0.700000 0.293750 0.695833 0.293750 0.693750 0.292188 0.691667 0.285937 0.691667 0.285937 0.625000 0.290625 0.625000 0.293750 0.620833 0.293750 0.618750 0.296875 0.614583 0.296875 0.612500 0.307813 0.597917 0.309375 0.597917 0.314062 0.591667 0.315625 0.591667 0.317187 0.589583 0.318750 0.589583 0.321875 0.585417 0.321875 0.579167
0 0.573438 0.604167 0.573438 0.610417 0.576562 0.614583 0.578125 0.614583 0.579688 0.616667 0.581250 0.616667 0.595313 0.635417 0.595313 0.637500 0.598437 0.641667 0.603125 0.641667 0.603125 0.708333 0.598437 0.708333 0.593750 0.714583 0.593750 0.716667 0.581250 0.733333 0.579688 0.733333 0.576562 0.737500 0.575000 0.737500 0.573438 0.739583 0.571875 0.739583 0.570312 0.741667 0.568750 0.741667 0.567187 0.743750 0.567187 0.752083 0.531250 0.752083 0.531250 0.745833 0.528125 0.741667 0.526563 0.741667 0.525000 0.739583 0.523438 0.739583 0.521875 0.737500 0.520312 0.737500 0.514062 0.729167 0.512500 0.729167 0.510938 0.727083 0.510938 0.725000 0.503125 0.714583 0.503125 0.712500 0.501563 0.710417 0.501563 0.708333 0.500000 0.706250 0.500000 0.704167 0.498438 0.702083 0.498438 0.700000 0.496875 0.697917 0.492188 0.697917 0.492188 0.652083 0.496875 0.652083 0.500000 0.647917 0.500000 0.643750 0.501563 0.641667 0.501563 0.639583 0.506250 0.633333 0.506250 0.631250 0.518750 0.614583 0.520312 0.614583 0.523438 0.610417 0.523438 0.604167
0 0.603125 0.354167 0.603125 0.360417 0.606250 0.364583 0.607812 0.364583 0.609375 0.366667 0.610938 0.366667 0.615625 0.372917 0.617188 0.372917 0.623437 0.381250 0.623437 0.383333 0.626563 0.387500 0.626563 0.389583 0.629687 0.393750 0.634375 0.393750 0.634375 0.435417 0.629687 0.435417 0.628125 0.437500 0.628125 0.439583 0.626563 0.441667 0.626563 0.445833 0.625000 0.447917 0.625000 0.450000 0.620313 0.456250 0.620313 0.458333 0.609375 0.472917 0.607812 0.472917 0.606250 0.475000 0.604688 0.475000 0.601562 0.479167 0.601562 0.485417 0.570312 0.485417 0.570312 0.479167 0.567187 0.475000 0.565625 0.475000 0.559375 0.466667 0.557813 0.466667 0.554688 0.462500 0.554688 0.460417 0.548438 0.452083 0.548438 0.450000 0.545312 0.445833 0.545312 0.443750 0.543750 0.441667 0.543750 0.435417 0.542188 0.433333 0.542188 0.429167 0.540625 0.427083 0.535937 0.427083 0.535937 0.397917 0.540625 0.397917 0.542188 0.395833 0.542188 0.391667 0.543750 0.389583 0.543750 0.385417 0.545312 0.383333 0.545312 0.381250 0.553125 0.370833 0.554688 0.370833 0.559375 0.364583 0.560937 0.364583 0.564063 0.360417 0.564063 0.354167
1 0.453125 0.537500 0.453125 0.543750 0.460938 0.554167 0.460938 0.556250 0.464063 0.560417 0.464063 0.562500 0.467188 0.566667 0.467188 0.568750 0.473437 0.577083 0.473437 0.579167 0.476562 0.583333 0.476562 0.587500 0.479688 0.591667 0.484375 0.591667 0.484375 0.637500 0.479688 0.637500 0.476562 0.641667 0.476562 0.643750 0.475000 0.645833 0.475000 0.647917 0.471875 0.652083 0.471875 0.654167 0.470312 0.656250 0.470312 0.658333 0.468750 0.660417 0.468750 0.662500 0.465625 0.666667 0.465625 0.668750 0.464063 0.670833 0.464063 0.677083 0.414062 0.677083 0.414062 0.668750 0.404688 0.656250 0.404688 0.654167 0.400000 0.647917 0.400000 0.645833 0.398438 0.643750 0.398438 0.641667 0.396875 0.639583 0.396875 0.637500 0.395312 0.635417 0.393750 0.635417 0.393750 0.631250 0.392187 0.629167 0.392187 0.618750 0.390625 0.616667 0.385938 0.616667 0.385938 0.600000 0.390625 0.600000 0.392187 0.597917 0.392187 0.589583 0.393750 0.587500 0.393750 0.581250 0.395312 0.579167 0.395312 0.575000 0.396875 0.572917 0.396875 0.568750 0.403125 0.560417 0.403125 0.558333 0.414062 0.543750 0.414062 0.537500
2 0.554688 0.212500 0.554688 0.218750 0.557813 0.222917 0.559375 0.222917 0.565625 0.231250 0.567187 0.231250 0.575000 0.241667 0.575000 0.243750 0.576562 0.245833 0.576562 0.247917 0.578125 0.250000 0.584375 0.250000 0.584375 0.310417 0.578125 0.310417 0.576562 0.312500 0.576562 0.314583 0.567187 0.327083 0.567187 0.329167 0.565625 0.329167 0.562500 0.333333 0.560937 0.333333 0.557813 0.337500 0.557813 0.343750 0.523438 0.343750 0.523438 0.337500 0.521875 0.335417 0.518750 0.335417 0.517188 0.337500 0.517188 0.343750 0.517188 0.337500 0.515625 0.335417 0.514062 0.335417 0.512500 0.333333 0.510938 0.333333 0.506250 0.327083 0.504687 0.327083 0.501563 0.322917 0.501563 0.320833 0.490625 0.306250 0.485937 0.306250 0.485937 0.243750 0.492188 0.243750 0.493750 0.241667 0.493750 0.239583 0.504687 0.225000 0.506250 0.225000 0.510938 0.218750 0.510938 0.212500
1 0.500000 0.320833 0.500000 0.327083 0.503125 0.331250 0.506250 0.331250 0.507812 0.333333 0.509375 0.333333 0.510938 0.335417 0.512500 0.335417 0.514062 0.337500 0.515625 0.337500 0.517188 0.339583 0.518750 0.339583 0.520312 0.341667 0.521875 0.341667 0.531250 0.354167 0.531250 0.356250 0.532813 0.358333 0.532813 0.360417 0.535937 0.364583 0.540625 0.364583 0.540625 0.416667 0.535937 0.416667 0.532813 0.420833 0.532813 0.422917 0.528125 0.429167 0.528125 0.431250 0.523438 0.437500 0.521875 0.437500 0.520312 0.439583 0.518750 0.439583 0.517188 0.441667 0.515625 0.441667 0.514062 0.443750 0.510938 0.443750 0.509375 0.445833 0.509375 0.452083 0.470312 0.452083 0.470312 0.445833 0.465625 0.439583 0.462500 0.439583 0.459375 0.435417 0.459375 0.433333 0.457812 0.431250 0.457812 0.427083 0.456250 0.425000 0.456250 0.420833 0.454687 0.418750 0.454687 0.414583 0.453125 0.412500 0.448438 0.412500 0.448438 0.410417 0.453125 0.410417 0.454687 0.408333 0.454687 0.402083 0.456250 0.400000 0.456250 0.385417 0.454687 0.383333 0.454687 0.379167 0.453125 0.377083 0.448438 0.377083 0.448438 0.360417 0.454687 0.360417 0.456250 0.358333 0.456250 0.354167 0.459375 0.350000 0.459375 0.347917 0.462500 0.343750 0.462500 0.341667 0.467188 0.335417 0.468750 0.335417 0.471875 0.331250 0.475000 0.331250 0.478125 0.327083 0.478125 0.320833
0 0.417188 0.312500 0.417188 0.318750 0.418750 0.320833 0.420313 0.320833 0.421875 0.322917 0.423437 0.322917 0.425000 0.325000 0.426562 0.325000 0.428125 0.327083 0.429688 0.327083 0.434375 0.333333 0.435938 0.333333 0.443750 0.343750 0.443750 0.345833 0.450000 0.354167 0.450000 0.356250 0.451563 0.358333 0.451563 0.360417 0.454687 0.364583 0.459375 0.364583 0.459375 0.412500 0.454687 0.412500 0.451563 0.416667 0.451563 0.418750 0.448438 0.422917 0.448438 0.425000 0.445312 0.429167 0.445312 0.431250 0.431250 0.450000 0.428125 0.450000 0.426562 0.452083 0.426562 0.460417 0.382812 0.460417 0.382812 0.454167 0.381250 0.452083 0.379687 0.452083 0.376562 0.447917 0.375000 0.447917 0.373438 0.445833 0.371875 0.445833 0.367188 0.439583 0.365625 0.439583 0.356250 0.427083 0.356250 0.425000 0.354688 0.422917 0.348437 0.422917 0.348437 0.354167 0.353125 0.354167 0.359375 0.345833 0.359375 0.343750 0.368750 0.331250 0.370313 0.331250 0.375000 0.325000 0.376562 0.325000 0.381250 0.318750 0.381250 0.312500
1 0.725000 0.270833 0.725000 0.277083 0.728125 0.281250 0.734375 0.281250 0.734375 0.350000 0.729688 0.350000 0.726562 0.354167 0.726562 0.356250 0.723437 0.360417 0.723437 0.362500 0.710938 0.379167 0.709375 0.379167 0.707812 0.381250 0.706250 0.381250 0.704688 0.383333 0.701562 0.383333 0.698438 0.387500 0.698438 0.393750 0.668750 0.393750 0.668750 0.387500 0.667188 0.385417 0.665625 0.385417 0.664062 0.383333 0.662500 0.383333 0.660937 0.381250 0.659375 0.381250 0.646875 0.364583 0.646875 0.362500 0.643750 0.358333 0.643750 0.356250 0.640625 0.352083 0.635938 0.352083 0.635938 0.304167 0.640625 0.304167 0.645312 0.297917 0.645312 0.295833 0.653125 0.285417 0.654687 0.285417 0.656250 0.283333 0.657813 0.283333 0.659375 0.281250 0.660937 0.281250 0.664062 0.277083 0.664062 0.270833 0.707812 0.270833 0.707812 0.277083 0.709375 0.279167 0.710938 0.279167 0.712500 0.281250 0.720313 0.281250 0.721875 0.279167 0.721875 0.270833
1 0.618750 0.487500 0.618750 0.493750 0.620313 0.495833 0.621875 0.495833 0.623437 0.497917 0.625000 0.497917 0.628125 0.502083 0.629687 0.502083 0.642188 0.518750 0.643750 0.518750 0.645312 0.520833 0.645312 0.522917 0.654687 0.535417 0.659375 0.535417 0.659375 0.562500 0.654687 0.562500 0.653125 0.564583 0.653125 0.570833 0.651563 0.572917 0.651563 0.575000 0.648438 0.579167 0.648438 0.581250 0.646875 0.583333 0.646875 0.585417 0.645312 0.587500 0.643750 0.587500 0.642188 0.589583 0.634375 0.589583 0.632812 0.591667 0.626563 0.591667 0.625000 0.593750 0.621875 0.593750 0.620313 0.595833 0.618750 0.595833 0.617188 0.597917 0.614062 0.597917 0.612500 0.600000 0.609375 0.600000 0.607812 0.602083 0.606250 0.602083 0.604688 0.604167 0.604688 0.610417 0.579688 0.610417 0.579688 0.604167 0.576562 0.600000 0.573438 0.600000 0.571875 0.597917 0.570312 0.597917 0.562500 0.587500 0.562500 0.585417 0.560937 0.583333 0.560937 0.581250 0.559375 0.579167 0.554688 0.579167 0.554688 0.572917 0.559375 0.572917 0.560937 0.570833 0.560937 0.568750 0.559375 0.566667 0.554688 0.566667 0.554688 0.562500 0.559375 0.562500 0.560937 0.560417 0.560937 0.558333 0.562500 0.556250 0.562500 0.547917 0.564063 0.545833 0.564063 0.539583 0.567187 0.535417 0.567187 0.533333 0.568750 0.531250 0.568750 0.527083 0.570312 0.525000 0.570312 0.520833 0.575000 0.514583 0.575000 0.512500 0.585938 0.497917 0.587500 0.497917 0.589063 0.495833 0.590625 0.495833 0.592187 0.493750 0.592187 0.487500
2 0.459375 0.687500 0.459375 0.693750 0.464063 0.700000 0.465625 0.700000 0.475000 0.712500 0.475000 0.714583 0.478125 0.718750 0.484375 0.718750 0.484375 0.791667 0.478125 0.791667 0.475000 0.795833 0.475000 0.797917 0.460938 0.816667 0.459375 0.816667 0.456250 0.820833 0.454687 0.820833 0.453125 0.822917 0.451563 0.822917 0.450000 0.825000 0.448438 0.825000 0.446875 0.827083 0.445312 0.827083 0.443750 0.829167 0.443750 0.835417 0.423437 0.835417 0.423437 0.829167 0.420313 0.825000 0.417188 0.825000 0.415625 0.822917 0.414062 0.822917 0.412500 0.820833 0.410937 0.820833 0.407812 0.816667 0.406250 0.816667 0.390625 0.795833 0.390625 0.793750 0.387500 0.789583 0.387500 0.787500 0.384375 0.783333 0.379687 0.783333 0.379687 0.733333 0.384375 0.733333 0.390625 0.725000 0.390625 0.722917 0.393750 0.718750 0.393750 0.716667 0.395312 0.714583 0.396875 0.714583 0.407812 0.700000 0.407812 0.697917 0.409375 0.697917 0.410937 0.695833 0.410937 0.687500
2 0.840625 0.000000 0.840625 0.010417 0.834375 0.010417 0.832813 0.012500 0.832813 0.014583 0.826562 0.022917 0.826562 0.025000 0.825000 0.027083 0.825000 0.029167 0.812500 0.045833 0.812500 0.047917 0.801563 0.062500 0.800000 0.062500 0.796875 0.066667 0.795312 0.066667 0.790625 0.072917 0.789062 0.072917 0.787500 0.075000 0.785938 0.075000 0.782813 0.079167 0.781250 0.079167 0.779687 0.081250 0.778125 0.081250 0.771875 0.089583 0.770313 0.089583 0.765625 0.095833 0.764062 0.095833 0.757812 0.104167 0.757812 0.110417 0.712500 0.110417 0.712500 0.104167 0.709375 0.100000 0.707812 0.100000 0.706250 0.097917 0.704688 0.097917 0.701562 0.093750 0.700000 0.093750 0.696875 0.089583 0.695312 0.089583 0.685937 0.077083 0.685937 0.075000 0.682813 0.070833 0.682813 0.068750 0.681250 0.066667 0.681250 0.064583 0.678125 0.060417 0.673438 0.060417 0.673438 0.000000
2 0.690625 0.387500 0.690625 0.393750 0.692187 0.395833 0.693750 0.395833 0.695312 0.397917 0.700000 0.397917 0.701562 0.400000 0.704688 0.400000 0.706250 0.402083 0.707812 0.402083 0.709375 0.404167 0.710938 0.404167 0.718750 0.414583 0.718750 0.416667 0.720313 0.418750 0.720313 0.420833 0.723437 0.425000 0.728125 0.425000 0.728125 0.477083 0.721875 0.477083 0.720313 0.479167 0.720313 0.481250 0.714063 0.489583 0.712500 0.489583 0.710938 0.491667 0.709375 0.491667 0.706250 0.495833 0.704688 0.495833 0.703125 0.497917 0.701562 0.497917 0.700000 0.500000 0.693750 0.500000 0.692187 0.502083 0.684375 0.502083 0.682813 0.500000 0.660937 0.500000 0.659375 0.497917 0.653125 0.497917 0.651563 0.495833 0.648438 0.495833 0.640625 0.485417 0.640625 0.483333 0.639062 0.481250 0.639062 0.479167 0.634375 0.472917 0.629687 0.472917 0.629687 0.429167 0.635938 0.429167 0.637500 0.427083 0.637500 0.425000 0.639062 0.422917 0.639062 0.420833 0.640625 0.418750 0.642188 0.418750 0.646875 0.412500 0.646875 0.410417 0.648438 0.410417 0.653125 0.404167 0.654687 0.404167 0.656250 0.402083 0.657813 0.402083 0.659375 0.400000 0.660937 0.400000 0.662500 0.397917 0.664062 0.397917 0.667188 0.393750 0.667188 0.387500
2 0.675000 0.620833 0.675000 0.622917 0.679688 0.629167 0.679688 0.631250 0.681250 0.633333 0.681250 0.635417 0.682813 0.637500 0.682813 0.639583 0.685937 0.643750 0.690625 0.643750 0.690625 0.685417 0.684375 0.685417 0.682813 0.687500 0.682813 0.689583 0.681250 0.691667 0.681250 0.693750 0.673438 0.704167 0.673438 0.706250 0.671875 0.706250 0.665625 0.714583 0.664062 0.714583 0.662500 0.716667 0.660937 0.716667 0.657813 0.720833 0.657813 0.727083 0.621875 0.727083 0.621875 0.718750 0.620313 0.716667 0.618750 0.716667 0.615625 0.712500 0.614062 0.712500 0.607812 0.704167 0.607812 0.702083 0.604688 0.697917 0.604688 0.695833 0.603125 0.693750 0.603125 0.683333 0.601562 0.681250 0.601562 0.662500 0.600000 0.660417 0.600000 0.652083 0.598437 0.650000 0.598437 0.647917 0.596875 0.645833 0.592187 0.645833 0.592187 0.635417 0.596875 0.635417 0.600000 0.631250 0.600000 0.620833 0.601562 0.618750 0.601562 0.616667 0.606250 0.610417 0.606250 0.608333 0.607812 0.606250 0.609375 0.606250 0.618750 0.593750 0.618750 0.587500 0.653125 0.587500 0.653125 0.593750 0.657813 0.600000 0.659375 0.600000 0.675000 0.620833 0.685937 0.597917 0.684375 0.595833 0.684375 0.587500 0.690625 0.587500 0.690625 0.597917 0.685937 0.597917
1 0.496875 0.854167 0.496875 0.889583 0.490625 0.889583 0.487500 0.893750 0.485937 0.893750 0.482813 0.897917 0.481250 0.897917 0.473437 0.908333 0.473437 0.912500 0.475000 0.914583 0.475000 0.916667 0.492188 0.939583 0.496875 0.939583 0.496875 0.997917 0.367188 0.997917 0.367188 0.939583 0.371875 0.939583 0.375000 0.935417 0.375000 0.929167 0.376562 0.927083 0.376562 0.925000 0.378125 0.922917 0.378125 0.918750 0.379687 0.916667 0.379687 0.910417 0.381250 0.908333 0.381250 0.906250 0.382812 0.904167 0.382812 0.902083 0.384375 0.900000 0.384375 0.897917 0.385938 0.895833 0.385938 0.893750 0.393750 0.883333 0.395312 0.883333 0.396875 0.881250 0.398438 0.881250 0.400000 0.879167 0.401563 0.879167 0.404688 0.875000 0.409375 0.875000 0.410937 0.872917 0.414062 0.872917 0.415625 0.870833 0.418750 0.870833 0.420313 0.868750 0.423437 0.868750 0.426562 0.864583 0.434375 0.864583 0.437500 0.860417 0.437500 0.854167
2 0.540625 0.445833 0.540625 0.452083 0.545312 0.458333 0.546875 0.458333 0.554688 0.468750 0.556250 0.468750 0.556250 0.470833 0.559375 0.475000 0.565625 0.475000 0.565625 0.537500 0.560937 0.537500 0.557813 0.541667 0.557813 0.543750 0.556250 0.545833 0.556250 0.547917 0.553125 0.552083 0.553125 0.554167 0.550000 0.558333 0.550000 0.560417 0.548438 0.562500 0.548438 0.564583 0.543750 0.570833 0.543750 0.572917 0.542188 0.575000 0.542188 0.585417 0.501563 0.585417 0.501563 0.579167 0.496875 0.572917 0.495313 0.572917 0.489062 0.564583 0.487500 0.564583 0.481250 0.556250 0.481250 0.554167 0.476562 0.547917 0.476562 0.545833 0.475000 0.543750 0.475000 0.541667 0.473437 0.539583 0.467188 0.539583 0.467188 0.485417 0.473437 0.485417 0.475000 0.483333 0.478125 0.483333 0.482813 0.477083 0.482813 0.475000 0.484375 0.475000 0.487500 0.470833 0.487500 0.468750 0.492188 0.462500 0.492188 0.460417 0.493750 0.458333 0.495313 0.458333 0.500000 0.452083 0.500000 0.445833
1 0.757812 0.870833 0.757812 0.877083 0.760937 0.881250 0.762500 0.881250 0.764062 0.883333 0.764062 0.885417 0.765625 0.887500 0.767188 0.887500 0.770313 0.891667 0.770313 0.893750 0.771875 0.895833 0.771875 0.897917 0.773438 0.900000 0.778125 0.900000 0.778125 0.945833 0.773438 0.945833 0.770313 0.950000 0.770313 0.952083 0.768750 0.954167 0.768750 0.956250 0.756250 0.972917 0.754688 0.972917 0.753125 0.975000 0.751563 0.975000 0.748437 0.979167 0.748437 0.985417 0.720313 0.985417 0.720313 0.979167 0.718750 0.977083 0.717187 0.977083 0.715625 0.975000 0.712500 0.975000 0.710938 0.972917 0.709375 0.972917 0.707812 0.970833 0.706250 0.970833 0.695312 0.956250 0.695312 0.954167 0.693750 0.952083 0.693750 0.950000 0.689063 0.943750 0.689063 0.941667 0.687500 0.939583 0.687500 0.935417 0.684375 0.931250 0.679688 0.931250 0.679688 0.895833 0.684375 0.895833 0.685937 0.893750 0.689063 0.893750 0.690625 0.891667 0.693750 0.891667 0.695312 0.889583 0.701562 0.889583 0.703125 0.887500 0.706250 0.887500 0.707812 0.885417 0.710938 0.885417 0.712500 0.883333 0.717187 0.883333 0.718750 0.881250 0.728125 0.881250 0.729688 0.879167 0.731250 0.879167 0.732812 0.877083 0.732812 0.870833
2 0.543750 0.962500 0.543750 0.968750 0.546875 0.972917 0.550000 0.972917 0.551562 0.975000 0.554688 0.975000 0.556250 0.977083 0.560937 0.977083 0.564063 0.981250 0.567187 0.981250 0.568750 0.983333 0.571875 0.983333 0.573438 0.985417 0.578125 0.985417 0.579688 0.987500 0.581250 0.987500 0.582812 0.989583 0.585938 0.989583 0.587500 0.991667 0.609375 0.991667 0.609375 0.997917 0.510938 0.997917 0.510938 0.981250 0.517188 0.981250 0.518750 0.979167 0.518750 0.975000 0.520312 0.972917 0.520312 0.962500
2 0.409375 0.437500 0.409375 0.458333 0.393750 0.458333 0.392187 0.460417 0.395312 0.464583 0.396875 0.464583 0.401563 0.470833 0.401563 0.472917 0.403125 0.475000 0.409375 0.475000 0.409375 0.554167 0.401563 0.554167 0.398438 0.558333 0.398438 0.560417 0.390625 0.570833 0.389063 0.570833 0.387500 0.572917 0.385938 0.572917 0.384375 0.575000 0.382812 0.575000 0.379687 0.579167 0.379687 0.585417 0.334375 0.585417 0.334375 0.579167 0.331250 0.575000 0.329687 0.575000 0.323438 0.566667 0.323438 0.564583 0.321875 0.562500 0.321875 0.560417 0.320312 0.558333 0.320312 0.554167 0.318750 0.552083 0.318750 0.550000 0.317187 0.547917 0.317187 0.545833 0.315625 0.543750 0.315625 0.537500 0.314062 0.535417 0.314062 0.531250 0.312500 0.529167 0.312500 0.525000 0.309375 0.520833 0.304688 0.520833 0.304688 0.479167 0.309375 0.479167 0.314062 0.472917 0.314062 0.470833 0.315625 0.468750 0.315625 0.466667 0.326563 0.452083 0.328125 0.452083 0.331250 0.447917 0.332812 0.447917 0.334375 0.445833 0.334375 0.437500
1 0.478125 0.000000 0.478125 0.031250 0.473437 0.031250 0.470312 0.035417 0.470312 0.037500 0.468750 0.039583 0.468750 0.041667 0.465625 0.045833 0.465625 0.047917 0.457812 0.058333 0.456250 0.058333 0.453125 0.062500 0.451563 0.062500 0.450000 0.064583 0.448438 0.064583 0.446875 0.066667 0.443750 0.066667 0.440625 0.070833 0.440625 0.077083 0.376562 0.077083 0.376562 0.070833 0.375000 0.068750 0.373438 0.068750 0.371875 0.066667 0.367188 0.066667 0.364062 0.062500 0.362500 0.062500 0.342188 0.035417 0.342188 0.033333 0.339063 0.029167 0.339063 0.027083 0.337500 0.025000 0.337500 0.022917 0.334375 0.018750 0.329687 0.018750 0.329687 0.000000
2 0.478125 0.000000 0.478125 0.031250 0.473437 0.031250 0.470312 0.035417 0.470312 0.037500 0.468750 0.039583 0.468750 0.041667 0.465625 0.045833 0.465625 0.047917 0.457812 0.058333 0.456250 0.058333 0.453125 0.062500 0.451563 0.062500 0.450000 0.064583 0.448438 0.064583 0.446875 0.066667 0.443750 0.066667 0.440625 0.070833 0.440625 0.077083 0.376562 0.077083 0.376562 0.070833 0.375000 0.068750 0.373438 0.068750 0.371875 0.066667 0.367188 0.066667 0.364062 0.062500 0.362500 0.062500 0.342188 0.035417 0.342188 0.033333 0.339063 0.029167 0.339063 0.027083 0.337500 0.025000 0.337500 0.022917 0.334375 0.018750 0.329687 0.018750 0.329687 0.000000
0 0.445312 0.254167 0.445312 0.260417 0.446875 0.262500 0.446875 0.264583 0.448438 0.266667 0.453125 0.266667 0.453125 0.295833 0.448438 0.295833 0.445312 0.300000 0.445312 0.304167 0.443750 0.306250 0.442187 0.306250 0.440625 0.308333 0.435938 0.308333 0.434375 0.310417 0.432813 0.308333 0.426562 0.308333 0.425000 0.306250 0.417188 0.306250 0.417188 0.254167
2 0.251562 0.889583 0.253125 0.891667 0.254687 0.891667 0.257812 0.895833 0.257812 0.897917 0.260938 0.902083 0.265625 0.902083 0.265625 0.941667 0.260938 0.941667 0.257812 0.945833 0.257812 0.947917 0.256250 0.950000 0.256250 0.952083 0.254687 0.954167 0.254687 0.956250 0.253125 0.958333 0.253125 0.960417 0.250000 0.964583 0.250000 0.966667 0.248438 0.968750 0.248438 0.970833 0.246875 0.972917 0.246875 0.975000 0.245313 0.977083 0.245313 0.979167 0.242188 0.983333 0.240625 0.983333 0.237500 0.987500 0.235937 0.987500 0.234375 0.989583 0.231250 0.989583 0.229688 0.991667 0.225000 0.991667 0.223437 0.993750 0.221875 0.993750 0.220312 0.995833 0.220312 0.997917 0.128125 0.997917 0.128125 0.995833 0.125000 0.991667 0.121875 0.991667 0.120313 0.989583 0.115625 0.989583 0.114062 0.987500 0.112500 0.987500 0.110937 0.985417 0.109375 0.985417 0.107813 0.983333 0.104688 0.983333 0.103125 0.981250 0.100000 0.981250 0.098437 0.979167 0.096875 0.979167 0.095312 0.977083 0.093750 0.977083 0.092188 0.975000 0.090625 0.975000 0.089063 0.972917 0.087500 0.972917 0.085938 0.970833 0.084375 0.970833 0.081250 0.966667 0.079687 0.966667 0.070312 0.954167 0.070312 0.952083 0.065625 0.945833 0.060938 0.945833 0.060938 0.902083 0.065625 0.902083 0.068750 0.897917 0.068750 0.895833 0.070312 0.893750 0.070312 0.889583 0.071875 0.887500 0.071875 0.885417 0.078125 0.877083 0.078125 0.875000 0.079687 0.875000 0.082812 0.870833 0.082812 0.868750 0.084375 0.866667 0.085938 0.866667 0.092188 0.858333 0.093750 0.858333 0.095312 0.856250 0.096875 0.856250 0.100000 0.852083 0.100000 0.845833 0.156250 0.845833 0.156250 0.852083 0.157812 0.854167 0.159375 0.854167 0.160937 0.856250 0.167188 0.856250 0.168750 0.858333 0.175000 0.858333 0.176562 0.860417 0.185938 0.860417 0.187500 0.862500 0.192187 0.862500 0.193750 0.864583 0.198438 0.864583 0.200000 0.866667 0.204687 0.866667 0.207812 0.870833 0.209375 0.870833 0.210938 0.872917 0.212500 0.872917 0.217188 0.879167 0.218750 0.879167 0.220312 0.881250 0.232813 0.881250 0.234375 0.883333 0.239062 0.883333 0.240625 0.885417 0.242188 0.885417 0.243750 0.887500 0.246875 0.887500 0.248438 0.889583 0.251562 0.889583 0.254687 0.868750 0.253125 0.866667 0.251562 0.866667 0.250000 0.864583 0.250000 0.862500 0.248438 0.860417 0.248438 0.845833 0.265625 0.845833 0.265625 0.870833 0.260938 0.870833 0.259375 0.868750 0.254687 0.868750