0 0.309375 0.479167 0.309375 0.485417 0.304688 0.491667 0.303125 0.491667 0.300000 0.495833 0.298438 0.495833 0.285937 0.512500 0.285937 0.514583 0.282813 0.518750 0.278125 0.518750 0.278125 0.566667 0.282813 0.566667 0.285937 0.570833 0.287500 0.570833 0.289062 0.572917 0.290625 0.572917 0.298438 0.583333 0.301562 0.583333 0.303125 0.585417 0.304688 0.585417 0.306250 0.587500 0.306250 0.593750 0.357812 0.593750 0.357812 0.585417 0.365625 0.575000 0.365625 0.572917 0.368750 0.568750 0.368750 0.566667 0.371875 0.562500 0.376563 0.562500 0.376563 0.518750 0.371875 0.518750 0.368750 0.514583 0.368750 0.512500 0.365625 0.508333 0.365625 0.506250 0.354688 0.491667 0.353125 0.491667 0.351562 0.489583 0.350000 0.489583 0.348437 0.487500 0.348437 0.479167
1 0.631250 0.429167 0.631250 0.435417 0.628125 0.439583 0.626562 0.439583 0.625000 0.441667 0.623438 0.441667 0.617188 0.450000 0.615625 0.450000 0.607813 0.460417 0.607813 0.462500 0.604688 0.466667 0.604688 0.468750 0.601562 0.472917 0.601562 0.475000 0.600000 0.477083 0.600000 0.479167 0.598437 0.481250 0.598437 0.485417 0.595312 0.489583 0.590625 0.489583 0.590625 0.533333 0.595312 0.533333 0.596875 0.535417 0.598437 0.535417 0.609375 0.550000 0.609375 0.552083 0.610937 0.552083 0.621875 0.566667 0.621875 0.568750 0.623438 0.568750 0.631250 0.579167 0.632812 0.579167 0.639063 0.587500 0.639063 0.593750 0.690625 0.593750 0.690625 0.587500 0.695312 0.581250 0.696875 0.581250 0.706250 0.568750 0.706250 0.566667 0.710938 0.560417 0.710938 0.558333 0.712500 0.556250 0.712500 0.554167 0.715625 0.550000 0.720312 0.550000 0.720312 0.477083 0.714063 0.477083 0.712500 0.475000 0.712500 0.470833 0.710938 0.468750 0.710938 0.466667 0.706250 0.460417 0.706250 0.458333 0.693750 0.441667 0.692187 0.441667 0.687500 0.435417 0.687500 0.429167
1 0.509375 0.620833 0.509375 0.627083 0.506250 0.631250 0.504687 0.631250 0.501562 0.635417 0.500000 0.635417 0.496875 0.639583 0.495313 0.639583 0.489062 0.647917 0.487500 0.647917 0.481250 0.656250 0.481250 0.658333 0.476562 0.664583 0.471875 0.664583 0.471875 0.695833 0.476562 0.695833 0.478125 0.697917 0.478125 0.700000 0.479688 0.702083 0.479688 0.706250 0.481250 0.708333 0.481250 0.710417 0.482812 0.712500 0.482812 0.714583 0.485938 0.718750 0.485938 0.720833 0.487500 0.722917 0.487500 0.725000 0.496875 0.737500 0.498437 0.737500 0.501562 0.741667 0.503125 0.741667 0.506250 0.745833 0.506250 0.752083 0.548437 0.752083 0.548437 0.743750 0.550000 0.741667 0.551562 0.741667 0.553125 0.739583 0.554688 0.739583 0.557813 0.735417 0.559375 0.735417 0.564062 0.729167 0.570312 0.729167 0.570312 0.672917 0.565625 0.672917 0.564062 0.670833 0.564062 0.668750 0.562500 0.666667 0.562500 0.664583 0.554688 0.654167 0.554688 0.652083 0.550000 0.645833 0.550000 0.643750 0.545313 0.637500 0.545313 0.635417 0.540625 0.629167 0.540625 0.620833
1 0.576563 0.245833 0.576563 0.254167 0.575000 0.256250 0.573438 0.256250 0.564062 0.268750 0.562500 0.268750 0.562500 0.270833 0.557813 0.277083 0.557813 0.279167 0.551562 0.287500 0.546875 0.287500 0.546875 0.372917 0.553125 0.372917 0.554688 0.375000 0.554688 0.377083 0.568750 0.395833 0.570312 0.395833 0.573438 0.400000 0.575000 0.400000 0.578125 0.404167 0.579687 0.404167 0.581250 0.406250 0.585938 0.406250 0.587500 0.408333 0.590625 0.408333 0.593750 0.412500 0.593750 0.418750 0.628125 0.418750 0.628125 0.412500 0.631250 0.408333 0.632812 0.408333 0.635938 0.404167 0.637500 0.404167 0.640625 0.400000 0.642187 0.400000 0.645312 0.395833 0.646875 0.395833 0.653125 0.387500 0.653125 0.385417 0.656250 0.381250 0.656250 0.379167 0.659375 0.375000 0.659375 0.372917 0.660937 0.370833 0.660937 0.368750 0.662500 0.366667 0.662500 0.364583 0.665625 0.360417 0.670313 0.360417 0.670313 0.297917 0.664062 0.297917 0.662500 0.300000 0.660937 0.300000 0.659375 0.302083 0.657812 0.302083 0.654688 0.297917 0.653125 0.297917 0.651563 0.295833 0.651563 0.293750 0.650000 0.291667 0.650000 0.287500 0.643750 0.279167 0.643750 0.277083 0.640625 0.272917 0.639063 0.272917 0.637500 0.270833 0.637500 0.268750 0.634375 0.264583 0.632812 0.264583 0.628125 0.258333 0.626562 0.258333 0.625000 0.256250 0.623438 0.256250 0.620313 0.252083 0.620313 0.245833
0 0.609375 0.870833 0.609375 0.939583 0.614062 0.939583 0.617188 0.943750 0.617188 0.945833 0.623438 0.954167 0.623438 0.956250 0.634375 0.970833 0.635938 0.970833 0.637500 0.972917 0.639063 0.972917 0.640625 0.975000 0.642187 0.975000 0.645312 0.979167 0.645312 0.985417 0.684375 0.985417 0.684375 0.979167 0.687500 0.975000 0.689062 0.975000 0.690625 0.972917 0.692187 0.972917 0.695312 0.968750 0.696875 0.968750 0.709375 0.952083 0.714063 0.952083 0.714063 0.887500 0.707812 0.887500 0.706250 0.885417 0.706250 0.883333 0.701563 0.877083 0.701563 0.870833
2 0.462500 0.504167 0.462500 0.510417 0.460938 0.512500 0.459375 0.512500 0.457812 0.514583 0.456250 0.514583 0.453125 0.518750 0.451562 0.518750 0.437500 0.537500 0.437500 0.539583 0.435937 0.541667 0.435937 0.543750 0.432813 0.547917 0.428125 0.547917 0.428125 0.604167 0.434375 0.604167 0.435937 0.606250 0.435937 0.608333 0.437500 0.610417 0.437500 0.612500 0.446875 0.625000 0.446875 0.627083 0.448438 0.627083 0.456250 0.637500 0.456250 0.643750 0.496875 0.643750 0.496875 0.637500 0.500000 0.633333 0.501562 0.633333 0.504687 0.629167 0.506250 0.629167 0.507812 0.627083 0.509375 0.627083 0.514063 0.620833 0.515625 0.620833 0.517187 0.618750 0.517187 0.616667 0.521875 0.610417 0.526563 0.610417 0.526563 0.543750 0.521875 0.543750 0.518750 0.539583 0.518750 0.537500 0.512500 0.529167 0.512500 0.527083 0.510938 0.525000 0.509375 0.525000 0.501562 0.514583 0.500000 0.514583 0.496875 0.510417 0.496875 0.504167
2 0.971875 0.620833 0.971875 0.627083 0.968750 0.631250 0.967188 0.631250 0.957812 0.643750 0.957812 0.645833 0.956250 0.647917 0.956250 0.650000 0.954687 0.652083 0.954687 0.654167 0.953125 0.656250 0.953125 0.658333 0.951563 0.660417 0.946875 0.660417 0.946875 0.729167 0.951563 0.729167 0.956250 0.735417 0.956250 0.739583 0.957812 0.741667 0.957812 0.743750 0.960938 0.747917 0.960938 0.750000 0.962500 0.752083 0.962500 0.754167 0.975000 0.770833 0.975000 0.777083 0.998438 0.777083 0.998438 0.620833
2 0.287500 0.587500 0.287500 0.595833 0.285937 0.597917 0.284375 0.597917 0.278125 0.606250 0.278125 0.608333 0.271875 0.616667 0.265625 0.616667 0.265625 0.677083 0.270312 0.677083 0.271875 0.679167 0.273438 0.679167 0.276563 0.683333 0.276563 0.685417 0.284375 0.695833 0.285937 0.695833 0.287500 0.697917 0.289062 0.697917 0.290625 0.700000 0.293750 0.700000 0.296875 0.704167 0.296875 0.710417 0.317187 0.710417 0.317187 0.704167 0.320312 0.700000 0.321875 0.700000 0.323438 0.697917 0.325000 0.697917 0.329688 0.691667 0.331250 0.691667 0.337500 0.683333 0.339063 0.683333 0.345313 0.675000 0.345313 0.672917 0.353125 0.662500 0.357812 0.662500 0.357812 0.618750 0.351562 0.618750 0.350000 0.616667 0.350000 0.614583 0.343750 0.606250 0.342187 0.606250 0.335938 0.597917 0.334375 0.597917 0.332812 0.595833 0.329688 0.595833 0.328125 0.593750 0.328125 0.587500
1 0.859375 0.029167 0.859375 0.204167 0.864062 0.204167 0.865625 0.206250 0.865625 0.208333 0.867188 0.210417 0.867188 0.212500 0.868750 0.214583 0.868750 0.218750 0.870313 0.220833 0.870313 0.222917 0.873438 0.227083 0.873438 0.229167 0.875000 0.231250 0.875000 0.233333 0.878125 0.237500 0.878125 0.239583 0.882812 0.245833 0.884375 0.245833 0.885938 0.247917 0.887500 0.247917 0.889063 0.250000 0.890625 0.250000 0.892187 0.252083 0.895312 0.252083 0.898438 0.256250 0.900000 0.256250 0.901563 0.258333 0.903125 0.258333 0.907812 0.264583 0.909375 0.264583 0.923437 0.283333 0.925000 0.283333 0.932813 0.293750 0.934375 0.293750 0.939062 0.300000 0.940625 0.300000 0.942187 0.302083 0.943750 0.302083 0.945312 0.304167 0.946875 0.304167 0.948438 0.306250 0.951563 0.306250 0.953125 0.308333 0.956250 0.308333 0.959375 0.312500 0.959375 0.318750 0.992188 0.318750 0.992188 0.312500 0.993750 0.310417 0.998438 0.310417 0.998438 0.075000 0.995313 0.075000 0.993750 0.072917 0.992188 0.072917 0.982813 0.060417 0.981250 0.062500 0.979688 0.062500 0.978125 0.064583 0.976562 0.062500 0.976562 0.060417 0.978125 0.058333 0.978125 0.056250 0.979688 0.054167 0.979688 0.052083 0.981250 0.050000 0.981250 0.045833 0.984375 0.041667 0.984375 0.039583 0.985937 0.037500 0.985937 0.029167
2 0.564062 0.529167 0.564062 0.535417 0.560938 0.539583 0.559375 0.539583 0.548437 0.554167 0.548437 0.556250 0.543750 0.562500 0.543750 0.564583 0.542188 0.566667 0.542188 0.568750 0.539062 0.572917 0.534375 0.572917 0.534375 0.622917 0.539062 0.622917 0.545313 0.631250 0.545313 0.633333 0.546875 0.635417 0.546875 0.637500 0.551562 0.643750 0.551562 0.645833 0.557813 0.654167 0.557813 0.660417 0.610937 0.660417 0.610937 0.654167 0.614062 0.650000 0.615625 0.650000 0.617188 0.647917 0.618750 0.647917 0.623438 0.641667 0.625000 0.641667 0.631250 0.633333 0.631250 0.631250 0.634375 0.627083 0.635938 0.627083 0.637500 0.625000 0.645312 0.625000 0.645312 0.591667 0.640625 0.591667 0.631250 0.579167 0.629687 0.579167 0.620313 0.566667 0.618750 0.566667 0.617188 0.564583 0.617188 0.562500 0.615625 0.560417 0.614062 0.560417 0.607813 0.552083 0.606250 0.552083 0.604688 0.550000 0.604688 0.547917 0.600000 0.541667 0.600000 0.539583 0.598437 0.537500 0.598437 0.529167
2 0.146875 0.000000 0.146875 0.004167 0.154687 0.004167 0.159375 0.010417 0.160938 0.010417 0.162500 0.012500 0.164062 0.012500 0.170312 0.020833 0.170312 0.027083 0.189063 0.027083 0.189063 0.018750 0.193750 0.012500 0.195312 0.012500 0.201562 0.004167 0.207813 0.004167 0.207813 0.000000
1 0.559375 0.000000 0.559375 0.068750 0.564062 0.068750 0.567187 0.072917 0.567187 0.075000 0.568750 0.077083 0.568750 0.081250 0.571875 0.085417 0.571875 0.087500 0.573438 0.089583 0.573438 0.091667 0.576563 0.095833 0.576563 0.097917 0.584375 0.108333 0.585938 0.108333 0.590625 0.114583 0.593750 0.114583 0.595312 0.116667 0.596875 0.116667 0.600000 0.120833 0.600000 0.127083 0.637500 0.127083 0.637500 0.120833 0.640625 0.116667 0.643750 0.116667 0.645312 0.114583 0.648438 0.114583 0.650000 0.112500 0.651563 0.112500 0.653125 0.110417 0.654688 0.110417 0.656250 0.108333 0.657812 0.108333 0.660937 0.104167 0.662500 0.104167 0.664062 0.102083 0.665625 0.102083 0.670313 0.095833 0.671875 0.095833 0.676562 0.089583 0.678125 0.089583 0.679688 0.087500 0.681250 0.087500 0.682813 0.085417 0.689062 0.085417 0.690625 0.087500 0.712500 0.087500 0.714063 0.085417 0.715625 0.085417 0.715625 0.083333 0.720312 0.077083 0.726562 0.077083 0.726562 0.050000 0.720312 0.050000 0.717188 0.045833 0.717188 0.043750 0.715625 0.043750 0.712500 0.039583 0.710938 0.039583 0.706250 0.033333 0.704687 0.033333 0.698438 0.025000 0.698438 0.022917 0.696875 0.020833 0.696875 0.018750 0.690625 0.010417 0.690625 0.008333 0.689062 0.006250 0.685938 0.006250 0.684375 0.004167 0.681250 0.004167 0.679688 0.006250 0.675000 0.006250 0.673437 0.004167 0.670313 0.004167 0.668750 0.002083 0.668750 0.000000
2 0.828125 0.000000 0.828125 0.060417 0.832812 0.060417 0.834375 0.062500 0.834375 0.064583 0.835938 0.066667 0.835938 0.070833 0.837500 0.072917 0.837500 0.077083 0.839063 0.079167 0.839063 0.083333 0.840625 0.085417 0.840625 0.087500 0.845312 0.093750 0.845312 0.102083 0.932813 0.102083 0.932813 0.095833 0.934375 0.093750 0.935938 0.093750 0.937500 0.091667 0.940625 0.091667 0.942187 0.089583 0.945312 0.089583 0.946875 0.087500 0.948438 0.087500 0.950000 0.085417 0.951563 0.085417 0.953125 0.083333 0.954687 0.083333 0.957812 0.079167 0.959375 0.079167 0.973437 0.060417 0.973437 0.058333 0.978125 0.052083 0.978125 0.050000 0.981250 0.045833 0.981250 0.043750 0.985937 0.037500 0.985937 0.035417 0.987500 0.033333 0.987500 0.031250 0.990625 0.027083 0.995313 0.027083 0.995313 0.000000
1 0.828125 0.000000 0.828125 0.060417 0.832812 0.060417 0.834375 0.062500 0.834375 0.064583 0.835938 0.066667 0.835938 0.070833 0.837500 0.072917 0.837500 0.077083 0.839063 0.079167 0.839063 0.083333 0.840625 0.085417 0.840625 0.087500 0.846875 0.095833 0.846875 0.102083 0.932813 0.102083 0.932813 0.095833 0.934375 0.093750 0.935938 0.093750 0.937500 0.091667 0.940625 0.091667 0.942187 0.089583 0.945312 0.089583 0.946875 0.087500 0.948438 0.087500 0.950000 0.085417 0.951563 0.085417 0.953125 0.083333 0.954687 0.083333 0.957812 0.079167 0.959375 0.079167 0.973437 0.060417 0.973437 0.058333 0.978125 0.052083 0.978125 0.050000 0.981250 0.045833 0.981250 0.043750 0.985937 0.037500 0.985937 0.035417 0.987500 0.033333 0.987500 0.031250 0.990625 0.027083 0.995313 0.027083 0.995313 0.000000