0 0.340093 0.365625 0.340093 0.370312 0.338013 0.371875 0.335933 0.371875 0.333853 0.373437 0.329692 0.373437 0.327612 0.375000 0.325532 0.375000 0.323452 0.376562 0.321372 0.376562 0.317212 0.379687 0.315132 0.379687 0.304731 0.387500 0.296411 0.387500 0.296411 0.440625 0.304731 0.440625 0.306812 0.442187 0.306812 0.443750 0.323452 0.456250 0.325532 0.456250 0.329692 0.459375 0.329692 0.464062 0.383774 0.464062 0.383774 0.459375 0.387935 0.456250 0.390015 0.456250 0.392095 0.454687 0.394175 0.454687 0.398335 0.451562 0.400415 0.451562 0.410815 0.443750 0.410815 0.442187 0.417056 0.437500 0.417056 0.435937 0.419136 0.434375 0.419136 0.432812 0.421216 0.431250 0.427456 0.431250 0.427456 0.396875 0.421216 0.396875 0.414976 0.392187 0.414976 0.390625 0.396255 0.376562 0.394175 0.376562 0.390015 0.373437 0.387935 0.373437 0.385854 0.371875 0.385854 0.365625
1 0.514819 0.278125 0.514819 0.282812 0.508579 0.287500 0.504419 0.287500 0.500259 0.290625 0.500259 0.292187 0.494019 0.296875 0.487778 0.296875 0.487778 0.346875 0.494019 0.346875 0.496099 0.348437 0.496099 0.351562 0.498179 0.353125 0.498179 0.354687 0.506499 0.360937 0.506499 0.362500 0.518979 0.371875 0.518979 0.376562 0.581382 0.376562 0.581382 0.371875 0.585542 0.368750 0.589702 0.368750 0.593862 0.365625 0.595942 0.365625 0.600103 0.362500 0.602183 0.362500 0.612583 0.354687 0.618823 0.354687 0.618823 0.314062 0.612583 0.314062 0.608423 0.310937 0.608423 0.309375 0.606343 0.307813 0.606343 0.306250 0.604263 0.304688 0.602183 0.304688 0.600103 0.303125 0.600103 0.301562 0.587622 0.292187 0.585542 0.292187 0.583462 0.290625 0.583462 0.289062 0.575142 0.282812 0.575142 0.278125
0 0.568901 0.371875 0.568901 0.376562 0.564741 0.379687 0.562661 0.379687 0.558501 0.382812 0.556421 0.382812 0.541860 0.393750 0.541860 0.395312 0.533540 0.401562 0.533540 0.403125 0.531460 0.404687 0.531460 0.406250 0.527300 0.409375 0.521060 0.409375 0.521060 0.442187 0.527300 0.442187 0.529380 0.443750 0.529380 0.445312 0.539780 0.453125 0.539780 0.454687 0.550181 0.462500 0.552261 0.462500 0.558501 0.467187 0.560581 0.467187 0.562661 0.468750 0.566821 0.468750 0.570981 0.471875 0.570981 0.476562 0.610503 0.476562 0.610503 0.471875 0.614663 0.468750 0.616743 0.468750 0.618823 0.467187 0.620903 0.467187 0.622983 0.465625 0.625063 0.465625 0.641704 0.453125 0.641704 0.451562 0.645864 0.448437 0.645864 0.446875 0.647944 0.445312 0.647944 0.443750 0.650024 0.442187 0.650024 0.439062 0.654185 0.435937 0.660425 0.435937 0.660425 0.414062 0.654185 0.414062 0.650024 0.410937 0.650024 0.407812 0.647944 0.406250 0.647944 0.404687 0.645864 0.403125 0.645864 0.401562 0.643784 0.400000 0.643784 0.398438 0.637544 0.393750 0.637544 0.392187 0.631304 0.387500 0.629224 0.387500 0.620903 0.381250 0.618823 0.381250 0.616743 0.379687 0.614663 0.379687 0.610503 0.376562 0.610503 0.371875
2 0.342173 0.465625 0.342173 0.470312 0.338013 0.473437 0.333853 0.473437 0.331772 0.475000 0.329692 0.475000 0.317212 0.484375 0.317212 0.485937 0.310972 0.490625 0.310972 0.492188 0.308892 0.493750 0.308892 0.496875 0.306812 0.498437 0.306812 0.500000 0.302651 0.503125 0.296411 0.503125 0.296411 0.531250 0.302651 0.531250 0.306812 0.534375 0.306812 0.535937 0.308892 0.537500 0.308892 0.539062 0.310972 0.540625 0.310972 0.542187 0.317212 0.546875 0.317212 0.548437 0.327612 0.556250 0.329692 0.556250 0.333853 0.559375 0.335933 0.559375 0.338013 0.560937 0.342173 0.560937 0.344253 0.562500 0.346333 0.562500 0.350493 0.565625 0.350493 0.570312 0.394175 0.570312 0.394175 0.565625 0.398335 0.562500 0.400415 0.562500 0.402495 0.560937 0.404575 0.560937 0.406655 0.559375 0.410815 0.559375 0.412896 0.557812 0.414976 0.557812 0.423296 0.551562 0.423296 0.550000 0.429536 0.545312 0.429536 0.543750 0.431616 0.542187 0.431616 0.540625 0.433696 0.539062 0.433696 0.537500 0.437856 0.534375 0.444097 0.534375 0.444097 0.506250 0.437856 0.506250 0.435776 0.504687 0.435776 0.503125 0.427456 0.496875 0.427456 0.495312 0.423296 0.492188 0.423296 0.490625 0.419136 0.487500 0.419136 0.485937 0.410815 0.479687 0.408735 0.479687 0.406655 0.478125 0.404575 0.478125 0.400415 0.475000 0.398335 0.475000 0.396255 0.473437 0.392095 0.473437 0.387935 0.470312 0.387935 0.465625
2 0.502339 0.484375 0.502339 0.489062 0.498179 0.492188 0.496099 0.492188 0.491938 0.495312 0.489858 0.495312 0.481538 0.501562 0.479458 0.501562 0.475298 0.504687 0.475298 0.506250 0.469058 0.510937 0.462817 0.510937 0.462817 0.560937 0.471138 0.560937 0.473218 0.562500 0.473218 0.564062 0.487778 0.575000 0.489858 0.575000 0.496099 0.579687 0.498179 0.579687 0.500259 0.581250 0.502339 0.581250 0.504419 0.582812 0.506499 0.582812 0.508579 0.584375 0.510659 0.584375 0.512739 0.585937 0.514819 0.585937 0.516899 0.587500 0.521060 0.587500 0.525220 0.590625 0.525220 0.595312 0.558501 0.595312 0.558501 0.590625 0.562661 0.587500 0.564741 0.587500 0.566821 0.585937 0.570981 0.585937 0.573062 0.584375 0.575142 0.584375 0.579302 0.581250 0.581382 0.581250 0.595942 0.570312 0.595942 0.568750 0.598022 0.567187 0.598022 0.565625 0.600103 0.564062 0.600103 0.562500 0.604263 0.559375 0.610503 0.559375 0.610503 0.526562 0.604263 0.526562 0.600103 0.523437 0.600103 0.521875 0.598022 0.520312 0.598022 0.518750 0.595942 0.517187 0.595942 0.515625 0.591782 0.512500 0.591782 0.510937 0.587622 0.507812 0.587622 0.506250 0.570981 0.493750 0.568901 0.493750 0.562661 0.489062 0.562661 0.484375
1 0.448257 0.415625 0.448257 0.420312 0.444097 0.423437 0.442017 0.423437 0.439936 0.425000 0.437856 0.425000 0.423296 0.435937 0.423296 0.437500 0.419136 0.440625 0.412896 0.440625 0.412896 0.485937 0.421216 0.485937 0.423296 0.487500 0.423296 0.489062 0.427456 0.492188 0.427456 0.493750 0.437856 0.501562 0.437856 0.507812 0.479458 0.507812 0.479458 0.503125 0.494019 0.492188 0.498179 0.492188 0.500259 0.490625 0.504419 0.490625 0.506499 0.489062 0.508579 0.489062 0.510659 0.487500 0.512739 0.487500 0.514819 0.485937 0.521060 0.485937 0.523140 0.484375 0.527300 0.484375 0.533540 0.479687 0.533540 0.475000 0.531460 0.473437 0.531460 0.471875 0.529380 0.470312 0.529380 0.465625 0.527300 0.464062 0.527300 0.459375 0.525220 0.457812 0.525220 0.451562 0.527300 0.450000 0.529380 0.450000 0.531460 0.451562 0.543940 0.451562 0.543940 0.415625 0.535620 0.415625 0.535620 0.425000 0.537700 0.426562 0.537700 0.428125 0.535620 0.429688 0.535620 0.431250 0.533540 0.432812 0.533540 0.434375 0.527300 0.439062 0.512739 0.439062 0.510659 0.437500 0.510659 0.435937 0.508579 0.434375 0.508579 0.431250 0.506499 0.429688 0.506499 0.428125 0.502339 0.425000 0.502339 0.423437 0.500259 0.421875 0.500259 0.415625
2 0.419136 0.290625 0.419136 0.295312 0.414976 0.298437 0.410815 0.298437 0.408735 0.300000 0.406655 0.300000 0.404575 0.301562 0.402495 0.301562 0.396255 0.306250 0.394175 0.306250 0.392095 0.307813 0.392095 0.309375 0.381694 0.317187 0.381694 0.318750 0.377534 0.321875 0.371294 0.321875 0.371294 0.364062 0.379614 0.364062 0.387935 0.370312 0.390015 0.370312 0.396255 0.375000 0.398335 0.375000 0.404575 0.379687 0.406655 0.379687 0.410815 0.382812 0.412896 0.382812 0.414976 0.384375 0.414976 0.389062 0.471138 0.389062 0.471138 0.382812 0.479458 0.376562 0.481538 0.376562 0.483618 0.375000 0.483618 0.373437 0.485698 0.371875 0.494019 0.371875 0.494019 0.317187 0.487778 0.317187 0.483618 0.314062 0.483618 0.312500 0.481538 0.310937 0.481538 0.309375 0.469058 0.300000 0.466978 0.300000 0.464897 0.298437 0.460737 0.298437 0.456577 0.295312 0.456577 0.290625
2 0.250649 0.284375 0.250649 0.289062 0.246489 0.292187 0.244409 0.292187 0.219448 0.310937 0.213208 0.310937 0.213208 0.362500 0.219448 0.362500 0.223608 0.365625 0.223608 0.367188 0.227769 0.370312 0.227769 0.371875 0.238169 0.379687 0.240249 0.379687 0.246489 0.384375 0.248569 0.384375 0.250649 0.385937 0.252729 0.385937 0.254810 0.387500 0.256890 0.387500 0.261050 0.390625 0.261050 0.395312 0.294331 0.395312 0.294331 0.390625 0.302651 0.384375 0.304731 0.384375 0.306812 0.382812 0.306812 0.381250 0.308892 0.379687 0.310972 0.379687 0.315132 0.376562 0.317212 0.376562 0.319292 0.375000 0.321372 0.375000 0.329692 0.368750 0.331772 0.368750 0.333853 0.367188 0.333853 0.365625 0.340093 0.360937 0.340093 0.359375 0.346333 0.354687 0.352573 0.354687 0.352573 0.320312 0.346333 0.320312 0.342173 0.317187 0.342173 0.315625 0.340093 0.314062 0.340093 0.312500 0.338013 0.310937 0.338013 0.309375 0.333853 0.306250 0.333853 0.304688 0.321372 0.295312 0.319292 0.295312 0.317212 0.293750 0.315132 0.293750 0.313052 0.292187 0.310972 0.292187 0.306812 0.289062 0.306812 0.284375
2 0.296411 0.065625 0.296411 0.070312 0.294331 0.071875 0.290171 0.071875 0.288091 0.073437 0.279770 0.073437 0.277690 0.075000 0.271450 0.075000 0.269370 0.076562 0.265210 0.076562 0.263130 0.078125 0.261050 0.078125 0.258970 0.079687 0.256890 0.079687 0.254810 0.081250 0.250649 0.081250 0.244409 0.085938 0.242329 0.085938 0.240249 0.087500 0.238169 0.087500 0.236089 0.089062 0.234009 0.089062 0.229849 0.092187 0.227769 0.092187 0.225688 0.093750 0.223608 0.093750 0.221528 0.095312 0.219448 0.095312 0.213208 0.100000 0.211128 0.100000 0.202808 0.106250 0.200728 0.106250 0.200728 0.107812 0.194487 0.112500 0.192407 0.112500 0.192407 0.114062 0.186167 0.118750 0.179927 0.118750 0.179927 0.156250 0.188247 0.156250 0.190327 0.157812 0.190327 0.159375 0.192407 0.160937 0.192407 0.162500 0.194487 0.164062 0.194487 0.165625 0.209048 0.176562 0.211128 0.176562 0.215288 0.179688 0.217368 0.179688 0.219448 0.181250 0.221528 0.181250 0.225688 0.184375 0.225688 0.189062 0.267290 0.189062 0.267290 0.184375 0.269370 0.182812 0.271450 0.182812 0.273530 0.181250 0.277690 0.181250 0.279770 0.179688 0.286011 0.179688 0.288091 0.178125 0.294331 0.178125 0.296411 0.176562 0.300571 0.176562 0.302651 0.175000 0.308892 0.175000 0.310972 0.173437 0.319292 0.173437 0.321372 0.171875 0.327612 0.171875 0.329692 0.170312 0.333853 0.170312 0.335933 0.168750 0.342173 0.168750 0.344253 0.167187 0.352573 0.167187 0.354653 0.165625 0.360894 0.165625 0.362974 0.164062 0.367134 0.164062 0.369214 0.162500 0.377534 0.162500 0.379614 0.160937 0.381694 0.160937 0.383774 0.159375 0.387935 0.159375 0.398335 0.151562 0.398335 0.150000 0.404575 0.145312 0.410815 0.145312 0.410815 0.106250 0.404575 0.106250 0.400415 0.103125 0.400415 0.101562 0.398335 0.100000 0.398335 0.098437 0.394175 0.095312 0.394175 0.093750 0.392095 0.092187 0.392095 0.090625 0.387935 0.087500 0.387935 0.085938 0.379614 0.079687 0.377534 0.079687 0.373374 0.076562 0.371294 0.076562 0.369214 0.075000 0.365054 0.075000 0.362974 0.073437 0.352573 0.073437 0.348413 0.070312 0.348413 0.065625
2 0.668745 0.303125 0.668745 0.307813 0.666665 0.309375 0.664585 0.309375 0.662505 0.310937 0.660425 0.310937 0.658345 0.312500 0.656265 0.312500 0.652104 0.315625 0.650024 0.315625 0.645864 0.318750 0.643784 0.318750 0.633384 0.326562 0.633384 0.328125 0.631304 0.329687 0.631304 0.331250 0.627144 0.334375 0.620903 0.334375 0.620903 0.382812 0.629224 0.382812 0.635464 0.387500 0.635464 0.389062 0.637544 0.389062 0.647944 0.396875 0.650024 0.396875 0.652104 0.398438 0.654185 0.398438 0.656265 0.400000 0.660425 0.400000 0.664585 0.403125 0.664585 0.407812 0.693706 0.407812 0.693706 0.403125 0.697866 0.400000 0.702026 0.400000 0.704106 0.398438 0.706186 0.398438 0.708267 0.396875 0.712427 0.396875 0.716587 0.393750 0.718667 0.393750 0.731147 0.384375 0.731147 0.382812 0.737388 0.378125 0.737388 0.375000 0.739468 0.373437 0.739468 0.371875 0.741548 0.370312 0.741548 0.367188 0.743628 0.365625 0.743628 0.364062 0.745708 0.362500 0.751948 0.362500 0.751948 0.343750 0.745708 0.343750 0.743628 0.342187 0.743628 0.340625 0.741548 0.339062 0.741548 0.337500 0.739468 0.335938 0.739468 0.332812 0.735308 0.329687 0.735308 0.328125 0.729067 0.323437 0.729067 0.321875 0.726987 0.320312 0.724907 0.320312 0.714507 0.312500 0.712427 0.312500 0.710347 0.310937 0.706186 0.310937 0.702026 0.307813 0.702026 0.303125
1 0.431616 0.603125 0.431616 0.610937 0.433696 0.612500 0.433696 0.614062 0.431616 0.615625 0.431616 0.620312 0.429536 0.621875 0.429536 0.623438 0.427456 0.625000 0.427456 0.646875 0.425376 0.648438 0.425376 0.650000 0.423296 0.651562 0.423296 0.653125 0.419136 0.656250 0.412896 0.656250 0.412896 0.696875 0.419136 0.696875 0.423296 0.700000 0.423296 0.701562 0.425376 0.703125 0.425376 0.704687 0.431616 0.709375 0.431616 0.710938 0.442017 0.718750 0.444097 0.718750 0.446177 0.720312 0.446177 0.726562 0.516899 0.726562 0.516899 0.720312 0.518979 0.718750 0.521060 0.718750 0.535620 0.707812 0.535620 0.706250 0.539780 0.703125 0.539780 0.701562 0.541860 0.700000 0.541860 0.698437 0.543940 0.696875 0.543940 0.695312 0.546021 0.693750 0.552261 0.693750 0.552261 0.659375 0.546021 0.659375 0.543940 0.657812 0.543940 0.656250 0.541860 0.654687 0.541860 0.653125 0.537700 0.650000 0.537700 0.648438 0.533540 0.645312 0.533540 0.643750 0.525220 0.637500 0.523140 0.637500 0.504419 0.623438 0.504419 0.621875 0.502339 0.620312 0.502339 0.618750 0.500259 0.617188 0.500259 0.615625 0.498179 0.614062 0.498179 0.612500 0.496099 0.610937 0.496099 0.609375 0.494019 0.607813 0.494019 0.603125
1 0.464897 0.000000 0.464897 0.004687 0.466978 0.006250 0.466978 0.007812 0.479458 0.017187 0.481538 0.017187 0.485698 0.020312 0.487778 0.020312 0.494019 0.025000 0.498179 0.025000 0.500259 0.026562 0.504419 0.026562 0.506499 0.028125 0.506499 0.029687 0.508579 0.031250 0.508579 0.034375 0.506499 0.035937 0.504419 0.035937 0.498179 0.040625 0.496099 0.040625 0.489858 0.045312 0.489858 0.046875 0.487778 0.048437 0.485698 0.048437 0.475298 0.056250 0.473218 0.056250 0.460737 0.065625 0.454497 0.065625 0.454497 0.118750 0.460737 0.118750 0.469058 0.125000 0.471138 0.125000 0.477378 0.129687 0.481538 0.129687 0.483618 0.131250 0.485698 0.131250 0.487778 0.132812 0.491938 0.132812 0.494019 0.134375 0.496099 0.134375 0.500259 0.137500 0.502339 0.137500 0.506499 0.140625 0.506499 0.142187 0.508579 0.143750 0.510659 0.143750 0.516899 0.148437 0.518979 0.148437 0.523140 0.151562 0.525220 0.151562 0.527300 0.153125 0.529380 0.153125 0.531460 0.154687 0.535620 0.154687 0.537700 0.156250 0.541860 0.156250 0.546021 0.159375 0.546021 0.164062 0.604263 0.164062 0.604263 0.159375 0.606343 0.157812 0.608423 0.157812 0.610503 0.156250 0.618823 0.156250 0.620903 0.154687 0.631304 0.154687 0.633384 0.153125 0.639624 0.153125 0.641704 0.151562 0.647944 0.151562 0.650024 0.150000 0.654185 0.150000 0.656265 0.148437 0.660425 0.148437 0.662505 0.146875 0.666665 0.146875 0.668745 0.145312 0.670825 0.145312 0.672905 0.143750 0.674985 0.143750 0.677065 0.142187 0.679145 0.142187 0.685386 0.137500 0.687466 0.137500 0.702026 0.126562 0.704106 0.126562 0.706186 0.125000 0.708267 0.125000 0.710347 0.123437 0.716587 0.123437 0.718667 0.121875 0.724907 0.121875 0.726987 0.120312 0.731147 0.120312 0.733227 0.118750 0.735308 0.118750 0.745708 0.110937 0.751948 0.110937 0.751948 0.068750 0.745708 0.068750 0.743628 0.067187 0.743628 0.065625 0.741548 0.064062 0.741548 0.059375 0.739468 0.057812 0.739468 0.054688 0.737388 0.053125 0.737388 0.051562 0.735308 0.050000 0.735308 0.048437 0.733227 0.046875 0.733227 0.040625 0.731147 0.039062 0.731147 0.035937 0.729067 0.034375 0.729067 0.031250 0.726987 0.029687 0.726987 0.026562 0.724907 0.025000 0.724907 0.020312 0.722827 0.018750 0.722827 0.014062 0.720747 0.012500 0.720747 0.010937 0.718667 0.009375 0.718667 0.006250 0.716587 0.004687 0.716587 0.000000
1 0.957876 0.928125 0.957876 0.932812 0.953716 0.935937 0.951636 0.935937 0.949556 0.937500 0.945395 0.937500 0.943315 0.939062 0.937075 0.939062 0.934995 0.940625 0.928755 0.940625 0.926675 0.942187 0.920435 0.942187 0.918354 0.943750 0.916274 0.943750 0.914194 0.945312 0.910034 0.945312 0.907954 0.946875 0.899634 0.946875 0.897554 0.948437 0.893394 0.948437 0.891313 0.950000 0.887153 0.950000 0.885073 0.951562 0.880913 0.951562 0.878833 0.953125 0.872593 0.953125 0.870513 0.954687 0.868433 0.954687 0.866352 0.956250 0.864272 0.956250 0.862192 0.957812 0.858032 0.957812 0.855952 0.959375 0.849712 0.959375 0.847632 0.960938 0.841392 0.960938 0.839311 0.962500 0.833071 0.962500 0.830991 0.964062 0.824751 0.964062 0.822671 0.965625 0.816431 0.965625 0.814351 0.967187 0.808110 0.967187 0.806030 0.968750 0.801870 0.968750 0.799790 0.970312 0.795630 0.970312 0.793550 0.971875 0.789390 0.971875 0.787310 0.973437 0.783149 0.973437 0.781069 0.975000 0.774829 0.975000 0.772749 0.976562 0.768589 0.976562 0.766509 0.978125 0.760269 0.978125 0.758188 0.979687 0.754028 0.979687 0.751948 0.981250 0.747788 0.981250 0.745708 0.982812 0.743628 0.982812 0.741548 0.984375 0.737388 0.984375 0.735308 0.985937 0.731147 0.985937 0.729067 0.987500 0.724907 0.987500 0.722827 0.989062 0.714507 0.989062 0.712427 0.990625 0.704106 0.990625 0.704106 0.998437 1.000000 0.998437 1.000000 0.928125
1 0.853872 0.245312 0.853872 0.276562 0.866352 0.276562 0.866352 0.259375 0.864272 0.257812 0.864272 0.251562 0.862192 0.250000 0.862192 0.246875 0.860112 0.245312 0.853872 0.245312 0.853872 0.218750 0.878833 0.218750 0.880913 0.220312 0.882993 0.220312 0.885073 0.221875 0.887153 0.220312 0.889233 0.220312 0.895474 0.215625 0.895474 0.214062 0.901714 0.209375 0.903794 0.209375 0.905874 0.210938 0.910034 0.210938 0.918354 0.217187 0.918354 0.218750 0.924595 0.223437 0.924595 0.225000 0.928755 0.228125 0.928755 0.229687 0.930835 0.231250 0.930835 0.232812 0.939155 0.239062 0.939155 0.240625 0.945395 0.245312 0.945395 0.246875 0.947476 0.246875 0.949556 0.248437 0.949556 0.250000 0.953716 0.253125 0.953716 0.254687 0.955796 0.254687 0.957876 0.256250 0.957876 0.257812 0.959956 0.259375 0.962036 0.259375 0.966196 0.262500 0.966196 0.264062 0.968276 0.264062 0.972437 0.267187 0.974517 0.267187 0.976597 0.268750 0.978677 0.268750 0.980757 0.270312 0.980757 0.276562 1.000000 0.276562 1.000000 0.103125 0.949556 0.103125 0.949556 0.107812 0.947476 0.109375 0.943315 0.109375 0.941235 0.110937 0.924595 0.110937 0.922515 0.112500 0.918354 0.112500 0.916274 0.114062 0.914194 0.114062 0.912114 0.115625 0.910034 0.115625 0.907954 0.117188 0.905874 0.117188 0.903794 0.118750 0.901714 0.118750 0.899634 0.120312 0.897554 0.120312 0.895474 0.121875 0.891313 0.121875 0.889233 0.123437 0.885073 0.123437 0.870513 0.134375 0.868433 0.134375 0.862192 0.139062 0.853872 0.139062 0.853872 0.218750