0 0.350000 0.520833 0.350000 0.527083 0.346875 0.531250 0.345313 0.531250 0.343750 0.533333 0.342187 0.533333 0.340625 0.535417 0.339063 0.535417 0.332812 0.543750 0.331250 0.543750 0.323438 0.554167 0.323438 0.556250 0.318750 0.562500 0.318750 0.564583 0.317187 0.566667 0.317187 0.568750 0.314063 0.572917 0.309375 0.572917 0.309375 0.627083 0.314063 0.627083 0.315625 0.629167 0.315625 0.631250 0.317187 0.633333 0.317187 0.635417 0.318750 0.637500 0.318750 0.639583 0.320312 0.641667 0.320312 0.643750 0.325000 0.650000 0.325000 0.652083 0.328125 0.656250 0.329688 0.656250 0.334375 0.662500 0.335938 0.662500 0.337500 0.664583 0.339063 0.664583 0.340625 0.666667 0.343750 0.666667 0.346875 0.670833 0.346875 0.677083 0.370313 0.677083 0.370313 0.670833 0.371875 0.668750 0.373437 0.668750 0.375000 0.666667 0.379687 0.666667 0.381250 0.664583 0.384375 0.664583 0.385938 0.662500 0.387500 0.662500 0.389062 0.660417 0.390625 0.660417 0.403125 0.643750 0.403125 0.641667 0.406250 0.637500 0.406250 0.635417 0.407813 0.633333 0.407813 0.631250 0.410937 0.627083 0.410937 0.622917 0.412500 0.620833 0.412500 0.602083 0.414062 0.600000 0.414062 0.597917 0.415625 0.595833 0.420312 0.595833 0.420312 0.591667 0.415625 0.591667 0.414062 0.589583 0.414062 0.585417 0.412500 0.583333 0.412500 0.577083 0.414062 0.575000 0.414062 0.568750 0.412500 0.566667 0.412500 0.562500 0.410937 0.560417 0.410937 0.558333 0.409375 0.556250 0.409375 0.554167 0.407813 0.552083 0.407813 0.550000 0.404687 0.545833 0.404687 0.543750 0.400000 0.537500 0.400000 0.535417 0.396875 0.531250 0.395312 0.531250 0.393750 0.529167 0.393750 0.520833
0 0.528125 0.562500 0.528125 0.568750 0.521875 0.577083 0.520312 0.577083 0.507812 0.593750 0.503125 0.593750 0.503125 0.656250 0.509375 0.656250 0.510938 0.658333 0.510938 0.660417 0.521875 0.675000 0.523438 0.675000 0.526563 0.679167 0.526563 0.685417 0.571875 0.685417 0.571875 0.679167 0.575000 0.675000 0.576563 0.675000 0.585938 0.662500 0.585938 0.660417 0.590625 0.654167 0.595312 0.654167 0.595312 0.593750 0.590625 0.593750 0.585938 0.587500 0.585938 0.585417 0.573438 0.568750 0.573438 0.562500
1 0.287500 0.920833 0.287500 0.927083 0.284375 0.931250 0.281250 0.931250 0.278125 0.935417 0.276563 0.935417 0.275000 0.937500 0.273438 0.937500 0.271875 0.939583 0.270312 0.939583 0.265625 0.945833 0.264062 0.945833 0.246875 0.968750 0.246875 0.970833 0.243750 0.975000 0.243750 0.977083 0.239063 0.983333 0.234375 0.983333 0.234375 0.997917 0.395312 0.997917 0.395312 0.981250 0.390625 0.981250 0.387500 0.977083 0.387500 0.975000 0.385938 0.972917 0.385938 0.970833 0.382812 0.966667 0.382812 0.964583 0.379687 0.960417 0.379687 0.958333 0.365625 0.939583 0.364062 0.939583 0.360938 0.935417 0.359375 0.935417 0.357812 0.933333 0.356250 0.933333 0.354688 0.931250 0.353125 0.931250 0.350000 0.927083 0.350000 0.920833
0 0.329688 0.254167 0.329688 0.260417 0.328125 0.262500 0.326562 0.262500 0.325000 0.264583 0.323438 0.264583 0.321875 0.266667 0.320312 0.266667 0.318750 0.268750 0.317187 0.268750 0.314063 0.272917 0.312500 0.272917 0.309375 0.277083 0.307813 0.277083 0.307813 0.279167 0.301562 0.287500 0.301562 0.289583 0.298438 0.293750 0.298438 0.295833 0.295312 0.300000 0.290625 0.300000 0.290625 0.364583 0.296875 0.364583 0.298438 0.366667 0.298438 0.368750 0.300000 0.370833 0.300000 0.372917 0.314063 0.391667 0.315625 0.391667 0.317187 0.393750 0.317187 0.402083 0.367188 0.402083 0.367188 0.395833 0.373437 0.387500 0.375000 0.387500 0.375000 0.385417 0.379687 0.379167 0.379687 0.377083 0.382812 0.372917 0.382812 0.370833 0.385938 0.366667 0.385938 0.364583 0.387500 0.362500 0.387500 0.360417 0.389062 0.358333 0.389062 0.356250 0.392188 0.352083 0.392188 0.350000 0.396875 0.343750 0.401563 0.343750 0.401563 0.306250 0.396875 0.306250 0.393750 0.302083 0.393750 0.300000 0.392188 0.297917 0.392188 0.295833 0.390625 0.293750 0.390625 0.291667 0.371875 0.266667 0.370313 0.266667 0.368750 0.264583 0.367188 0.264583 0.365625 0.262500 0.365625 0.254167
1 0.567187 0.437500 0.567187 0.443750 0.562500 0.450000 0.560938 0.450000 0.548437 0.466667 0.548437 0.468750 0.546875 0.470833 0.540625 0.470833 0.540625 0.520833 0.545313 0.520833 0.546875 0.522917 0.546875 0.525000 0.548437 0.527083 0.548437 0.531250 0.559375 0.545833 0.560938 0.545833 0.564062 0.550000 0.565625 0.550000 0.568750 0.554167 0.568750 0.560417 0.607813 0.560417 0.607813 0.554167 0.610937 0.550000 0.612500 0.550000 0.614062 0.547917 0.615625 0.547917 0.621875 0.539583 0.623438 0.539583 0.623438 0.537500 0.628125 0.531250 0.632812 0.531250 0.632812 0.481250 0.628125 0.481250 0.621875 0.472917 0.621875 0.470833 0.620313 0.468750 0.618750 0.468750 0.617188 0.466667 0.615625 0.466667 0.614062 0.464583 0.612500 0.464583 0.610937 0.462500 0.609375 0.462500 0.607813 0.460417 0.606250 0.460417 0.603125 0.456250 0.601562 0.456250 0.596875 0.450000 0.595312 0.450000 0.590625 0.443750 0.590625 0.437500
1 0.004688 0.829167 0.004688 0.837500 0.003125 0.839583 0.000000 0.839583 0.000000 0.997917 0.078125 0.997917 0.078125 0.995833 0.085938 0.985417 0.085938 0.983333 0.087500 0.981250 0.087500 0.979167 0.090625 0.975000 0.090625 0.970833 0.092188 0.968750 0.092188 0.966667 0.093750 0.964583 0.093750 0.960417 0.095312 0.958333 0.095312 0.954167 0.096875 0.952083 0.096875 0.947917 0.098438 0.945833 0.098438 0.937500 0.100000 0.935417 0.100000 0.918750 0.101562 0.916667 0.101562 0.910417 0.103125 0.908333 0.107813 0.908333 0.107813 0.870833 0.103125 0.870833 0.098438 0.864583 0.098438 0.862500 0.092188 0.854167 0.090625 0.854167 0.089062 0.852083 0.087500 0.852083 0.085938 0.850000 0.084375 0.850000 0.082813 0.847917 0.079687 0.847917 0.078125 0.845833 0.073437 0.845833 0.071875 0.843750 0.068750 0.843750 0.067188 0.841667 0.064062 0.841667 0.062500 0.839583 0.054688 0.839583 0.053125 0.837500 0.048437 0.837500 0.046875 0.835417 0.046875 0.829167
1 0.407813 0.337500 0.407813 0.343750 0.404687 0.347917 0.403125 0.347917 0.395312 0.358333 0.393750 0.358333 0.392188 0.360417 0.392188 0.362500 0.382812 0.375000 0.378125 0.375000 0.378125 0.427083 0.382812 0.427083 0.384375 0.429167 0.384375 0.431250 0.385938 0.433333 0.385938 0.437500 0.387500 0.439583 0.387500 0.441667 0.393750 0.450000 0.393750 0.452083 0.395312 0.454167 0.396875 0.454167 0.401563 0.460417 0.401563 0.468750 0.456250 0.468750 0.456250 0.460417 0.457812 0.458333 0.459375 0.458333 0.465625 0.450000 0.465625 0.447917 0.468750 0.443750 0.468750 0.441667 0.471875 0.437500 0.476562 0.437500 0.476562 0.364583 0.470313 0.364583 0.465625 0.358333 0.465625 0.356250 0.456250 0.343750 0.456250 0.337500
2 0.426562 0.195833 0.426562 0.202083 0.423438 0.206250 0.421875 0.206250 0.415625 0.214583 0.414062 0.214583 0.409375 0.220833 0.407813 0.220833 0.407813 0.222917 0.404687 0.227083 0.404687 0.229167 0.400000 0.235417 0.400000 0.237500 0.398438 0.239583 0.398438 0.241667 0.395312 0.245833 0.390625 0.245833 0.390625 0.275000 0.395312 0.275000 0.396875 0.277083 0.396875 0.281250 0.398438 0.283333 0.398438 0.293750 0.400000 0.295833 0.400000 0.300000 0.414062 0.318750 0.415625 0.318750 0.418750 0.322917 0.420312 0.322917 0.421875 0.325000 0.423438 0.325000 0.426562 0.329167 0.426562 0.335417 0.473437 0.335417 0.473437 0.327083 0.475000 0.325000 0.476562 0.325000 0.479688 0.320833 0.481250 0.320833 0.492188 0.306250 0.492188 0.304167 0.496875 0.297917 0.501562 0.297917 0.501562 0.237500 0.496875 0.237500 0.492188 0.231250 0.492188 0.229167 0.478125 0.210417 0.476562 0.210417 0.473437 0.206250 0.471875 0.206250 0.468750 0.202083 0.468750 0.195833
0 0.667188 0.462500 0.667188 0.468750 0.662500 0.475000 0.660937 0.475000 0.651563 0.487500 0.646875 0.487500 0.646875 0.550000 0.651563 0.550000 0.654688 0.554167 0.656250 0.554167 0.659375 0.558333 0.660937 0.558333 0.664062 0.562500 0.665625 0.562500 0.668750 0.566667 0.670313 0.566667 0.673437 0.570833 0.675000 0.570833 0.678125 0.575000 0.679688 0.575000 0.682813 0.579167 0.682813 0.585417 0.704687 0.585417 0.704687 0.579167 0.707812 0.575000 0.709375 0.575000 0.710938 0.572917 0.714063 0.572917 0.720312 0.564583 0.721875 0.564583 0.725000 0.560417 0.725000 0.558333 0.729688 0.552083 0.729688 0.550000 0.734375 0.543750 0.739062 0.543750 0.739062 0.493750 0.734375 0.493750 0.729688 0.487500 0.729688 0.485417 0.720312 0.472917 0.718750 0.472917 0.715625 0.468750 0.715625 0.462500
2 0.460938 0.679167 0.460938 0.685417 0.459375 0.687500 0.457812 0.687500 0.456250 0.689583 0.453125 0.689583 0.451562 0.691667 0.450000 0.691667 0.448438 0.693750 0.446875 0.693750 0.443750 0.697917 0.442187 0.697917 0.435937 0.706250 0.435937 0.708333 0.434375 0.710417 0.428125 0.710417 0.428125 0.781250 0.434375 0.781250 0.437500 0.785417 0.437500 0.787500 0.445312 0.797917 0.446875 0.797917 0.451562 0.804167 0.451562 0.810417 0.504687 0.810417 0.504687 0.802083 0.507812 0.797917 0.509375 0.797917 0.517187 0.787500 0.517187 0.785417 0.521875 0.779167 0.521875 0.777083 0.523438 0.775000 0.523438 0.772917 0.525000 0.770833 0.525000 0.766667 0.528125 0.762500 0.532812 0.762500 0.532812 0.729167 0.528125 0.729167 0.525000 0.725000 0.525000 0.722917 0.523438 0.720833 0.523438 0.718750 0.521875 0.716667 0.521875 0.714583 0.510938 0.700000 0.509375 0.700000 0.507812 0.697917 0.506250 0.697917 0.504687 0.695833 0.503125 0.695833 0.501562 0.693750 0.495313 0.693750 0.493750 0.691667 0.490625 0.691667 0.489062 0.689583 0.484375 0.689583 0.481250 0.685417 0.481250 0.679167
0 0.517187 0.304167 0.517187 0.312500 0.512500 0.318750 0.512500 0.320833 0.509375 0.325000 0.509375 0.327083 0.507812 0.329167 0.507812 0.333333 0.506250 0.335417 0.506250 0.339583 0.504687 0.341667 0.504687 0.343750 0.501562 0.347917 0.496875 0.347917 0.496875 0.387500 0.501562 0.387500 0.503125 0.389583 0.503125 0.391667 0.504687 0.393750 0.504687 0.397917 0.506250 0.400000 0.506250 0.402083 0.507812 0.404167 0.507812 0.406250 0.509375 0.408333 0.509375 0.410417 0.512500 0.414583 0.512500 0.416667 0.515625 0.420833 0.517187 0.420833 0.521875 0.427083 0.523438 0.427083 0.526563 0.431250 0.528125 0.431250 0.529688 0.433333 0.531250 0.433333 0.532812 0.435417 0.534375 0.435417 0.535937 0.437500 0.535937 0.443750 0.560938 0.443750 0.560938 0.437500 0.564062 0.433333 0.567187 0.433333 0.568750 0.431250 0.570312 0.431250 0.576563 0.422917 0.576563 0.420833 0.578125 0.418750 0.578125 0.414583 0.579687 0.412500 0.579687 0.402083 0.581250 0.400000 0.581250 0.391667 0.582812 0.389583 0.582812 0.383333 0.584375 0.381250 0.584375 0.377083 0.585938 0.375000 0.585938 0.368750 0.587500 0.366667 0.587500 0.364583 0.589063 0.362500 0.589063 0.354167 0.587500 0.352083 0.587500 0.350000 0.585938 0.347917 0.585938 0.343750 0.582812 0.339583 0.582812 0.337500 0.564062 0.312500 0.564062 0.304167
1 0.421875 0.554167 0.421875 0.562500 0.417188 0.568750 0.410937 0.568750 0.407813 0.564583 0.403125 0.564583 0.403125 0.647917 0.407813 0.647917 0.410937 0.652083 0.410937 0.654167 0.423438 0.670833 0.425000 0.670833 0.426562 0.672917 0.428125 0.672917 0.429688 0.675000 0.431250 0.675000 0.434375 0.679167 0.434375 0.685417 0.476562 0.685417 0.476562 0.677083 0.478125 0.675000 0.479688 0.675000 0.482812 0.670833 0.484375 0.670833 0.485938 0.668750 0.485938 0.666667 0.489062 0.662500 0.495313 0.662500 0.495313 0.587500 0.490625 0.587500 0.489062 0.585417 0.487500 0.585417 0.485938 0.583333 0.485938 0.581250 0.471875 0.562500 0.471875 0.554167
2 0.615625 0.329167 0.615625 0.335417 0.612500 0.339583 0.609375 0.339583 0.607813 0.341667 0.606250 0.341667 0.604688 0.343750 0.603125 0.343750 0.601562 0.345833 0.600000 0.345833 0.595312 0.352083 0.593750 0.352083 0.593750 0.354167 0.590625 0.358333 0.590625 0.360417 0.589063 0.362500 0.584375 0.362500 0.584375 0.435417 0.589063 0.435417 0.600000 0.450000 0.601562 0.450000 0.603125 0.452083 0.603125 0.460417 0.653125 0.460417 0.653125 0.454167 0.656250 0.450000 0.657812 0.450000 0.668750 0.435417 0.668750 0.433333 0.671875 0.429167 0.671875 0.427083 0.673437 0.425000 0.673437 0.422917 0.675000 0.420833 0.675000 0.416667 0.678125 0.412500 0.682813 0.412500 0.682813 0.389583 0.678125 0.389583 0.676562 0.387500 0.676562 0.385417 0.675000 0.383333 0.675000 0.381250 0.673437 0.379167 0.673437 0.375000 0.671875 0.372917 0.671875 0.370833 0.667188 0.364583 0.667188 0.362500 0.653125 0.343750 0.651563 0.343750 0.650000 0.341667 0.648438 0.341667 0.646875 0.339583 0.643750 0.339583 0.640625 0.335417 0.640625 0.329167
1 0.612500 0.670833 0.612500 0.677083 0.598437 0.695833 0.598437 0.697917 0.592188 0.706250 0.592188 0.708333 0.589063 0.712500 0.584375 0.712500 0.584375 0.752083 0.589063 0.752083 0.592188 0.756250 0.592188 0.758333 0.593750 0.760417 0.593750 0.762500 0.600000 0.770833 0.600000 0.772917 0.606250 0.781250 0.607813 0.781250 0.610937 0.785417 0.612500 0.785417 0.615625 0.789583 0.618750 0.789583 0.620313 0.791667 0.625000 0.791667 0.628125 0.795833 0.628125 0.802083 0.640625 0.802083 0.640625 0.795833 0.642187 0.793750 0.643750 0.793750 0.645312 0.791667 0.648438 0.791667 0.650000 0.789583 0.653125 0.789583 0.657812 0.783333 0.659375 0.783333 0.660937 0.781250 0.662500 0.781250 0.668750 0.772917 0.668750 0.770833 0.673437 0.764583 0.673437 0.762500 0.675000 0.760417 0.675000 0.758333 0.678125 0.754167 0.682813 0.754167 0.682813 0.712500 0.678125 0.712500 0.673437 0.706250 0.673437 0.704167 0.671875 0.702083 0.671875 0.700000 0.659375 0.683333 0.657812 0.683333 0.653125 0.677083 0.653125 0.670833
2 0.326562 0.404167 0.325000 0.406250 0.303125 0.406250 0.301562 0.408333 0.298438 0.408333 0.296875 0.410417 0.293750 0.410417 0.292188 0.412500 0.290625 0.412500 0.287500 0.416667 0.285937 0.416667 0.284375 0.418750 0.282813 0.418750 0.282813 0.420833 0.278125 0.427083 0.276563 0.427083 0.276563 0.429167 0.270312 0.437500 0.270312 0.439583 0.268750 0.441667 0.268750 0.443750 0.264062 0.450000 0.259375 0.450000 0.259375 0.512500 0.264062 0.512500 0.267188 0.516667 0.267188 0.518750 0.268750 0.520833 0.268750 0.522917 0.275000 0.531250 0.275000 0.533333 0.282813 0.543750 0.284375 0.543750 0.285937 0.545833 0.287500 0.545833 0.290625 0.550000 0.292188 0.550000 0.295312 0.554167 0.295312 0.560417 0.321875 0.560417 0.321875 0.554167 0.331250 0.541667 0.332812 0.541667 0.335938 0.537500 0.339063 0.537500 0.340625 0.535417 0.342187 0.535417 0.346875 0.529167 0.350000 0.529167 0.351562 0.527083 0.353125 0.527083 0.357812 0.520833 0.359375 0.520833 0.360938 0.518750 0.364062 0.518750 0.370313 0.510417 0.376563 0.510417 0.376563 0.441667 0.371875 0.441667 0.367188 0.435417 0.367188 0.433333 0.357812 0.420833 0.356250 0.420833 0.353125 0.416667 0.351562 0.416667 0.350000 0.414583 0.348437 0.414583 0.342187 0.406250 0.340625 0.406250 0.339063 0.404167
2 0.621875 0.554167 0.621875 0.560417 0.607813 0.579167 0.607813 0.581250 0.606250 0.583333 0.606250 0.585417 0.604688 0.587500 0.604688 0.595833 0.603125 0.597917 0.603125 0.606250 0.601562 0.608333 0.596875 0.608333 0.596875 0.635417 0.601562 0.635417 0.604688 0.639583 0.604688 0.643750 0.606250 0.645833 0.606250 0.647917 0.607813 0.650000 0.607813 0.652083 0.617188 0.664583 0.618750 0.664583 0.620313 0.666667 0.621875 0.666667 0.625000 0.670833 0.625000 0.677083 0.654688 0.677083 0.654688 0.670833 0.657812 0.666667 0.659375 0.666667 0.660937 0.664583 0.664062 0.664583 0.665625 0.662500 0.667188 0.662500 0.668750 0.660417 0.670313 0.660417 0.675000 0.654167 0.676562 0.654167 0.678125 0.652083 0.678125 0.650000 0.684375 0.641667 0.689062 0.641667 0.689062 0.589583 0.682813 0.589583 0.670313 0.572917 0.668750 0.572917 0.664062 0.566667 0.662500 0.566667 0.660937 0.564583 0.657812 0.564583 0.656250 0.562500 0.656250 0.554167
1 0.637500 0.954167 0.637500 0.960417 0.632812 0.966667 0.631250 0.966667 0.626562 0.972917 0.625000 0.972917 0.621875 0.977083 0.620313 0.977083 0.615625 0.983333 0.614062 0.983333 0.610937 0.987500 0.609375 0.987500 0.607813 0.989583 0.603125 0.989583 0.603125 0.997917 0.695312 0.997917 0.695312 0.991667 0.689062 0.991667 0.687500 0.989583 0.687500 0.987500 0.675000 0.970833 0.673437 0.970833 0.668750 0.964583 0.667188 0.964583 0.664062 0.960417 0.664062 0.954167
2 0.476562 0.454167 0.476562 0.464583 0.475000 0.466667 0.475000 0.468750 0.471875 0.472917 0.464063 0.472917 0.462500 0.475000 0.460938 0.475000 0.451562 0.487500 0.446875 0.487500 0.446875 0.529167 0.451562 0.529167 0.453125 0.531250 0.453125 0.535417 0.454688 0.537500 0.454688 0.541667 0.464063 0.554167 0.465625 0.554167 0.467187 0.556250 0.468750 0.556250 0.470313 0.558333 0.470313 0.560417 0.471875 0.562500 0.473437 0.562500 0.484375 0.577083 0.484375 0.585417 0.518750 0.585417 0.518750 0.579167 0.523438 0.572917 0.525000 0.572917 0.540625 0.552083 0.545313 0.552083 0.545313 0.502083 0.540625 0.502083 0.537500 0.497917 0.537500 0.493750 0.535937 0.491667 0.535937 0.489583 0.534375 0.487500 0.534375 0.483333 0.532812 0.481250 0.532812 0.479167 0.531250 0.477083 0.531250 0.470833 0.529688 0.468750 0.529688 0.466667 0.526563 0.462500 0.526563 0.460417 0.520312 0.452083 0.518750 0.452083 0.512500 0.443750 0.512500 0.437500 0.484375 0.437500 0.484375 0.445833 0.482812 0.447917 0.481250 0.447917 0.476562 0.454167 0.467187 0.445833 0.467187 0.437500 0.446875 0.437500 0.446875 0.462500 0.453125 0.462500 0.454688 0.460417 0.456250 0.460417 0.459375 0.456250 0.460938 0.456250 0.465625 0.450000 0.465625 0.447917 0.467187 0.445833