1 0.518979 0.484375 0.518979 0.489062 0.516899 0.490625 0.514819 0.490625 0.512739 0.492188 0.510659 0.492188 0.498179 0.501562 0.498179 0.503125 0.494019 0.506250 0.494019 0.507812 0.491938 0.509375 0.491938 0.510937 0.485698 0.515625 0.479458 0.515625 0.479458 0.560937 0.487778 0.560937 0.489858 0.562500 0.489858 0.564062 0.502339 0.573437 0.504419 0.573437 0.510659 0.578125 0.512739 0.578125 0.516899 0.581250 0.518979 0.581250 0.521060 0.582812 0.523140 0.582812 0.525220 0.584375 0.527300 0.584375 0.529380 0.585937 0.531460 0.585937 0.537700 0.590625 0.537700 0.595312 0.581382 0.595312 0.581382 0.590625 0.585542 0.587500 0.587622 0.587500 0.591782 0.584375 0.593862 0.584375 0.598022 0.581250 0.600103 0.581250 0.606343 0.576562 0.608423 0.576562 0.614663 0.571875 0.614663 0.570312 0.616743 0.568750 0.616743 0.565625 0.620903 0.562500 0.627144 0.562500 0.627144 0.515625 0.620903 0.515625 0.616743 0.512500 0.616743 0.510937 0.612583 0.507812 0.612583 0.506250 0.602183 0.498437 0.600103 0.498437 0.593862 0.493750 0.591782 0.493750 0.589702 0.492188 0.587622 0.492188 0.583462 0.489062 0.583462 0.484375
0 0.446177 0.571875 0.446177 0.576562 0.442017 0.579687 0.439936 0.579687 0.419136 0.595312 0.419136 0.596875 0.410815 0.603125 0.404575 0.603125 0.404575 0.645312 0.410815 0.645312 0.414976 0.648438 0.414976 0.650000 0.417056 0.651562 0.417056 0.653125 0.419136 0.654687 0.419136 0.656250 0.425376 0.660937 0.425376 0.662500 0.429536 0.665625 0.429536 0.667187 0.433696 0.670312 0.435776 0.670312 0.439936 0.673437 0.442017 0.673437 0.444097 0.675000 0.446177 0.675000 0.448257 0.676562 0.448257 0.682812 0.514819 0.682812 0.514819 0.676562 0.516899 0.675000 0.518979 0.675000 0.521060 0.673437 0.523140 0.673437 0.531460 0.667187 0.533540 0.667187 0.537700 0.664062 0.537700 0.662500 0.541860 0.659375 0.541860 0.657812 0.546021 0.654687 0.552261 0.654687 0.552261 0.598437 0.546021 0.598437 0.539780 0.593750 0.539780 0.592187 0.537700 0.590625 0.535620 0.590625 0.531460 0.587500 0.529380 0.587500 0.527300 0.585937 0.525220 0.585937 0.521060 0.582812 0.518979 0.582812 0.516899 0.581250 0.514819 0.581250 0.508579 0.576562 0.508579 0.571875
1 0.377534 0.390625 0.377534 0.395312 0.375454 0.396875 0.373374 0.396875 0.371294 0.398438 0.367134 0.398438 0.365054 0.400000 0.362974 0.400000 0.356733 0.404687 0.354653 0.404687 0.338013 0.417187 0.338013 0.418750 0.333853 0.421875 0.333853 0.423437 0.331772 0.425000 0.331772 0.426562 0.329692 0.428125 0.329692 0.429688 0.327612 0.431250 0.321372 0.431250 0.321372 0.476562 0.329692 0.476562 0.331772 0.478125 0.331772 0.479687 0.338013 0.484375 0.340093 0.484375 0.344253 0.487500 0.346333 0.487500 0.352573 0.492188 0.354653 0.492188 0.356733 0.493750 0.358813 0.493750 0.362974 0.496875 0.362974 0.501562 0.431616 0.501562 0.431616 0.496875 0.435776 0.493750 0.437856 0.493750 0.439936 0.492188 0.442017 0.492188 0.444097 0.490625 0.446177 0.490625 0.448257 0.489062 0.450337 0.489062 0.458657 0.482812 0.458657 0.481250 0.460737 0.479687 0.469058 0.479687 0.469058 0.423437 0.462817 0.423437 0.458657 0.420312 0.458657 0.418750 0.454497 0.415625 0.454497 0.414062 0.452417 0.412500 0.450337 0.412500 0.444097 0.407812 0.442017 0.407812 0.437856 0.404687 0.435776 0.404687 0.433696 0.403125 0.431616 0.403125 0.429536 0.401562 0.427456 0.401562 0.425376 0.400000 0.423296 0.400000 0.421216 0.398438 0.417056 0.398438 0.412896 0.395312 0.412896 0.390625
0 0.504419 0.390625 0.504419 0.395312 0.500259 0.398438 0.498179 0.398438 0.487778 0.406250 0.485698 0.406250 0.473218 0.415625 0.473218 0.417187 0.471138 0.418750 0.462817 0.418750 0.462817 0.473437 0.469058 0.473437 0.473218 0.476562 0.473218 0.478125 0.489858 0.490625 0.489858 0.495312 0.535620 0.495312 0.535620 0.490625 0.537700 0.489062 0.539780 0.490625 0.539780 0.495312 0.556421 0.495312 0.556421 0.490625 0.558501 0.489062 0.562661 0.489062 0.564741 0.487500 0.577222 0.487500 0.579302 0.485937 0.581382 0.485937 0.585542 0.482812 0.587622 0.482812 0.591782 0.479687 0.591782 0.478125 0.600103 0.471875 0.600103 0.468750 0.604263 0.465625 0.610503 0.465625 0.610503 0.426562 0.604263 0.426562 0.600103 0.423437 0.600103 0.420312 0.595942 0.417187 0.595942 0.415625 0.577222 0.401562 0.575142 0.401562 0.570981 0.398438 0.568901 0.398438 0.564741 0.395312 0.564741 0.390625
2 0.652104 0.365625 0.652104 0.371875 0.650024 0.373437 0.647944 0.373437 0.645864 0.375000 0.643784 0.375000 0.631304 0.384375 0.631304 0.385937 0.625063 0.390625 0.625063 0.392187 0.622983 0.393750 0.622983 0.395312 0.620903 0.396875 0.620903 0.398438 0.618823 0.400000 0.612583 0.400000 0.612583 0.435937 0.618823 0.435937 0.622983 0.439062 0.622983 0.440625 0.625063 0.442187 0.625063 0.443750 0.627144 0.445312 0.627144 0.446875 0.629224 0.448437 0.629224 0.450000 0.633384 0.453125 0.633384 0.454687 0.641704 0.460938 0.643784 0.460938 0.650024 0.465625 0.650024 0.470312 0.724907 0.470312 0.724907 0.464062 0.726987 0.462500 0.729067 0.462500 0.747788 0.448437 0.747788 0.446875 0.749868 0.445312 0.749868 0.443750 0.754028 0.440625 0.760269 0.440625 0.760269 0.395312 0.754028 0.395312 0.749868 0.392187 0.749868 0.390625 0.745708 0.387500 0.745708 0.385937 0.731147 0.375000 0.729067 0.375000 0.722827 0.370312 0.722827 0.365625
1 0.837231 0.521875 0.837231 0.526562 0.830991 0.531250 0.828911 0.531250 0.824751 0.534375 0.822671 0.534375 0.806030 0.546875 0.806030 0.550000 0.801870 0.553125 0.795630 0.553125 0.795630 0.595312 0.801870 0.595312 0.808110 0.600000 0.808110 0.601562 0.820591 0.610937 0.822671 0.610937 0.826831 0.614062 0.828911 0.614062 0.837231 0.620312 0.837231 0.626562 0.903794 0.626562 0.903794 0.621875 0.907954 0.618750 0.910034 0.618750 0.912114 0.617188 0.914194 0.617188 0.918354 0.614062 0.920435 0.614062 0.930835 0.606250 0.930835 0.604687 0.937075 0.600000 0.943315 0.600000 0.943315 0.550000 0.937075 0.550000 0.932915 0.546875 0.932915 0.545312 0.928755 0.542187 0.928755 0.540625 0.924595 0.537500 0.922515 0.537500 0.916274 0.532812 0.914194 0.532812 0.912114 0.531250 0.910034 0.531250 0.907954 0.529687 0.905874 0.529687 0.903794 0.528125 0.901714 0.528125 0.899634 0.526562 0.899634 0.521875
2 0.427456 0.303125 0.427456 0.307813 0.423296 0.310937 0.421216 0.310937 0.419136 0.312500 0.414976 0.312500 0.410815 0.315625 0.408735 0.315625 0.404575 0.318750 0.402495 0.318750 0.394175 0.325000 0.392095 0.325000 0.392095 0.326562 0.383774 0.332812 0.383774 0.334375 0.381694 0.335938 0.381694 0.337500 0.377534 0.340625 0.371294 0.340625 0.371294 0.379687 0.377534 0.379687 0.381694 0.382812 0.381694 0.384375 0.392095 0.392187 0.394175 0.392187 0.396255 0.393750 0.400415 0.393750 0.402495 0.395312 0.408735 0.395312 0.410815 0.396875 0.419136 0.396875 0.421216 0.398438 0.423296 0.398438 0.425376 0.400000 0.427456 0.400000 0.429536 0.401562 0.433696 0.401562 0.435776 0.403125 0.437856 0.403125 0.439936 0.404687 0.442017 0.404687 0.446177 0.407812 0.448257 0.407812 0.450337 0.409375 0.450337 0.414062 0.477378 0.414062 0.477378 0.407812 0.479458 0.406250 0.481538 0.406250 0.487778 0.401562 0.489858 0.401562 0.504419 0.390625 0.504419 0.389062 0.510659 0.384375 0.518979 0.384375 0.518979 0.337500 0.512739 0.337500 0.506499 0.332812 0.506499 0.331250 0.502339 0.328125 0.502339 0.326562 0.496099 0.321875 0.494019 0.321875 0.487778 0.317187 0.485698 0.317187 0.481538 0.314062 0.479458 0.314062 0.477378 0.312500 0.475298 0.312500 0.473218 0.310937 0.469058 0.310937 0.464897 0.307813 0.464897 0.303125
2 0.325532 0.628125 0.325532 0.632812 0.321372 0.635937 0.319292 0.635937 0.317212 0.637500 0.315132 0.637500 0.313052 0.639062 0.310972 0.639062 0.304731 0.643750 0.302651 0.643750 0.300571 0.645312 0.300571 0.646875 0.292251 0.653125 0.292251 0.654687 0.290171 0.656250 0.290171 0.657812 0.286011 0.660937 0.279770 0.660937 0.279770 0.704687 0.286011 0.704687 0.292251 0.709375 0.292251 0.710938 0.294331 0.712500 0.294331 0.714062 0.302651 0.720312 0.302651 0.721875 0.304731 0.723437 0.306812 0.723437 0.315132 0.729687 0.317212 0.729687 0.321372 0.732812 0.323452 0.732812 0.325532 0.734375 0.327612 0.734375 0.329692 0.735937 0.333853 0.735937 0.335933 0.737500 0.338013 0.737500 0.342173 0.740625 0.342173 0.745312 0.377534 0.745312 0.377534 0.740625 0.381694 0.737500 0.383774 0.737500 0.385854 0.735937 0.387935 0.735937 0.390015 0.734375 0.394175 0.734375 0.400415 0.729687 0.402495 0.729687 0.414976 0.720312 0.414976 0.718750 0.421216 0.714062 0.421216 0.712500 0.423296 0.710938 0.423296 0.707812 0.425376 0.706250 0.425376 0.704687 0.429536 0.701562 0.435776 0.701562 0.435776 0.673437 0.429536 0.673437 0.425376 0.670312 0.425376 0.665625 0.419136 0.660937 0.419136 0.659375 0.417056 0.657812 0.417056 0.656250 0.410815 0.651562 0.410815 0.650000 0.406655 0.646875 0.404575 0.646875 0.394175 0.639062 0.392095 0.639062 0.383774 0.632812 0.383774 0.628125
1 0.223608 0.021875 0.223608 0.026562 0.219448 0.029687 0.215288 0.029687 0.213208 0.031250 0.209048 0.031250 0.206968 0.032812 0.204888 0.032812 0.202808 0.034375 0.200728 0.034375 0.198647 0.035937 0.196567 0.035937 0.192407 0.039062 0.190327 0.039062 0.186167 0.042187 0.184087 0.042187 0.179927 0.045312 0.177847 0.045312 0.171606 0.050000 0.169526 0.050000 0.142485 0.070312 0.142485 0.071875 0.134165 0.078125 0.134165 0.079687 0.130005 0.082812 0.130005 0.084375 0.127925 0.085938 0.127925 0.087500 0.125845 0.089062 0.125845 0.090625 0.123765 0.092187 0.123765 0.093750 0.121685 0.095312 0.121685 0.096875 0.119604 0.098437 0.113364 0.098437 0.113364 0.176562 0.119604 0.176562 0.121685 0.178125 0.121685 0.182812 0.127925 0.187500 0.130005 0.187500 0.132085 0.189062 0.132085 0.190625 0.138325 0.195312 0.138325 0.196875 0.140405 0.198437 0.140405 0.200000 0.157046 0.212500 0.159126 0.212500 0.161206 0.214062 0.163286 0.214062 0.165366 0.215625 0.165366 0.220312 0.310972 0.220312 0.310972 0.215625 0.315132 0.212500 0.317212 0.212500 0.319292 0.210938 0.321372 0.210938 0.323452 0.209375 0.325532 0.209375 0.327612 0.207812 0.329692 0.207812 0.331772 0.206250 0.333853 0.206250 0.338013 0.203125 0.340093 0.203125 0.340093 0.201562 0.338013 0.200000 0.338013 0.198437 0.333853 0.195312 0.329692 0.195312 0.325532 0.192187 0.323452 0.192187 0.319292 0.189062 0.319292 0.184375 0.317212 0.182812 0.317212 0.181250 0.315132 0.179688 0.315132 0.176562 0.313052 0.175000 0.313052 0.170312 0.317212 0.167187 0.317212 0.165625 0.338013 0.150000 0.338013 0.148437 0.352573 0.137500 0.354653 0.137500 0.360894 0.132812 0.362974 0.132812 0.365054 0.131250 0.367134 0.131250 0.369214 0.129687 0.371294 0.129687 0.375454 0.126562 0.377534 0.126562 0.390015 0.117188 0.390015 0.115625 0.396255 0.110937 0.402495 0.110937 0.402495 0.059375 0.396255 0.059375 0.392095 0.056250 0.392095 0.054688 0.375454 0.042187 0.373374 0.042187 0.369214 0.039062 0.367134 0.039062 0.362974 0.035937 0.358813 0.035937 0.356733 0.034375 0.354653 0.034375 0.352573 0.032812 0.348413 0.032812 0.346333 0.031250 0.342173 0.031250 0.340093 0.029687 0.335933 0.029687 0.331772 0.026562 0.331772 0.021875
1 0.610503 0.571875 0.610503 0.576562 0.606343 0.579687 0.604263 0.579687 0.602183 0.581250 0.600103 0.581250 0.581382 0.595312 0.581382 0.596875 0.579302 0.598437 0.577222 0.598437 0.575142 0.600000 0.575142 0.601562 0.573062 0.603125 0.573062 0.604687 0.568901 0.607813 0.562661 0.607813 0.562661 0.659375 0.570981 0.659375 0.573062 0.660937 0.573062 0.662500 0.575142 0.664062 0.575142 0.665625 0.591782 0.678125 0.593862 0.678125 0.598022 0.681250 0.600103 0.681250 0.604263 0.684375 0.604263 0.689062 0.662505 0.689062 0.662505 0.684375 0.666665 0.681250 0.668745 0.681250 0.670825 0.679688 0.672905 0.679688 0.674985 0.678125 0.677065 0.678125 0.685386 0.671875 0.687466 0.671875 0.687466 0.670312 0.695786 0.664062 0.695786 0.662500 0.697866 0.660937 0.697866 0.659375 0.704106 0.654687 0.710347 0.654687 0.710347 0.607813 0.702026 0.607813 0.699946 0.606250 0.699946 0.604687 0.697866 0.603125 0.697866 0.601562 0.691626 0.596875 0.691626 0.595312 0.681226 0.587500 0.679145 0.587500 0.670825 0.581250 0.668745 0.581250 0.666665 0.579687 0.662505 0.579687 0.658345 0.576562 0.658345 0.571875
2 0.346333 0.496875 0.346333 0.501562 0.340093 0.506250 0.338013 0.506250 0.335933 0.507812 0.333853 0.507812 0.323452 0.515625 0.323452 0.517187 0.317212 0.521875 0.317212 0.523437 0.315132 0.525000 0.315132 0.526562 0.313052 0.528125 0.313052 0.529687 0.310972 0.531250 0.304731 0.531250 0.304731 0.565625 0.310972 0.565625 0.315132 0.568750 0.315132 0.570312 0.317212 0.571875 0.317212 0.573437 0.319292 0.575000 0.319292 0.576562 0.323452 0.579687 0.323452 0.581250 0.327612 0.584375 0.327612 0.585937 0.333853 0.590625 0.335933 0.590625 0.344253 0.596875 0.346333 0.596875 0.350493 0.600000 0.352573 0.600000 0.356733 0.603125 0.356733 0.607813 0.398335 0.607813 0.398335 0.601562 0.400415 0.600000 0.402495 0.600000 0.404575 0.598437 0.406655 0.598437 0.410815 0.595312 0.412896 0.595312 0.414976 0.593750 0.417056 0.593750 0.419136 0.592187 0.419136 0.590625 0.423296 0.587500 0.425376 0.587500 0.431616 0.582812 0.433696 0.582812 0.442017 0.576562 0.444097 0.576562 0.454497 0.568750 0.460737 0.568750 0.460737 0.526562 0.454497 0.526562 0.448257 0.521875 0.448257 0.520312 0.446177 0.518750 0.446177 0.517187 0.429536 0.504687 0.425376 0.504687 0.421216 0.501562 0.421216 0.496875
1 0.017681 0.246875 0.017681 0.251562 0.013521 0.254687 0.009360 0.254687 0.007280 0.256250 0.001040 0.256250 0.000000 0.257812 0.000000 0.257812 0.000000 0.259375 0.000000 0.260937 0.000000 0.260937 0.000000 0.495312 0.028081 0.495312 0.028081 0.489062 0.030161 0.487500 0.030161 0.485937 0.034321 0.482812 0.034321 0.481250 0.036401 0.479687 0.036401 0.478125 0.038481 0.476562 0.038481 0.475000 0.040562 0.473437 0.040562 0.471875 0.044722 0.468750 0.044722 0.467187 0.050962 0.462500 0.053042 0.462500 0.055122 0.460938 0.057202 0.460938 0.059282 0.459375 0.063442 0.459375 0.067603 0.456250 0.069683 0.456250 0.073843 0.453125 0.075923 0.453125 0.080083 0.450000 0.082163 0.450000 0.088403 0.445312 0.088403 0.443750 0.096724 0.437500 0.096724 0.435937 0.100884 0.432812 0.100884 0.431250 0.102964 0.429688 0.102964 0.428125 0.105044 0.426562 0.105044 0.425000 0.107124 0.423437 0.107124 0.421875 0.109204 0.420312 0.109204 0.418750 0.111284 0.417187 0.111284 0.415625 0.113364 0.414062 0.119604 0.414062 0.119604 0.323437 0.113364 0.323437 0.111284 0.321875 0.111284 0.320312 0.109204 0.318750 0.109204 0.315625 0.107124 0.314062 0.107124 0.310937 0.100884 0.306250 0.100884 0.304688 0.086323 0.293750 0.086323 0.292187 0.084243 0.290625 0.084243 0.285937 0.082163 0.284375 0.084243 0.282812 0.084243 0.271875 0.082163 0.270312 0.082163 0.268750 0.063442 0.254687 0.061362 0.254687 0.057202 0.251562 0.057202 0.246875
2 0.612583 0.571875 0.612583 0.576562 0.610503 0.578125 0.608423 0.578125 0.606343 0.579687 0.604263 0.579687 0.602183 0.581250 0.600103 0.581250 0.585542 0.592187 0.583462 0.592187 0.583462 0.593750 0.581382 0.595312 0.581382 0.596875 0.577222 0.600000 0.575142 0.600000 0.575142 0.601562 0.573062 0.603125 0.573062 0.604687 0.568901 0.607813 0.562661 0.607813 0.562661 0.659375 0.570981 0.659375 0.573062 0.660937 0.573062 0.662500 0.575142 0.664062 0.575142 0.665625 0.593862 0.679688 0.595942 0.679688 0.598022 0.681250 0.600103 0.681250 0.604263 0.684375 0.604263 0.689062 0.662505 0.689062 0.662505 0.684375 0.666665 0.681250 0.668745 0.681250 0.670825 0.679688 0.672905 0.679688 0.674985 0.678125 0.677065 0.678125 0.685386 0.671875 0.687466 0.671875 0.687466 0.670312 0.695786 0.664062 0.695786 0.662500 0.697866 0.660937 0.697866 0.659375 0.704106 0.654687 0.710347 0.654687 0.710347 0.607813 0.704106 0.607813 0.697866 0.603125 0.697866 0.601562 0.691626 0.596875 0.691626 0.595312 0.681226 0.587500 0.679145 0.587500 0.670825 0.581250 0.668745 0.581250 0.666665 0.579687 0.662505 0.579687 0.658345 0.576562 0.658345 0.571875
1 0.383774 0.289062 0.385854 0.290625 0.394175 0.290625 0.394175 0.281250 0.383774 0.281250 0.381694 0.282812 0.381694 0.285937 0.383774 0.287500 0.383774 0.289062 0.362974 0.295312 0.358813 0.292187 0.358813 0.290625 0.356733 0.290625 0.350493 0.285937 0.348413 0.285937 0.346333 0.284375 0.344253 0.284375 0.342173 0.282812 0.340093 0.282812 0.338013 0.281250 0.335933 0.281250 0.333853 0.279687 0.331772 0.279687 0.323452 0.273437 0.323452 0.251562 0.321372 0.251562 0.319292 0.250000 0.308892 0.250000 0.306812 0.248437 0.304731 0.248437 0.302651 0.246875 0.302651 0.243750 0.304731 0.242188 0.304731 0.232812 0.302651 0.231250 0.302651 0.229687 0.298491 0.226562 0.296411 0.226562 0.290171 0.221875 0.290171 0.220312 0.296411 0.215625 0.298491 0.215625 0.300571 0.214062 0.300571 0.209375 0.167446 0.209375 0.167446 0.214062 0.157046 0.221875 0.154966 0.221875 0.152886 0.223437 0.150806 0.223437 0.146646 0.226562 0.144565 0.226562 0.142485 0.228125 0.140405 0.228125 0.136245 0.231250 0.130005 0.231250 0.130005 0.290625 0.136245 0.290625 0.140405 0.293750 0.140405 0.296875 0.142485 0.298437 0.142485 0.300000 0.144565 0.301562 0.144565 0.303125 0.146646 0.304688 0.146646 0.306250 0.148726 0.307813 0.148726 0.309375 0.150806 0.310937 0.150806 0.312500 0.152886 0.314062 0.152886 0.315625 0.154966 0.317187 0.154966 0.318750 0.159126 0.321875 0.159126 0.323437 0.161206 0.325000 0.161206 0.326562 0.167446 0.331250 0.167446 0.332812 0.177847 0.340625 0.177847 0.342187 0.194487 0.354687 0.196567 0.354687 0.202808 0.359375 0.204888 0.359375 0.209048 0.362500 0.211128 0.362500 0.215288 0.365625 0.217368 0.365625 0.219448 0.367188 0.221528 0.367188 0.223608 0.368750 0.225688 0.368750 0.229849 0.371875 0.231929 0.371875 0.234009 0.373437 0.238169 0.373437 0.240249 0.375000 0.242329 0.375000 0.244409 0.376562 0.246489 0.376562 0.248569 0.378125 0.250649 0.378125 0.252729 0.379687 0.254810 0.379687 0.258970 0.382812 0.261050 0.382812 0.263130 0.384375 0.265210 0.384375 0.267290 0.385937 0.269370 0.385937 0.271450 0.387500 0.273530 0.387500 0.277690 0.390625 0.277690 0.395312 0.319292 0.395312 0.319292 0.390625 0.321372 0.389062 0.321372 0.387500 0.323452 0.385937 0.323452 0.384375 0.329692 0.379687 0.335933 0.379687 0.338013 0.378125 0.346333 0.378125 0.352573 0.382812 0.354653 0.381250 0.354653 0.378125 0.356733 0.376562 0.356733 0.368750 0.358813 0.367188 0.358813 0.365625 0.362974 0.362500 0.367134 0.365625 0.369214 0.365625 0.371294 0.367188 0.371294 0.368750 0.373374 0.370312 0.373374 0.371875 0.375454 0.373437 0.375454 0.376562 0.381694 0.381250 0.381694 0.382812 0.383774 0.384375 0.383774 0.385937 0.387935 0.389062 0.394175 0.389062 0.394175 0.331250 0.385854 0.331250 0.381694 0.334375 0.381694 0.335938 0.377534 0.339062 0.373374 0.335938 0.373374 0.334375 0.371294 0.332812 0.371294 0.323437 0.369214 0.321875 0.369214 0.318750 0.367134 0.317187 0.367134 0.309375 0.365054 0.307813 0.365054 0.304688 0.362974 0.303125 0.362974 0.295312