1 0.475298 0.546875 0.475298 0.551562 0.471138 0.554687 0.469058 0.554687 0.466978 0.556250 0.462817 0.556250 0.460737 0.557812 0.458657 0.557812 0.454497 0.560937 0.452417 0.560937 0.450337 0.562500 0.448257 0.562500 0.446177 0.564062 0.444097 0.564062 0.427456 0.576562 0.427456 0.578125 0.425376 0.579687 0.425376 0.581250 0.423296 0.582812 0.423296 0.584375 0.419136 0.587500 0.412896 0.587500 0.412896 0.623438 0.419136 0.623438 0.423296 0.626562 0.423296 0.628125 0.427456 0.631250 0.427456 0.632812 0.431616 0.635937 0.431616 0.637500 0.452417 0.653125 0.452417 0.657812 0.527300 0.657812 0.527300 0.651562 0.529380 0.650000 0.531460 0.650000 0.537700 0.645312 0.539780 0.645312 0.539780 0.643750 0.554341 0.632812 0.560581 0.632812 0.560581 0.579687 0.552261 0.579687 0.550181 0.578125 0.550181 0.576562 0.546021 0.573437 0.543940 0.573437 0.541860 0.571875 0.541860 0.570312 0.533540 0.564062 0.531460 0.564062 0.525220 0.559375 0.523140 0.559375 0.518979 0.556250 0.516899 0.556250 0.510659 0.551562 0.510659 0.546875
1 0.265210 0.515625 0.265210 0.520312 0.261050 0.523437 0.258970 0.523437 0.254810 0.526562 0.252729 0.526562 0.244409 0.532812 0.244409 0.534375 0.236089 0.540625 0.236089 0.542187 0.231929 0.545312 0.231929 0.546875 0.227769 0.550000 0.221528 0.550000 0.221528 0.582812 0.229849 0.582812 0.231929 0.584375 0.231929 0.585937 0.234009 0.587500 0.234009 0.589062 0.236089 0.590625 0.236089 0.592187 0.242329 0.596875 0.242329 0.598437 0.252729 0.606250 0.254810 0.606250 0.258970 0.609375 0.261050 0.609375 0.263130 0.610937 0.265210 0.610937 0.267290 0.612500 0.269370 0.612500 0.273530 0.615625 0.273530 0.620312 0.308892 0.620312 0.308892 0.615625 0.313052 0.612500 0.315132 0.612500 0.317212 0.610937 0.319292 0.610937 0.321372 0.609375 0.323452 0.609375 0.325532 0.607813 0.327612 0.607813 0.331772 0.604687 0.333853 0.604687 0.338013 0.601562 0.340093 0.601562 0.354653 0.590625 0.354653 0.589062 0.358813 0.585937 0.358813 0.584375 0.360894 0.582812 0.369214 0.582812 0.369214 0.551562 0.362974 0.551562 0.360894 0.550000 0.360894 0.548437 0.358813 0.546875 0.358813 0.545312 0.356733 0.543750 0.356733 0.542187 0.354653 0.540625 0.354653 0.539062 0.350493 0.535937 0.350493 0.534375 0.338013 0.525000 0.335933 0.525000 0.329692 0.520312 0.329692 0.515625
0 0.325532 0.415625 0.325532 0.420312 0.321372 0.423437 0.317212 0.423437 0.315132 0.425000 0.313052 0.425000 0.310972 0.426562 0.308892 0.426562 0.304731 0.429688 0.302651 0.429688 0.286011 0.442187 0.279770 0.442187 0.279770 0.493750 0.288091 0.493750 0.290171 0.495312 0.290171 0.496875 0.298491 0.503125 0.298491 0.504687 0.300571 0.504687 0.304731 0.507812 0.304731 0.514062 0.365054 0.514062 0.365054 0.509375 0.367134 0.507812 0.369214 0.507812 0.381694 0.498437 0.383774 0.498437 0.385854 0.496875 0.385854 0.495312 0.400415 0.484375 0.400415 0.482812 0.404575 0.479687 0.410815 0.479687 0.410815 0.453125 0.404575 0.453125 0.400415 0.450000 0.400415 0.448437 0.398335 0.446875 0.398335 0.445312 0.396255 0.443750 0.396255 0.442187 0.392095 0.439062 0.390015 0.439062 0.381694 0.432812 0.379614 0.432812 0.369214 0.425000 0.365054 0.425000 0.362974 0.423437 0.360894 0.423437 0.358813 0.421875 0.354653 0.421875 0.352573 0.420312 0.352573 0.415625
0 0.558501 0.465625 0.558501 0.470312 0.556421 0.471875 0.554341 0.471875 0.552261 0.473437 0.550181 0.473437 0.548101 0.475000 0.546021 0.475000 0.541860 0.478125 0.539780 0.478125 0.518979 0.493750 0.518979 0.495312 0.516899 0.496875 0.516899 0.498437 0.512739 0.501562 0.512739 0.503125 0.510659 0.504687 0.504419 0.504687 0.504419 0.534375 0.510659 0.534375 0.514819 0.537500 0.514819 0.540625 0.516899 0.542187 0.516899 0.543750 0.521060 0.546875 0.521060 0.548437 0.525220 0.551562 0.525220 0.553125 0.533540 0.559375 0.535620 0.559375 0.541860 0.564062 0.543940 0.564062 0.548101 0.567187 0.550181 0.567187 0.552261 0.568750 0.556421 0.568750 0.558501 0.570312 0.560581 0.570312 0.562661 0.571875 0.562661 0.576562 0.593862 0.576562 0.593862 0.571875 0.595942 0.570312 0.598022 0.570312 0.600103 0.568750 0.604263 0.568750 0.606343 0.567187 0.610503 0.567187 0.612583 0.565625 0.614663 0.565625 0.616743 0.564062 0.618823 0.564062 0.622983 0.560937 0.625063 0.560937 0.639624 0.550000 0.639624 0.548437 0.641704 0.546875 0.641704 0.545312 0.643784 0.543750 0.652104 0.543750 0.652104 0.498437 0.645864 0.498437 0.641704 0.495312 0.641704 0.493750 0.639624 0.492188 0.639624 0.490625 0.637544 0.489062 0.637544 0.487500 0.620903 0.475000 0.618823 0.475000 0.616743 0.473437 0.614663 0.473437 0.610503 0.470312 0.610503 0.465625
1 0.500259 0.390625 0.500259 0.395312 0.498179 0.396875 0.496099 0.396875 0.494019 0.398438 0.491938 0.398438 0.487778 0.401562 0.485698 0.401562 0.475298 0.409375 0.475298 0.410937 0.469058 0.415625 0.469058 0.417187 0.466978 0.418750 0.466978 0.420312 0.464897 0.421875 0.464897 0.423437 0.462817 0.425000 0.454497 0.425000 0.454497 0.434375 0.460737 0.434375 0.464897 0.437500 0.464897 0.440625 0.466978 0.442187 0.466978 0.445312 0.469058 0.446875 0.469058 0.450000 0.466978 0.451562 0.469058 0.453125 0.469058 0.457812 0.479458 0.465625 0.479458 0.470312 0.487778 0.470312 0.487778 0.465625 0.489858 0.464062 0.496099 0.464062 0.498179 0.465625 0.498179 0.470312 0.573062 0.470312 0.573062 0.464062 0.575142 0.462500 0.575142 0.460938 0.577222 0.459375 0.577222 0.457812 0.579302 0.456250 0.585542 0.456250 0.585542 0.426562 0.579302 0.426562 0.575142 0.423437 0.575142 0.421875 0.573062 0.420312 0.573062 0.418750 0.570981 0.417187 0.570981 0.415625 0.568901 0.414062 0.568901 0.412500 0.556421 0.403125 0.554341 0.403125 0.550181 0.400000 0.548101 0.400000 0.546021 0.398438 0.541860 0.398438 0.537700 0.395312 0.537700 0.390625
1 0.015601 0.371875 0.011440 0.371875 0.011440 0.376562 0.015601 0.376562 0.015601 0.371875 0.017681 0.360937 0.026001 0.360937 0.028081 0.362500 0.036401 0.362500 0.038481 0.364062 0.040562 0.364062 0.042642 0.365625 0.044722 0.365625 0.046802 0.367188 0.050962 0.367188 0.053042 0.368750 0.057202 0.368750 0.059282 0.370312 0.061362 0.370312 0.063442 0.371875 0.063442 0.376562 0.090483 0.376562 0.090483 0.371875 0.092563 0.370312 0.092563 0.368750 0.094644 0.367188 0.098804 0.367188 0.102964 0.370312 0.102964 0.376562 0.184087 0.376562 0.184087 0.367188 0.182007 0.365625 0.182007 0.362500 0.184087 0.360937 0.184087 0.354687 0.182007 0.353125 0.182007 0.351562 0.184087 0.350000 0.184087 0.348437 0.186167 0.346875 0.186167 0.335938 0.179927 0.331250 0.177847 0.331250 0.175767 0.329687 0.161206 0.329687 0.154966 0.325000 0.154966 0.321875 0.150806 0.318750 0.148726 0.318750 0.146646 0.317187 0.146646 0.315625 0.142485 0.312500 0.142485 0.301562 0.157046 0.290625 0.157046 0.289062 0.161206 0.285937 0.163286 0.285937 0.163286 0.284375 0.165366 0.282812 0.167446 0.282812 0.177847 0.275000 0.179927 0.275000 0.204888 0.256250 0.204888 0.254687 0.209048 0.251562 0.209048 0.250000 0.215288 0.245312 0.215288 0.243750 0.217368 0.242188 0.217368 0.240625 0.221528 0.237500 0.227769 0.237500 0.227769 0.207812 0.221528 0.207812 0.217368 0.204687 0.217368 0.201562 0.215288 0.200000 0.215288 0.198437 0.209048 0.193750 0.209048 0.192187 0.200728 0.185937 0.198647 0.185937 0.192407 0.181250 0.190327 0.181250 0.188247 0.179688 0.186167 0.179688 0.182007 0.176562 0.182007 0.171875 0.111284 0.171875 0.111284 0.176562 0.107124 0.179688 0.105044 0.179688 0.100884 0.182812 0.098804 0.182812 0.094644 0.185937 0.090483 0.185937 0.088403 0.187500 0.086323 0.187500 0.082163 0.190625 0.080083 0.190625 0.078003 0.192187 0.073843 0.192187 0.071763 0.193750 0.069683 0.193750 0.067603 0.195312 0.065522 0.195312 0.063442 0.196875 0.061362 0.196875 0.059282 0.198437 0.057202 0.198437 0.055122 0.200000 0.050962 0.200000 0.046802 0.203125 0.044722 0.203125 0.042642 0.204687 0.040562 0.204687 0.038481 0.206250 0.036401 0.206250 0.034321 0.207812 0.032241 0.207812 0.028081 0.210938 0.026001 0.210938 0.023921 0.212500 0.021841 0.212500 0.019761 0.214062 0.017681 0.214062 0.011440 0.218750 0.009360 0.218750 0.007280 0.220312 0.005200 0.220312 0.003120 0.221875 0.000000 0.221875 0.000000 0.357812 0.005200 0.357812 0.007280 0.359375 0.015601 0.359375 0.017681 0.360937
2 0.340093 0.596875 0.340093 0.601562 0.335933 0.604687 0.333853 0.604687 0.327612 0.609375 0.325532 0.609375 0.323452 0.610937 0.321372 0.610937 0.319292 0.612500 0.317212 0.612500 0.315132 0.614062 0.313052 0.614062 0.310972 0.615625 0.308892 0.615625 0.306812 0.617188 0.304731 0.617188 0.300571 0.620312 0.298491 0.620312 0.294331 0.623438 0.292251 0.623438 0.286011 0.628125 0.286011 0.629687 0.281851 0.632812 0.281851 0.635937 0.277690 0.639062 0.271450 0.639062 0.271450 0.664062 0.277690 0.664062 0.281851 0.667187 0.281851 0.670312 0.283931 0.671875 0.283931 0.673437 0.286011 0.675000 0.286011 0.676562 0.292251 0.681250 0.292251 0.682812 0.300571 0.689062 0.300571 0.690625 0.306812 0.695312 0.308892 0.695312 0.313052 0.698437 0.315132 0.698437 0.321372 0.703125 0.321372 0.707812 0.377534 0.707812 0.377534 0.701562 0.379614 0.700000 0.381694 0.700000 0.383774 0.698437 0.385854 0.698437 0.392095 0.693750 0.394175 0.693750 0.406655 0.684375 0.406655 0.682812 0.412896 0.678125 0.419136 0.678125 0.419136 0.637500 0.412896 0.637500 0.408735 0.634375 0.408735 0.628125 0.406655 0.626562 0.406655 0.623438 0.402495 0.620312 0.402495 0.618750 0.400415 0.617188 0.400415 0.615625 0.396255 0.612500 0.394175 0.612500 0.385854 0.606250 0.383774 0.606250 0.381694 0.604687 0.379614 0.604687 0.375454 0.601562 0.375454 0.596875
2 0.614663 0.359375 0.614663 0.364062 0.610503 0.367188 0.608423 0.367188 0.604263 0.370312 0.602183 0.370312 0.585542 0.382812 0.585542 0.384375 0.583462 0.385937 0.583462 0.387500 0.581382 0.389062 0.581382 0.390625 0.577222 0.393750 0.570981 0.393750 0.570981 0.421875 0.577222 0.421875 0.579302 0.423437 0.579302 0.425000 0.581382 0.426562 0.581382 0.428125 0.583462 0.429688 0.583462 0.431250 0.587622 0.434375 0.587622 0.435937 0.593862 0.440625 0.593862 0.442187 0.598022 0.445312 0.598022 0.446875 0.606343 0.453125 0.608423 0.453125 0.612583 0.456250 0.614663 0.456250 0.618823 0.459375 0.618823 0.464062 0.672905 0.464062 0.672905 0.459375 0.679145 0.454687 0.681226 0.454687 0.683306 0.453125 0.685386 0.453125 0.691626 0.448437 0.693706 0.448437 0.695786 0.446875 0.695786 0.445312 0.699946 0.442187 0.699946 0.440625 0.704106 0.437500 0.704106 0.434375 0.706186 0.432812 0.706186 0.431250 0.708267 0.429688 0.708267 0.426562 0.710347 0.425000 0.710347 0.423437 0.712427 0.421875 0.718667 0.421875 0.718667 0.400000 0.712427 0.400000 0.710347 0.398438 0.710347 0.396875 0.708267 0.395312 0.708267 0.393750 0.706186 0.392187 0.706186 0.389062 0.704106 0.387500 0.704106 0.385937 0.699946 0.382812 0.699946 0.381250 0.695786 0.378125 0.695786 0.376562 0.687466 0.370312 0.685386 0.370312 0.681226 0.367188 0.679145 0.367188 0.674985 0.364062 0.674985 0.359375
2 0.385854 0.346875 0.385854 0.351562 0.379614 0.356250 0.377534 0.356250 0.367134 0.364062 0.367134 0.365625 0.360894 0.370312 0.354653 0.370312 0.354653 0.417187 0.360894 0.417187 0.379614 0.431250 0.381694 0.431250 0.385854 0.434375 0.387935 0.434375 0.392095 0.437500 0.394175 0.437500 0.398335 0.440625 0.398335 0.445312 0.442017 0.445312 0.442017 0.440625 0.446177 0.437500 0.448257 0.437500 0.450337 0.435937 0.452417 0.435937 0.456577 0.432812 0.456577 0.431250 0.462817 0.426562 0.462817 0.423437 0.464897 0.421875 0.464897 0.420312 0.471138 0.415625 0.477378 0.415625 0.477378 0.368750 0.469058 0.368750 0.466978 0.367188 0.466978 0.365625 0.454497 0.356250 0.452417 0.356250 0.450337 0.354687 0.448257 0.354687 0.446177 0.353125 0.446177 0.346875
1 0.862192 0.000000 0.862192 0.007812 0.870513 0.007812 0.872593 0.009375 0.872593 0.010937 0.878833 0.015625 0.878833 0.017187 0.893394 0.028125 0.893394 0.029687 0.899634 0.034375 0.899634 0.035937 0.910034 0.043750 0.910034 0.045312 0.918354 0.051562 0.918354 0.053125 0.924595 0.057812 0.924595 0.059375 0.932915 0.065625 0.932915 0.067187 0.943315 0.075000 0.943315 0.076562 0.955796 0.085938 0.955796 0.087500 0.966196 0.095312 0.966196 0.096875 0.978677 0.106250 0.978677 0.107812 0.984917 0.112500 0.984917 0.114062 0.993237 0.120312 0.993237 0.126562 1.000000 0.126562 1.000000 0.000000
2 0.581382 0.609375 0.581382 0.614062 0.575142 0.618750 0.573062 0.618750 0.560581 0.628125 0.558501 0.628125 0.558501 0.629687 0.552261 0.634375 0.552261 0.635937 0.548101 0.639062 0.546021 0.639062 0.543940 0.640625 0.537700 0.640625 0.537700 0.676562 0.543940 0.676562 0.548101 0.679688 0.548101 0.681250 0.550181 0.682812 0.550181 0.684375 0.554341 0.687500 0.554341 0.689062 0.560581 0.693750 0.560581 0.695312 0.564741 0.698437 0.566821 0.698437 0.575142 0.704687 0.577222 0.704687 0.579302 0.706250 0.581382 0.706250 0.583462 0.707812 0.583462 0.714062 0.643784 0.714062 0.643784 0.709375 0.650024 0.704687 0.652104 0.704687 0.670825 0.690625 0.670825 0.687500 0.672905 0.685937 0.672905 0.684375 0.674985 0.682812 0.674985 0.681250 0.679145 0.678125 0.685386 0.678125 0.685386 0.648438 0.679145 0.648438 0.674985 0.645312 0.674985 0.643750 0.672905 0.642187 0.672905 0.639062 0.668745 0.635937 0.668745 0.634375 0.664585 0.631250 0.664585 0.629687 0.652104 0.620312 0.650024 0.620312 0.647944 0.618750 0.645864 0.618750 0.639624 0.614062 0.639624 0.609375
2 0.806030 0.784375 0.806030 0.789062 0.799790 0.793750 0.797710 0.793750 0.793550 0.796875 0.791470 0.796875 0.787310 0.800000 0.785229 0.800000 0.783149 0.801562 0.781069 0.801562 0.778989 0.803125 0.776909 0.803125 0.772749 0.806250 0.770669 0.806250 0.768589 0.807812 0.766509 0.807812 0.764429 0.809375 0.762349 0.809375 0.760269 0.810937 0.758188 0.810937 0.754028 0.814062 0.751948 0.814062 0.749868 0.815625 0.747788 0.815625 0.743628 0.818750 0.741548 0.818750 0.739468 0.820312 0.737388 0.820312 0.733227 0.823437 0.731147 0.823437 0.726987 0.826562 0.724907 0.826562 0.722827 0.828125 0.720747 0.828125 0.716587 0.831250 0.714507 0.831250 0.710347 0.834375 0.708267 0.834375 0.706186 0.835938 0.704106 0.835938 0.702026 0.837500 0.699946 0.837500 0.695786 0.840625 0.691626 0.840625 0.687466 0.843750 0.685386 0.843750 0.683306 0.845312 0.681226 0.845312 0.677065 0.848437 0.674985 0.848437 0.672905 0.850000 0.670825 0.850000 0.666665 0.853125 0.664585 0.853125 0.662505 0.854687 0.660425 0.854687 0.658345 0.856250 0.656265 0.856250 0.652104 0.859375 0.650024 0.859375 0.647944 0.860937 0.645864 0.860937 0.643784 0.862500 0.641704 0.862500 0.637544 0.865625 0.635464 0.865625 0.633384 0.867188 0.631304 0.867188 0.627144 0.870312 0.625063 0.870312 0.622983 0.871875 0.620903 0.871875 0.616743 0.875000 0.614663 0.875000 0.610503 0.878125 0.608423 0.878125 0.606343 0.879687 0.604263 0.879687 0.602183 0.881250 0.600103 0.881250 0.595942 0.884375 0.593862 0.884375 0.591782 0.885937 0.589702 0.885937 0.585542 0.889062 0.583462 0.889062 0.581382 0.890625 0.579302 0.890625 0.577222 0.892187 0.575142 0.892187 0.570981 0.895312 0.568901 0.895312 0.566821 0.896875 0.564741 0.896875 0.560581 0.900000 0.558501 0.900000 0.556421 0.901562 0.554341 0.901562 0.552261 0.903125 0.550181 0.903125 0.548101 0.904687 0.546021 0.904687 0.543940 0.906250 0.541860 0.906250 0.537700 0.909375 0.535620 0.909375 0.531460 0.912500 0.529380 0.912500 0.525220 0.915625 0.523140 0.915625 0.521060 0.917187 0.518979 0.917187 0.516899 0.918750 0.514819 0.918750 0.510659 0.921875 0.508579 0.921875 0.504419 0.925000 0.502339 0.925000 0.500259 0.926562 0.498179 0.926562 0.496099 0.928125 0.494019 0.928125 0.491938 0.929688 0.489858 0.929688 0.485698 0.932812 0.483618 0.932812 0.481538 0.934375 0.479458 0.934375 0.475298 0.937500 0.473218 0.937500 0.469058 0.940625 0.466978 0.940625 0.464897 0.942187 0.462817 0.942187 0.460737 0.943750 0.458657 0.943750 0.456577 0.945312 0.454497 0.945312 0.450337 0.948437 0.448257 0.948437 0.444097 0.951562 0.442017 0.951562 0.439936 0.953125 0.437856 0.953125 0.435776 0.954687 0.433696 0.954687 0.431616 0.956250 0.429536 0.956250 0.427456 0.957812 0.425376 0.957812 0.421216 0.960938 0.419136 0.960938 0.417056 0.962500 0.414976 0.962500 0.410815 0.965625 0.408735 0.965625 0.404575 0.968750 0.402495 0.968750 0.400415 0.970312 0.398335 0.970312 0.394175 0.973437 0.392095 0.973437 0.390015 0.975000 0.387935 0.975000 0.383774 0.978125 0.381694 0.978125 0.377534 0.981250 0.375454 0.981250 0.373374 0.982812 0.371294 0.982812 0.367134 0.985937 0.365054 0.985937 0.362974 0.987500 0.354653 0.987500 0.354653 0.998437 0.997397 0.998437 0.997397 0.995312 0.999478 0.993750 0.999478 0.800000 0.997397 0.798437 0.997397 0.784375
1 0.581382 0.609375 0.581382 0.614062 0.575142 0.618750 0.573062 0.618750 0.552261 0.634375 0.552261 0.635937 0.546021 0.640625 0.537700 0.640625 0.537700 0.676562 0.543940 0.676562 0.548101 0.679688 0.548101 0.681250 0.550181 0.682812 0.550181 0.684375 0.552261 0.685937 0.552261 0.687500 0.560581 0.693750 0.560581 0.695312 0.564741 0.698437 0.566821 0.698437 0.575142 0.704687 0.577222 0.704687 0.579302 0.706250 0.581382 0.706250 0.583462 0.707812 0.583462 0.714062 0.643784 0.714062 0.643784 0.709375 0.650024 0.704687 0.652104 0.704687 0.670825 0.690625 0.670825 0.687500 0.672905 0.685937 0.672905 0.684375 0.674985 0.682812 0.674985 0.681250 0.679145 0.678125 0.685386 0.678125 0.685386 0.648438 0.679145 0.648438 0.674985 0.645312 0.674985 0.643750 0.672905 0.642187 0.672905 0.639062 0.668745 0.635937 0.668745 0.634375 0.664585 0.631250 0.664585 0.629687 0.652104 0.620312 0.650024 0.620312 0.647944 0.618750 0.645864 0.618750 0.639624 0.614062 0.639624 0.609375
2 0.433696 0.465625 0.433696 0.470312 0.431616 0.471875 0.429536 0.471875 0.427456 0.473437 0.423296 0.473437 0.421216 0.475000 0.419136 0.475000 0.417056 0.476562 0.414976 0.476562 0.410815 0.479687 0.408735 0.479687 0.406655 0.481250 0.404575 0.481250 0.398335 0.485937 0.396255 0.485937 0.387935 0.492188 0.379614 0.492188 0.379614 0.535937 0.385854 0.535937 0.390015 0.539062 0.390015 0.540625 0.394175 0.543750 0.394175 0.545312 0.412896 0.559375 0.412896 0.564062 0.460737 0.564062 0.460737 0.559375 0.464897 0.556250 0.466978 0.556250 0.469058 0.554687 0.473218 0.554687 0.475298 0.553125 0.483618 0.553125 0.485698 0.551562 0.489858 0.551562 0.491938 0.550000 0.494019 0.550000 0.500259 0.545312 0.500259 0.542187 0.502339 0.540625 0.502339 0.539062 0.504419 0.537500 0.510659 0.537500 0.510659 0.506250 0.504419 0.506250 0.502339 0.504687 0.502339 0.501562 0.500259 0.500000 0.500259 0.495312 0.498179 0.493750 0.498179 0.490625 0.489858 0.484375 0.489858 0.482812 0.487778 0.481250 0.485698 0.481250 0.477378 0.475000 0.475298 0.475000 0.473218 0.473437 0.469058 0.473437 0.466978 0.471875 0.462817 0.471875 0.460737 0.470312 0.460737 0.465625
2 0.134165 0.760937 0.132085 0.762500 0.127925 0.762500 0.125845 0.764062 0.123765 0.764062 0.115444 0.770312 0.113364 0.770312 0.111284 0.771875 0.109204 0.771875 0.105044 0.775000 0.102964 0.775000 0.100884 0.776562 0.100884 0.778125 0.098804 0.779687 0.096724 0.779687 0.092563 0.782812 0.092563 0.784375 0.088403 0.787500 0.080083 0.787500 0.080083 0.851562 0.086323 0.851562 0.090483 0.854687 0.090483 0.857812 0.092563 0.859375 0.092563 0.862500 0.094644 0.864062 0.094644 0.865625 0.096724 0.867188 0.096724 0.868750 0.098804 0.870312 0.098804 0.871875 0.100884 0.873437 0.100884 0.876562 0.102964 0.878125 0.102964 0.879687 0.105044 0.881250 0.105044 0.882812 0.107124 0.884375 0.107124 0.885937 0.111284 0.889062 0.111284 0.890625 0.113364 0.892187 0.113364 0.893750 0.115444 0.895312 0.115444 0.896875 0.119604 0.900000 0.119604 0.901562 0.127925 0.907812 0.127925 0.909375 0.134165 0.914062 0.134165 0.915625 0.144565 0.923437 0.144565 0.925000 0.150806 0.929688 0.150806 0.931250 0.171606 0.946875 0.173687 0.946875 0.177847 0.950000 0.179927 0.950000 0.184087 0.953125 0.184087 0.957812 0.215288 0.957812 0.215288 0.953125 0.219448 0.950000 0.221528 0.950000 0.223608 0.948437 0.227769 0.948437 0.229849 0.946875 0.231929 0.946875 0.236089 0.943750 0.238169 0.943750 0.242329 0.940625 0.244409 0.940625 0.263130 0.926562 0.263130 0.925000 0.265210 0.923437 0.265210 0.921875 0.267290 0.920312 0.267290 0.918750 0.271450 0.915625 0.277690 0.915625 0.277690 0.867188 0.271450 0.867188 0.267290 0.864062 0.267290 0.862500 0.265210 0.860937 0.265210 0.859375 0.263130 0.857812 0.263130 0.856250 0.258970 0.853125 0.258970 0.851562 0.256890 0.850000 0.256890 0.848437 0.250649 0.843750 0.250649 0.842187 0.248569 0.840625 0.248569 0.839062 0.246489 0.837500 0.246489 0.835938 0.244409 0.834375 0.244409 0.832812 0.242329 0.831250 0.242329 0.829687 0.240249 0.828125 0.240249 0.826562 0.238169 0.825000 0.238169 0.823437 0.236089 0.821875 0.236089 0.820312 0.234009 0.818750 0.234009 0.817187 0.231929 0.815625 0.231929 0.814062 0.229849 0.812500 0.229849 0.810937 0.227769 0.809375 0.227769 0.807812 0.225688 0.806250 0.225688 0.804688 0.223608 0.803125 0.223608 0.801562 0.221528 0.800000 0.221528 0.798437 0.217368 0.795312 0.217368 0.793750 0.215288 0.792187 0.215288 0.790625 0.213208 0.789062 0.213208 0.787500 0.211128 0.785937 0.209048 0.785937 0.204888 0.782812 0.204888 0.776562 0.202808 0.775000 0.202808 0.773438 0.200728 0.771875 0.198647 0.771875 0.194487 0.768750 0.179927 0.768750 0.177847 0.767187 0.167446 0.767187 0.165366 0.765625 0.161206 0.765625 0.159126 0.764062 0.154966 0.764062 0.152886 0.762500 0.148726 0.762500 0.146646 0.760937