1 0.659907 0.528125 0.659907 0.534375 0.664067 0.537500 0.664067 0.539062 0.672388 0.545312 0.672388 0.546875 0.676548 0.550000 0.676548 0.551562 0.680708 0.554687 0.686948 0.554687 0.686948 0.585937 0.680708 0.585937 0.678628 0.587500 0.678628 0.590625 0.676548 0.592187 0.676548 0.595312 0.674468 0.596875 0.674468 0.598437 0.672388 0.600000 0.672388 0.601562 0.655747 0.614062 0.653667 0.614062 0.651587 0.615625 0.647427 0.615625 0.645347 0.617188 0.643267 0.617188 0.641187 0.618750 0.639106 0.618750 0.637026 0.620312 0.634946 0.620312 0.632866 0.621875 0.632866 0.626562 0.597505 0.626562 0.597505 0.621875 0.595425 0.620312 0.591265 0.620312 0.589185 0.618750 0.585024 0.618750 0.582944 0.617188 0.578784 0.617188 0.576704 0.615625 0.574624 0.615625 0.572544 0.614062 0.570464 0.614062 0.568384 0.612500 0.566304 0.612500 0.564224 0.610937 0.562144 0.610937 0.553823 0.604687 0.553823 0.603125 0.551743 0.601562 0.551743 0.600000 0.549663 0.598437 0.549663 0.596875 0.547583 0.595312 0.547583 0.593750 0.545503 0.592187 0.539263 0.592187 0.539263 0.565625 0.545503 0.565625 0.547583 0.564062 0.547583 0.562500 0.549663 0.560937 0.549663 0.559375 0.551743 0.557812 0.551743 0.554687 0.568384 0.542187 0.572544 0.542187 0.574624 0.540625 0.578784 0.540625 0.587104 0.534375 0.587104 0.528125
1 0.439419 0.484375 0.439419 0.490625 0.447739 0.496875 0.447739 0.498437 0.462300 0.509375 0.462300 0.510937 0.464380 0.512500 0.464380 0.514062 0.466460 0.515625 0.466460 0.517187 0.470620 0.520312 0.478940 0.520312 0.478940 0.570312 0.470620 0.570312 0.470620 0.567187 0.468540 0.565625 0.468540 0.560937 0.470620 0.559375 0.468540 0.557812 0.464380 0.557812 0.460220 0.560937 0.460220 0.562500 0.458140 0.564062 0.456060 0.564062 0.449819 0.568750 0.447739 0.568750 0.439419 0.575000 0.437339 0.575000 0.435259 0.576562 0.435259 0.582812 0.374937 0.582812 0.374937 0.578125 0.370776 0.575000 0.366616 0.575000 0.364536 0.573437 0.362456 0.573437 0.360376 0.571875 0.358296 0.571875 0.354136 0.568750 0.352056 0.568750 0.343735 0.562500 0.341655 0.562500 0.337495 0.559375 0.337495 0.557812 0.335415 0.556250 0.335415 0.554687 0.333335 0.553125 0.333335 0.551562 0.329175 0.548437 0.322935 0.548437 0.322935 0.526562 0.331255 0.526562 0.333335 0.525000 0.333335 0.521875 0.335415 0.520312 0.335415 0.518750 0.337495 0.517187 0.337495 0.515625 0.339575 0.514062 0.339575 0.512500 0.343735 0.509375 0.343735 0.507812 0.345815 0.506250 0.345815 0.504687 0.354136 0.498437 0.354136 0.496875 0.356216 0.496875 0.366616 0.489062 0.366616 0.484375
0 0.691108 0.415625 0.691108 0.421875 0.693188 0.423437 0.695269 0.423437 0.697349 0.425000 0.699429 0.425000 0.709829 0.432812 0.709829 0.434375 0.718149 0.440625 0.718149 0.442187 0.722310 0.445312 0.728550 0.445312 0.728550 0.492188 0.722310 0.492188 0.713989 0.498437 0.711909 0.498437 0.709829 0.500000 0.707749 0.500000 0.703589 0.503125 0.699429 0.503125 0.697349 0.504687 0.695269 0.504687 0.693188 0.506250 0.691108 0.506250 0.686948 0.509375 0.686948 0.514062 0.653667 0.514062 0.653667 0.509375 0.649507 0.506250 0.643267 0.506250 0.641187 0.504687 0.639106 0.504687 0.637026 0.503125 0.632866 0.503125 0.628706 0.500000 0.626626 0.500000 0.624546 0.498437 0.622466 0.498437 0.609985 0.489062 0.609985 0.487500 0.603745 0.482812 0.597505 0.482812 0.597505 0.440625 0.603745 0.440625 0.612065 0.434375 0.612065 0.432812 0.628706 0.420312 0.628706 0.415625
1 0.570464 0.365625 0.570464 0.370312 0.572544 0.371875 0.574624 0.371875 0.576704 0.373437 0.578784 0.373437 0.580864 0.375000 0.582944 0.375000 0.589185 0.379687 0.591265 0.379687 0.601665 0.387500 0.601665 0.389062 0.605825 0.392187 0.612065 0.392187 0.612065 0.425000 0.605825 0.425000 0.603745 0.426562 0.603745 0.428125 0.601665 0.429688 0.601665 0.431250 0.580864 0.446875 0.580864 0.451562 0.541343 0.451562 0.541343 0.446875 0.539263 0.445312 0.537183 0.445312 0.535103 0.443750 0.512222 0.443750 0.510142 0.442187 0.501821 0.442187 0.491421 0.434375 0.491421 0.432812 0.487261 0.429688 0.481021 0.429688 0.481021 0.392187 0.487261 0.392187 0.493501 0.387500 0.493501 0.385937 0.497661 0.382812 0.497661 0.381250 0.508062 0.373437 0.510142 0.373437 0.514302 0.370312 0.514302 0.365625
0 0.703589 0.609375 0.703589 0.614062 0.709829 0.618750 0.711909 0.618750 0.713989 0.620312 0.716069 0.620312 0.730630 0.631250 0.730630 0.632812 0.734790 0.635937 0.734790 0.637500 0.738950 0.640625 0.745190 0.640625 0.745190 0.689062 0.736870 0.689062 0.734790 0.690625 0.734790 0.692187 0.732710 0.693750 0.732710 0.695312 0.724390 0.701562 0.724390 0.703125 0.722310 0.704687 0.720230 0.704687 0.713989 0.709375 0.711909 0.709375 0.709829 0.710938 0.707749 0.710938 0.701509 0.715625 0.701509 0.720312 0.639106 0.720312 0.639106 0.715625 0.634946 0.712500 0.632866 0.712500 0.630786 0.710938 0.628706 0.710938 0.609985 0.696875 0.609985 0.695312 0.603745 0.690625 0.597505 0.690625 0.597505 0.640625 0.603745 0.640625 0.607905 0.637500 0.607905 0.635937 0.609985 0.634375 0.609985 0.632812 0.618306 0.626562 0.620386 0.626562 0.622466 0.625000 0.624546 0.625000 0.626626 0.623438 0.630786 0.623438 0.632866 0.621875 0.639106 0.621875 0.641187 0.620312 0.643267 0.620312 0.645347 0.618750 0.647427 0.618750 0.649507 0.617188 0.653667 0.617188 0.655747 0.615625 0.657827 0.615625 0.659907 0.614062 0.659907 0.609375
0 0.557983 0.253125 0.557983 0.257812 0.562144 0.260937 0.566304 0.260937 0.568384 0.262500 0.570464 0.262500 0.572544 0.264062 0.572544 0.265625 0.574624 0.267187 0.576704 0.267187 0.582944 0.271875 0.582944 0.273437 0.591265 0.279687 0.591265 0.282812 0.593345 0.284375 0.593345 0.285937 0.597505 0.289062 0.603745 0.289062 0.603745 0.317187 0.597505 0.317187 0.593345 0.320312 0.593345 0.321875 0.591265 0.323437 0.591265 0.326562 0.585024 0.331250 0.585024 0.332812 0.574624 0.340625 0.572544 0.340625 0.570464 0.342187 0.568384 0.342187 0.566304 0.343750 0.564224 0.343750 0.560064 0.346875 0.560064 0.351562 0.518462 0.351562 0.518462 0.346875 0.503901 0.335938 0.503901 0.334375 0.501821 0.332812 0.501821 0.331250 0.499741 0.329687 0.499741 0.328125 0.497661 0.326562 0.497661 0.325000 0.495581 0.323437 0.495581 0.321875 0.493501 0.320312 0.493501 0.318750 0.489341 0.315625 0.489341 0.314062 0.487261 0.312500 0.487261 0.310937 0.485181 0.309375 0.485181 0.307813 0.483101 0.306250 0.483101 0.304688 0.481021 0.303125 0.472700 0.303125 0.472700 0.278125 0.487261 0.278125 0.510142 0.260937 0.512222 0.260937 0.516382 0.257812 0.516382 0.253125
1 0.327095 0.290625 0.327095 0.295312 0.329175 0.296875 0.331255 0.296875 0.333335 0.298437 0.337495 0.298437 0.341655 0.301562 0.343735 0.301562 0.358296 0.312500 0.358296 0.314062 0.360376 0.315625 0.360376 0.317187 0.362456 0.318750 0.362456 0.320312 0.366616 0.323437 0.366616 0.325000 0.368696 0.326562 0.368696 0.329687 0.370776 0.331250 0.370776 0.332812 0.372856 0.334375 0.379097 0.334375 0.379097 0.357812 0.372856 0.357812 0.368696 0.360937 0.368696 0.364062 0.366616 0.365625 0.366616 0.367188 0.358296 0.373437 0.356216 0.373437 0.347896 0.379687 0.345815 0.379687 0.339575 0.384375 0.339575 0.389062 0.306294 0.389062 0.306294 0.384375 0.300054 0.379687 0.297974 0.379687 0.295894 0.378125 0.291733 0.378125 0.289653 0.376562 0.283413 0.376562 0.281333 0.375000 0.279253 0.375000 0.277173 0.373437 0.275093 0.373437 0.273013 0.371875 0.270933 0.371875 0.268853 0.370312 0.268853 0.368750 0.262612 0.364062 0.262612 0.362500 0.260532 0.360937 0.260532 0.357812 0.258452 0.356250 0.258452 0.354687 0.256372 0.353125 0.256372 0.351562 0.254292 0.350000 0.248052 0.350000 0.248052 0.331250 0.254292 0.331250 0.256372 0.329687 0.256372 0.328125 0.258452 0.326562 0.258452 0.325000 0.260532 0.323437 0.260532 0.321875 0.262612 0.320312 0.262612 0.318750 0.266773 0.315625 0.266773 0.314062 0.277173 0.306250 0.279253 0.306250 0.287573 0.300000 0.289653 0.300000 0.291733 0.298437 0.293814 0.298437 0.297974 0.295312 0.297974 0.290625
1 0.079565 0.709375 0.081646 0.707812 0.087886 0.707812 0.087886 0.720312 0.079565 0.720312 0.079565 0.709375 0.054605 0.695312 0.052524 0.695312 0.046284 0.700000 0.044204 0.700000 0.040044 0.703125 0.037964 0.703125 0.033804 0.706250 0.031724 0.706250 0.027563 0.709375 0.025483 0.709375 0.023403 0.710938 0.019243 0.710938 0.017163 0.712500 0.015083 0.712500 0.010923 0.715625 0.010923 0.720312 0.000000 0.720312 0.000000 0.565625 0.031724 0.565625 0.031724 0.570312 0.035884 0.573437 0.037964 0.573437 0.040044 0.575000 0.042124 0.575000 0.046284 0.578125 0.048364 0.578125 0.062925 0.589062 0.062925 0.590625 0.067085 0.593750 0.067085 0.595312 0.071245 0.598437 0.071245 0.600000 0.075405 0.603125 0.075405 0.604687 0.077485 0.606250 0.077485 0.607813 0.081646 0.610937 0.087886 0.610937 0.087886 0.664062 0.081646 0.664062 0.079565 0.665625 0.079565 0.667187 0.077485 0.668750 0.077485 0.673437 0.075405 0.675000 0.075405 0.676562 0.071245 0.679688 0.071245 0.681250 0.067085 0.684375 0.067085 0.685937 0.054605 0.695312
0 0.487261 0.687500 0.495581 0.687500 0.495581 0.695312 0.485181 0.695312 0.485181 0.689062 0.487261 0.687500 0.476860 0.671875 0.458140 0.685937 0.456060 0.685937 0.453979 0.687500 0.451899 0.687500 0.447739 0.690625 0.447739 0.695312 0.391577 0.695312 0.391577 0.690625 0.387417 0.687500 0.385337 0.687500 0.383257 0.685937 0.381177 0.685937 0.372856 0.679688 0.370776 0.679688 0.358296 0.670312 0.358296 0.668750 0.352056 0.664062 0.352056 0.662500 0.349976 0.660937 0.349976 0.659375 0.345815 0.656250 0.345815 0.654687 0.343735 0.653125 0.343735 0.650000 0.341655 0.648438 0.341655 0.646875 0.337495 0.643750 0.331255 0.643750 0.331255 0.609375 0.339575 0.609375 0.341655 0.607813 0.341655 0.606250 0.343735 0.604687 0.343735 0.603125 0.347896 0.600000 0.347896 0.598437 0.362456 0.587500 0.364536 0.587500 0.370776 0.582812 0.370776 0.578125 0.453979 0.578125 0.453979 0.582812 0.458140 0.585937 0.462300 0.585937 0.468540 0.590625 0.470620 0.590625 0.481021 0.598437 0.481021 0.600000 0.485181 0.603125 0.485181 0.604687 0.487261 0.606250 0.495581 0.606250 0.495581 0.660937 0.489341 0.660937 0.485181 0.664062 0.485181 0.665625 0.483101 0.667187 0.481021 0.667187 0.476860 0.670312 0.476860 0.671875
0 0.437339 0.390625 0.437339 0.395312 0.441499 0.398438 0.443579 0.398438 0.445659 0.400000 0.447739 0.400000 0.456060 0.406250 0.458140 0.406250 0.460220 0.407812 0.460220 0.409375 0.462300 0.410937 0.464380 0.410937 0.468540 0.414062 0.468540 0.415625 0.472700 0.418750 0.478940 0.418750 0.478940 0.459375 0.472700 0.459375 0.453979 0.473437 0.451899 0.473437 0.445659 0.478125 0.445659 0.482812 0.379097 0.482812 0.379097 0.478125 0.372856 0.473437 0.370776 0.473437 0.364536 0.468750 0.364536 0.467187 0.360376 0.464062 0.360376 0.462500 0.358296 0.460938 0.358296 0.459375 0.354136 0.456250 0.347896 0.456250 0.347896 0.420312 0.354136 0.420312 0.356216 0.418750 0.356216 0.417187 0.358296 0.415625 0.358296 0.414062 0.362456 0.410937 0.362456 0.409375 0.372856 0.401562 0.374937 0.401562 0.379097 0.398438 0.381177 0.398438 0.385337 0.395312 0.385337 0.390625
2 0.310454 0.440625 0.310454 0.445312 0.314614 0.448437 0.316694 0.448437 0.320855 0.451562 0.322935 0.451562 0.333335 0.459375 0.333335 0.460938 0.335415 0.462500 0.335415 0.464062 0.339575 0.467187 0.345815 0.467187 0.345815 0.514062 0.339575 0.514062 0.333335 0.518750 0.333335 0.520312 0.331255 0.521875 0.331255 0.523437 0.329175 0.525000 0.329175 0.526562 0.316694 0.535937 0.314614 0.535937 0.308374 0.540625 0.308374 0.545312 0.252212 0.545312 0.252212 0.540625 0.245972 0.535937 0.243892 0.535937 0.241812 0.534375 0.239731 0.534375 0.231411 0.528125 0.229331 0.528125 0.229331 0.526562 0.223091 0.521875 0.223091 0.520312 0.221011 0.518750 0.221011 0.517187 0.218931 0.515625 0.218931 0.512500 0.216851 0.510937 0.216851 0.507812 0.212690 0.504687 0.206450 0.504687 0.206450 0.481250 0.212690 0.481250 0.216851 0.478125 0.216851 0.475000 0.218931 0.473437 0.218931 0.471875 0.221011 0.470312 0.221011 0.468750 0.223091 0.467187 0.223091 0.465625 0.227251 0.462500 0.227251 0.460938 0.239731 0.451562 0.241812 0.451562 0.243892 0.450000 0.245972 0.450000 0.252212 0.445312 0.252212 0.440625
2 0.458140 0.290625 0.458140 0.295312 0.460220 0.296875 0.462300 0.296875 0.464380 0.298437 0.468540 0.298437 0.472700 0.301562 0.474780 0.301562 0.491421 0.314062 0.491421 0.315625 0.497661 0.320312 0.503901 0.320312 0.503901 0.365625 0.497661 0.365625 0.481021 0.378125 0.478940 0.378125 0.470620 0.384375 0.470620 0.389062 0.416538 0.389062 0.416538 0.384375 0.412378 0.381250 0.410298 0.381250 0.408218 0.379687 0.406138 0.379687 0.401978 0.376562 0.399897 0.376562 0.395737 0.373437 0.395737 0.371875 0.391577 0.368750 0.391577 0.365625 0.387417 0.362500 0.381177 0.362500 0.381177 0.317187 0.387417 0.317187 0.391577 0.314062 0.391577 0.312500 0.406138 0.301562 0.408218 0.301562 0.412378 0.298437 0.414458 0.298437 0.418618 0.295312 0.418618 0.290625
1 0.982319 0.503125 0.982319 0.507812 0.986479 0.510937 0.988560 0.510937 0.990640 0.512500 0.992720 0.512500 0.992720 0.514062 0.994800 0.515625 1.000000 0.515625 1.000000 0.620312 0.994800 0.620312 0.992720 0.621875 0.990640 0.621875 0.988560 0.623438 0.982319 0.623438 0.980239 0.625000 0.973999 0.625000 0.971919 0.626562 0.969839 0.626562 0.967759 0.628125 0.967759 0.632812 0.946958 0.632812 0.946958 0.628125 0.944878 0.626562 0.942798 0.626562 0.940718 0.625000 0.936558 0.625000 0.934478 0.623438 0.930317 0.623438 0.928237 0.621875 0.924077 0.621875 0.921997 0.620312 0.919917 0.620312 0.919917 0.618750 0.917837 0.617188 0.915757 0.617188 0.913677 0.615625 0.911597 0.615625 0.909517 0.614062 0.897036 0.614062 0.897036 0.600000 0.905356 0.600000 0.907437 0.598437 0.907437 0.596875 0.909517 0.595312 0.909517 0.582812 0.907437 0.581250 0.907437 0.576562 0.903276 0.573437 0.897036 0.573437 0.897036 0.526562 0.903276 0.526562 0.905356 0.525000 0.905356 0.523437 0.907437 0.521875 0.907437 0.520312 0.909517 0.518750 0.909517 0.517187 0.921997 0.507812 0.921997 0.503125
2 0.682788 0.321875 0.682788 0.328125 0.684868 0.329687 0.686948 0.329687 0.691108 0.332812 0.693188 0.332812 0.707749 0.343750 0.707749 0.345312 0.713989 0.350000 0.720230 0.350000 0.720230 0.392187 0.711909 0.392187 0.709829 0.393750 0.709829 0.395312 0.705669 0.398438 0.705669 0.400000 0.695269 0.407812 0.693188 0.407812 0.686948 0.412500 0.682788 0.412500 0.678628 0.415625 0.678628 0.420312 0.643267 0.420312 0.643267 0.415625 0.641187 0.414062 0.637026 0.414062 0.634946 0.412500 0.630786 0.412500 0.628706 0.410937 0.626626 0.410937 0.624546 0.409375 0.622466 0.409375 0.612065 0.401562 0.612065 0.400000 0.605825 0.395312 0.605825 0.393750 0.603745 0.392187 0.603745 0.390625 0.601665 0.389062 0.601665 0.387500 0.599585 0.385937 0.599585 0.384375 0.597505 0.382812 0.597505 0.381250 0.595425 0.379687 0.589185 0.379687 0.589185 0.350000 0.595425 0.350000 0.599585 0.346875 0.599585 0.345312 0.603745 0.342187 0.603745 0.340625 0.616226 0.331250 0.618306 0.331250 0.624546 0.326562 0.624546 0.321875
1 0.915757 0.234375 0.915757 0.239062 0.919917 0.242188 0.921997 0.242188 0.938638 0.254687 0.944878 0.254687 0.944878 0.295312 0.936558 0.295312 0.934478 0.296875 0.934478 0.298437 0.930317 0.301562 0.930317 0.303125 0.928237 0.303125 0.921997 0.307813 0.921997 0.309375 0.919917 0.310937 0.917837 0.310937 0.909517 0.317187 0.907437 0.317187 0.905356 0.318750 0.903276 0.318750 0.901196 0.320312 0.899116 0.320312 0.897036 0.321875 0.897036 0.326562 0.849194 0.326562 0.849194 0.321875 0.840874 0.315625 0.838794 0.315625 0.836714 0.314062 0.836714 0.312500 0.832554 0.309375 0.832554 0.307813 0.828394 0.304688 0.828394 0.303125 0.826313 0.301562 0.826313 0.298437 0.824233 0.296875 0.824233 0.293750 0.822153 0.292187 0.822153 0.290625 0.820073 0.289062 0.813833 0.289062 0.813833 0.275000 0.820073 0.275000 0.822153 0.273437 0.822153 0.271875 0.824233 0.270312 0.824233 0.267187 0.826313 0.265625 0.826313 0.264062 0.834634 0.257812 0.834634 0.256250 0.845034 0.248437 0.847114 0.248437 0.853354 0.243750 0.855435 0.243750 0.857515 0.242188 0.859595 0.242188 0.863755 0.239062 0.863755 0.234375
2 0.543423 0.615625 0.543423 0.620312 0.547583 0.623438 0.549663 0.623438 0.551743 0.625000 0.553823 0.625000 0.555903 0.626562 0.557983 0.626562 0.562144 0.629687 0.564224 0.629687 0.578784 0.640625 0.578784 0.642187 0.582944 0.645312 0.582944 0.646875 0.585024 0.648438 0.585024 0.650000 0.589185 0.653125 0.595425 0.653125 0.595425 0.695312 0.589185 0.695312 0.585024 0.698437 0.585024 0.700000 0.582944 0.701562 0.582944 0.703125 0.580864 0.704687 0.580864 0.706250 0.574624 0.710938 0.574624 0.712500 0.570464 0.715625 0.568384 0.715625 0.560064 0.721875 0.557983 0.721875 0.555903 0.723437 0.551743 0.723437 0.545503 0.728125 0.545503 0.732812 0.493501 0.732812 0.493501 0.728125 0.489341 0.725000 0.487261 0.725000 0.485181 0.723437 0.481021 0.723437 0.478940 0.721875 0.476860 0.721875 0.474780 0.720312 0.472700 0.720312 0.468540 0.717187 0.466460 0.717187 0.453979 0.707812 0.453979 0.706250 0.451899 0.704687 0.451899 0.703125 0.449819 0.701562 0.449819 0.696875 0.445659 0.693750 0.439419 0.693750 0.439419 0.615625
2 0.472700 0.953125 0.472700 0.957812 0.476860 0.960938 0.476860 0.962500 0.478940 0.964062 0.487261 0.964062 0.487261 0.998437 0.372856 0.998437 0.372856 0.987500 0.379097 0.987500 0.385337 0.982812 0.387417 0.982812 0.410298 0.965625 0.412378 0.965625 0.418618 0.960938 0.420698 0.960938 0.424858 0.957812 0.424858 0.953125
2 0.786792 0.515625 0.786792 0.521875 0.788872 0.523437 0.790952 0.523437 0.793032 0.525000 0.795112 0.525000 0.799272 0.528125 0.801353 0.528125 0.807593 0.532812 0.807593 0.534375 0.815913 0.540625 0.815913 0.542187 0.817993 0.543750 0.817993 0.545312 0.822153 0.548437 0.828394 0.548437 0.828394 0.582812 0.822153 0.582812 0.817993 0.585937 0.817993 0.587500 0.815913 0.589062 0.815913 0.590625 0.813833 0.592187 0.813833 0.593750 0.809673 0.596875 0.809673 0.598437 0.801353 0.604687 0.799272 0.604687 0.793032 0.609375 0.790952 0.609375 0.788872 0.610937 0.786792 0.610937 0.784712 0.612500 0.782632 0.612500 0.778472 0.615625 0.778472 0.620312 0.728550 0.620312 0.728550 0.615625 0.724390 0.612500 0.722310 0.612500 0.720230 0.610937 0.718149 0.610937 0.709829 0.604687 0.707749 0.604687 0.705669 0.603125 0.705669 0.601562 0.699429 0.596875 0.699429 0.595312 0.695269 0.592187 0.689028 0.592187 0.689028 0.540625 0.695269 0.540625 0.703589 0.534375 0.703589 0.532812 0.711909 0.526562 0.713989 0.526562 0.718149 0.523437 0.720230 0.523437 0.722310 0.521875 0.722310 0.515625
1 1.000000 0.946875 1.000000 0.998437 0.899116 0.998437 0.899116 0.992188 0.897036 0.990625 0.897036 0.989062 0.894956 0.987500 0.888716 0.987500 0.888716 0.970312 0.894956 0.970312 0.911597 0.957812 0.913677 0.957812 0.917837 0.954687 0.921997 0.954687 0.926157 0.951562 0.926157 0.946875
2 0.568384 0.440625 0.568384 0.445312 0.564224 0.445312 0.560064 0.448437 0.555903 0.448437 0.551743 0.451562 0.555903 0.454687 0.564224 0.454687 0.580864 0.467187 0.580864 0.468750 0.585024 0.471875 0.585024 0.473437 0.587104 0.475000 0.595425 0.475000 0.595425 0.515625 0.589185 0.515625 0.580864 0.521875 0.580864 0.523437 0.564224 0.535937 0.562144 0.535937 0.560064 0.537500 0.557983 0.537500 0.553823 0.540625 0.553823 0.545312 0.495581 0.545312 0.495581 0.540625 0.481021 0.529687 0.481021 0.528125 0.468540 0.518750 0.468540 0.517187 0.466460 0.515625 0.466460 0.514062 0.462300 0.510937 0.456060 0.510937 0.456060 0.465625 0.462300 0.465625 0.468540 0.460938 0.470620 0.460938 0.476860 0.456250 0.478940 0.456250 0.481021 0.454687 0.483101 0.454687 0.485181 0.453125 0.487261 0.453125 0.489341 0.451562 0.491421 0.451562 0.493501 0.450000 0.495581 0.450000 0.497661 0.448437 0.499741 0.448437 0.503901 0.445312 0.503901 0.440625
2 0.720230 0.946875 0.720230 0.953125 0.749351 0.975000 0.749351 0.976562 0.755591 0.981250 0.757671 0.981250 0.759751 0.982812 0.761831 0.982812 0.763911 0.984375 0.763911 0.985937 0.765991 0.987500 0.768071 0.987500 0.772231 0.990625 0.778472 0.990625 0.778472 0.998437 0.422778 0.998437 0.422778 0.956250 0.429019 0.956250 0.431099 0.954687 0.435259 0.954687 0.439419 0.951562 0.439419 0.946875 0.462300 0.946875 0.462300 0.951562 0.468540 0.956250 0.470620 0.956250 0.476860 0.960938 0.476860 0.962500 0.478940 0.964062 0.481021 0.964062 0.489341 0.970312 0.491421 0.968750 0.495581 0.968750 0.497661 0.967187 0.499741 0.967187 0.501821 0.965625 0.503901 0.965625 0.505981 0.964062 0.510142 0.964062 0.512222 0.962500 0.516382 0.962500 0.518462 0.960938 0.524702 0.960938 0.526782 0.962500 0.528862 0.962500 0.530942 0.964062 0.533022 0.964062 0.535103 0.965625 0.539263 0.965625 0.541343 0.967187 0.545503 0.967187 0.547583 0.968750 0.549663 0.968750 0.551743 0.970312 0.553823 0.970312 0.555903 0.971875 0.578784 0.971875 0.580864 0.973437 0.585024 0.973437 0.587104 0.975000 0.589185 0.975000 0.595425 0.979687 0.601665 0.979687 0.605825 0.976562 0.605825 0.975000 0.607905 0.973437 0.607905 0.970312 0.605825 0.968750 0.605825 0.967187 0.601665 0.964062 0.601665 0.957812 0.603745 0.956250 0.614146 0.956250 0.616226 0.954687 0.622466 0.954687 0.624546 0.953125 0.626626 0.953125 0.628706 0.951562 0.628706 0.946875
2 0.905356 0.728125 0.905356 0.734375 0.901196 0.734375 0.899116 0.735937 0.894956 0.735937 0.890796 0.739062 0.890796 0.740625 0.897036 0.745312 0.899116 0.745312 0.901196 0.746875 0.903276 0.746875 0.905356 0.748437 0.907437 0.748437 0.913677 0.753125 0.921997 0.753125 0.924077 0.751562 0.924077 0.750000 0.928237 0.746875 0.934478 0.746875 0.936558 0.745312 0.938638 0.745312 0.942798 0.742188 0.946958 0.742188 0.949038 0.740625 0.955278 0.740625 0.957358 0.742188 0.963599 0.742188 0.965679 0.743750 0.967759 0.743750 0.969839 0.745312 0.971919 0.745312 0.976079 0.748437 0.978159 0.748437 0.980239 0.750000 0.980239 0.751562 0.984399 0.754687 0.984399 0.756250 0.988560 0.759375 0.988560 0.760937 0.990640 0.762500 0.990640 0.764062 0.992720 0.765625 0.992720 0.771875 0.996880 0.775000 1.000000 0.775000 1.000000 0.867188 0.996880 0.867188 0.994800 0.868750 0.994800 0.870312 0.992720 0.871875 0.992720 0.876562 0.990640 0.878125 0.990640 0.882812 0.988560 0.884375 0.988560 0.885937 0.986479 0.887500 0.986479 0.889062 0.984399 0.890625 0.984399 0.892187 0.982319 0.893750 0.982319 0.896875 0.980239 0.898438 0.980239 0.900000 0.976079 0.903125 0.976079 0.904687 0.971919 0.907812 0.971919 0.909375 0.969839 0.909375 0.961519 0.915625 0.961519 0.920312 0.899116 0.920312 0.899116 0.914062 0.897036 0.912500 0.894956 0.912500 0.890796 0.909375 0.888716 0.909375 0.878315 0.901562 0.878315 0.900000 0.872075 0.895312 0.872075 0.893750 0.869995 0.892187 0.869995 0.890625 0.867915 0.889062 0.867915 0.887500 0.861675 0.882812 0.855435 0.882812 0.855435 0.846875 0.861675 0.846875 0.863755 0.845312 0.863755 0.842187 0.865835 0.840625 0.865835 0.839062 0.867915 0.837500 0.867915 0.835938 0.872075 0.832812 0.872075 0.829687 0.874155 0.828125 0.874155 0.823437 0.876235 0.821875 0.876235 0.815625 0.878315 0.814062 0.878315 0.789062 0.876235 0.787500 0.876235 0.779687 0.874155 0.778125 0.876235 0.776562 0.876235 0.770312 0.878315 0.768750 0.878315 0.764062 0.880396 0.762500 0.880396 0.757812 0.882476 0.756250 0.882476 0.751562 0.884556 0.750000 0.884556 0.746875 0.886636 0.745312 0.886636 0.737500 0.884556 0.735937 0.884556 0.734375 0.882476 0.732812 0.882476 0.728125