1 0.645864 0.515625 0.645864 0.520312 0.637544 0.526562 0.635464 0.526562 0.633384 0.528125 0.631304 0.528125 0.629224 0.529687 0.614663 0.529687 0.612583 0.531250 0.606343 0.531250 0.604263 0.532812 0.602183 0.532812 0.600103 0.534375 0.598022 0.534375 0.595942 0.535937 0.591782 0.535937 0.564741 0.556250 0.564741 0.557812 0.562661 0.559375 0.554341 0.559375 0.554341 0.606250 0.562661 0.606250 0.564741 0.607813 0.564741 0.609375 0.566821 0.610937 0.566821 0.612500 0.573062 0.617188 0.573062 0.618750 0.577222 0.621875 0.579302 0.621875 0.583462 0.625000 0.585542 0.625000 0.587622 0.626562 0.589702 0.626562 0.591782 0.628125 0.595942 0.628125 0.598022 0.629687 0.600103 0.629687 0.602183 0.631250 0.606343 0.631250 0.610503 0.634375 0.610503 0.639062 0.699946 0.639062 0.699946 0.634375 0.704106 0.631250 0.706186 0.631250 0.708267 0.629687 0.710347 0.629687 0.714507 0.626562 0.716587 0.626562 0.718667 0.625000 0.720747 0.625000 0.722827 0.623438 0.724907 0.623438 0.726987 0.621875 0.729067 0.621875 0.745708 0.609375 0.745708 0.607813 0.747788 0.606250 0.747788 0.604687 0.749868 0.603125 0.749868 0.601562 0.754028 0.598437 0.760269 0.598437 0.760269 0.556250 0.754028 0.556250 0.749868 0.553125 0.749868 0.551562 0.747788 0.550000 0.747788 0.548437 0.745708 0.546875 0.745708 0.545312 0.737388 0.539062 0.737388 0.537500 0.735308 0.537500 0.726987 0.531250 0.724907 0.531250 0.720747 0.528125 0.718667 0.528125 0.714507 0.525000 0.712427 0.525000 0.710347 0.523437 0.708267 0.523437 0.704106 0.520312 0.704106 0.515625
1 0.406655 0.540625 0.406655 0.545312 0.402495 0.548437 0.400415 0.548437 0.398335 0.550000 0.396255 0.550000 0.394175 0.551562 0.392095 0.551562 0.387935 0.554687 0.385854 0.554687 0.383774 0.556250 0.381694 0.556250 0.377534 0.559375 0.375454 0.559375 0.371294 0.562500 0.369214 0.562500 0.365054 0.565625 0.362974 0.565625 0.346333 0.578125 0.338013 0.578125 0.338013 0.643750 0.346333 0.643750 0.367134 0.659375 0.369214 0.659375 0.371294 0.660937 0.373374 0.660937 0.375454 0.662500 0.379614 0.662500 0.381694 0.664062 0.383774 0.664062 0.385854 0.665625 0.385854 0.670312 0.452417 0.670312 0.452417 0.665625 0.456577 0.662500 0.462817 0.662500 0.464897 0.660937 0.469058 0.660937 0.471138 0.659375 0.473218 0.659375 0.477378 0.656250 0.479458 0.656250 0.481538 0.654687 0.483618 0.654687 0.498179 0.643750 0.498179 0.642187 0.504419 0.637500 0.504419 0.635937 0.508579 0.632812 0.508579 0.631250 0.510659 0.629687 0.518979 0.629687 0.518979 0.578125 0.512739 0.578125 0.506499 0.573437 0.506499 0.571875 0.500259 0.567187 0.500259 0.565625 0.489858 0.557812 0.487778 0.557812 0.483618 0.554687 0.481538 0.554687 0.479458 0.553125 0.477378 0.553125 0.473218 0.550000 0.471138 0.550000 0.469058 0.548437 0.466978 0.548437 0.462817 0.545312 0.462817 0.540625
0 0.568901 0.409375 0.568901 0.414062 0.562661 0.418750 0.560581 0.418750 0.556421 0.421875 0.554341 0.421875 0.548101 0.426562 0.546021 0.426562 0.541860 0.429688 0.541860 0.431250 0.531460 0.439062 0.531460 0.440625 0.529380 0.442187 0.521060 0.442187 0.521060 0.506250 0.529380 0.506250 0.531460 0.507812 0.531460 0.510937 0.533540 0.512500 0.533540 0.514062 0.535620 0.515625 0.535620 0.517187 0.537700 0.518750 0.537700 0.520312 0.539780 0.520312 0.541860 0.521875 0.543940 0.521875 0.546021 0.523437 0.548101 0.523437 0.550181 0.525000 0.552261 0.525000 0.556421 0.528125 0.556421 0.532812 0.635464 0.532812 0.635464 0.528125 0.643784 0.521875 0.645864 0.521875 0.647944 0.520312 0.647944 0.518750 0.650024 0.517187 0.652104 0.517187 0.652104 0.515625 0.654185 0.514062 0.656265 0.514062 0.660425 0.510937 0.662505 0.510937 0.681226 0.496875 0.681226 0.495312 0.683306 0.493750 0.683306 0.490625 0.685386 0.489062 0.685386 0.487500 0.687466 0.485937 0.693706 0.485937 0.693706 0.446875 0.687466 0.446875 0.685386 0.445312 0.685386 0.443750 0.683306 0.442187 0.683306 0.440625 0.681226 0.439062 0.681226 0.437500 0.674985 0.432812 0.674985 0.431250 0.662505 0.421875 0.660425 0.421875 0.656265 0.418750 0.654185 0.418750 0.652104 0.417187 0.650024 0.417187 0.645864 0.414062 0.645864 0.409375
1 0.240249 0.365625 0.240249 0.370312 0.236089 0.373437 0.234009 0.373437 0.231929 0.375000 0.227769 0.375000 0.221528 0.379687 0.219448 0.379687 0.213208 0.384375 0.211128 0.384375 0.209048 0.385937 0.209048 0.387500 0.200728 0.393750 0.200728 0.395312 0.198647 0.396875 0.198647 0.398438 0.194487 0.401562 0.188247 0.401562 0.188247 0.448437 0.194487 0.448437 0.198647 0.451562 0.198647 0.453125 0.202808 0.456250 0.202808 0.457812 0.211128 0.464062 0.211128 0.465625 0.213208 0.465625 0.219448 0.470312 0.221528 0.470312 0.223608 0.471875 0.225688 0.471875 0.227769 0.473437 0.229849 0.473437 0.236089 0.478125 0.236089 0.482812 0.288091 0.482812 0.288091 0.478125 0.292251 0.475000 0.294331 0.475000 0.298491 0.471875 0.300571 0.471875 0.302651 0.470312 0.304731 0.470312 0.310972 0.465625 0.313052 0.465625 0.321372 0.459375 0.321372 0.457812 0.329692 0.451562 0.329692 0.450000 0.338013 0.443750 0.344253 0.443750 0.344253 0.414062 0.338013 0.414062 0.335933 0.412500 0.335933 0.410937 0.333853 0.409375 0.333853 0.406250 0.331772 0.404687 0.331772 0.401562 0.329692 0.400000 0.329692 0.398438 0.327612 0.396875 0.327612 0.395312 0.321372 0.390625 0.321372 0.389062 0.306812 0.378125 0.304731 0.378125 0.300571 0.375000 0.298491 0.375000 0.296411 0.373437 0.294331 0.373437 0.292251 0.371875 0.290171 0.371875 0.288091 0.370312 0.288091 0.365625
0 0.000000 0.496875 0.000000 0.614062 0.015601 0.614062 0.015601 0.609375 0.019761 0.606250 0.021841 0.606250 0.028081 0.601562 0.030161 0.601562 0.040562 0.593750 0.040562 0.592187 0.048882 0.585937 0.048882 0.584375 0.050962 0.582812 0.050962 0.581250 0.055122 0.578125 0.055122 0.575000 0.057202 0.573437 0.057202 0.571875 0.059282 0.570312 0.059282 0.568750 0.061362 0.567187 0.061362 0.565625 0.063442 0.564062 0.069683 0.564062 0.069683 0.539062 0.063442 0.539062 0.059282 0.535937 0.059282 0.532812 0.057202 0.531250 0.057202 0.529687 0.055122 0.528125 0.055122 0.526562 0.050962 0.523437 0.050962 0.521875 0.046802 0.518750 0.046802 0.517187 0.038481 0.510937 0.036401 0.510937 0.030161 0.506250 0.028081 0.506250 0.021841 0.501562 0.021841 0.496875
2 0.523140 0.296875 0.523140 0.301562 0.518979 0.304688 0.516899 0.304688 0.514819 0.306250 0.512739 0.306250 0.510659 0.307813 0.508579 0.307813 0.494019 0.318750 0.494019 0.320312 0.491938 0.321875 0.491938 0.323437 0.489858 0.325000 0.489858 0.326562 0.485698 0.329687 0.479458 0.329687 0.479458 0.365625 0.485698 0.365625 0.489858 0.368750 0.489858 0.370312 0.498179 0.376562 0.498179 0.378125 0.500259 0.379687 0.500259 0.382812 0.502339 0.384375 0.502339 0.389062 0.506499 0.392187 0.506499 0.393750 0.508579 0.395312 0.510659 0.395312 0.516899 0.400000 0.518979 0.400000 0.523140 0.403125 0.525220 0.403125 0.529380 0.406250 0.531460 0.406250 0.535620 0.409375 0.535620 0.414062 0.581382 0.414062 0.581382 0.409375 0.583462 0.407812 0.585542 0.407812 0.587622 0.406250 0.589702 0.406250 0.591782 0.404687 0.593862 0.404687 0.598022 0.401562 0.600103 0.401562 0.618823 0.387500 0.618823 0.385937 0.622983 0.382812 0.622983 0.381250 0.625063 0.379687 0.625063 0.378125 0.629224 0.375000 0.635464 0.375000 0.635464 0.332812 0.629224 0.332812 0.625063 0.329687 0.625063 0.328125 0.622983 0.326562 0.622983 0.325000 0.620903 0.323437 0.620903 0.321875 0.614663 0.317187 0.614663 0.315625 0.604263 0.307813 0.602183 0.307813 0.598022 0.304688 0.595942 0.304688 0.593862 0.303125 0.593862 0.296875
1 0.941235 0.571875 0.941235 0.576562 0.937075 0.579687 0.934995 0.579687 0.932915 0.581250 0.930835 0.581250 0.928755 0.582812 0.926675 0.582812 0.922515 0.585937 0.920435 0.585937 0.912114 0.592187 0.910034 0.592187 0.907954 0.593750 0.907954 0.595312 0.897554 0.603125 0.897554 0.604687 0.895474 0.606250 0.895474 0.607813 0.891313 0.610937 0.891313 0.612500 0.889233 0.614062 0.889233 0.617188 0.885073 0.620312 0.878833 0.620312 0.878833 0.668750 0.885073 0.668750 0.887153 0.670312 0.887153 0.671875 0.889233 0.673437 0.889233 0.675000 0.891313 0.676562 0.891313 0.678125 0.893394 0.679688 0.893394 0.681250 0.897554 0.684375 0.897554 0.685937 0.899634 0.687500 0.899634 0.689062 0.901714 0.690625 0.901714 0.692187 0.903794 0.693750 0.903794 0.695312 0.905874 0.696875 0.905874 0.701562 0.899634 0.706250 0.899634 0.707812 0.897554 0.709375 0.897554 0.712500 0.895474 0.714062 0.895474 0.715625 0.891313 0.718750 0.891313 0.720312 0.889233 0.721875 0.889233 0.735937 0.891313 0.737500 0.891313 0.739062 0.901714 0.746875 0.901714 0.751562 0.941235 0.751562 0.941235 0.745312 0.943315 0.743750 0.945395 0.743750 0.947476 0.742188 0.949556 0.742188 0.953716 0.739062 0.955796 0.739062 0.959956 0.735937 0.962036 0.735937 0.966196 0.732812 0.968276 0.732812 0.970356 0.731250 0.974517 0.731250 0.976597 0.729687 1.000000 0.729687 1.000000 0.571875
1 0.670825 0.884375 0.670825 0.890625 0.668745 0.892187 0.666665 0.892187 0.631304 0.918750 0.629224 0.918750 0.625063 0.921875 0.622983 0.921875 0.618823 0.925000 0.616743 0.925000 0.612583 0.928125 0.610503 0.928125 0.602183 0.934375 0.600103 0.934375 0.595942 0.937500 0.593862 0.937500 0.589702 0.940625 0.587622 0.940625 0.585542 0.942187 0.583462 0.942187 0.573062 0.950000 0.570981 0.950000 0.568901 0.951562 0.568901 0.953125 0.564741 0.956250 0.564741 0.957812 0.560581 0.960938 0.560581 0.962500 0.558501 0.964062 0.558501 0.965625 0.556421 0.967187 0.556421 0.968750 0.552261 0.971875 0.546021 0.971875 0.546021 0.998437 0.760269 0.998437 0.760269 0.892187 0.754028 0.892187 0.751948 0.890625 0.751948 0.884375
2 0.134165 0.871875 0.134165 0.876562 0.127925 0.881250 0.125845 0.881250 0.123765 0.882812 0.121685 0.882812 0.119604 0.884375 0.117524 0.884375 0.115444 0.885937 0.113364 0.885937 0.107124 0.890625 0.105044 0.890625 0.098804 0.895312 0.096724 0.895312 0.088403 0.901562 0.086323 0.901562 0.069683 0.914062 0.069683 0.915625 0.067603 0.917187 0.067603 0.918750 0.065522 0.920312 0.065522 0.921875 0.063442 0.923437 0.063442 0.925000 0.061362 0.926562 0.055122 0.926562 0.055122 0.998437 0.252729 0.998437 0.252729 0.965625 0.246489 0.965625 0.242329 0.962500 0.242329 0.957812 0.240249 0.956250 0.240249 0.951562 0.238169 0.950000 0.238169 0.946875 0.236089 0.945312 0.236089 0.942187 0.234009 0.940625 0.234009 0.935937 0.231929 0.934375 0.231929 0.926562 0.229849 0.925000 0.229849 0.920312 0.227769 0.918750 0.227769 0.915625 0.225688 0.914062 0.225688 0.909375 0.223608 0.907812 0.223608 0.903125 0.221528 0.901562 0.221528 0.898438 0.219448 0.896875 0.219448 0.895312 0.217368 0.893750 0.217368 0.892187 0.213208 0.889062 0.213208 0.887500 0.204888 0.881250 0.204888 0.879687 0.202808 0.879687 0.198647 0.876562 0.198647 0.871875
2 0.367134 0.334375 0.367134 0.339062 0.362974 0.342187 0.360894 0.342187 0.358813 0.343750 0.356733 0.343750 0.350493 0.348437 0.348413 0.348437 0.335933 0.357812 0.335933 0.359375 0.333853 0.360937 0.333853 0.362500 0.327612 0.367188 0.321372 0.367188 0.321372 0.396875 0.327612 0.396875 0.331772 0.400000 0.331772 0.401562 0.333853 0.403125 0.333853 0.404687 0.335933 0.406250 0.335933 0.407812 0.338013 0.409375 0.338013 0.410937 0.340093 0.412500 0.340093 0.415625 0.342173 0.417187 0.342173 0.418750 0.344253 0.420312 0.344253 0.421875 0.346333 0.423437 0.346333 0.425000 0.348413 0.426562 0.348413 0.428125 0.350493 0.429688 0.352573 0.429688 0.360894 0.435937 0.362974 0.435937 0.365054 0.437500 0.367134 0.437500 0.371294 0.440625 0.373374 0.440625 0.375454 0.442187 0.377534 0.442187 0.379614 0.443750 0.383774 0.443750 0.385854 0.445312 0.387935 0.445312 0.390015 0.446875 0.390015 0.451562 0.429536 0.451562 0.429536 0.446875 0.433696 0.443750 0.435776 0.443750 0.437856 0.442187 0.439936 0.442187 0.442017 0.440625 0.444097 0.440625 0.446177 0.439062 0.448257 0.439062 0.464897 0.426562 0.464897 0.425000 0.469058 0.421875 0.477378 0.421875 0.477378 0.382812 0.471138 0.382812 0.469058 0.381250 0.469058 0.376562 0.466978 0.375000 0.466978 0.370312 0.464897 0.368750 0.464897 0.364062 0.462817 0.362500 0.462817 0.360937 0.458657 0.357812 0.458657 0.356250 0.454497 0.353125 0.454497 0.351562 0.446177 0.345312 0.444097 0.345312 0.439936 0.342187 0.437856 0.342187 0.433696 0.339062 0.433696 0.334375
2 0.327612 0.453125 0.327612 0.459375 0.325532 0.460938 0.323452 0.460938 0.321372 0.462500 0.319292 0.462500 0.308892 0.470312 0.306812 0.470312 0.298491 0.476562 0.296411 0.476562 0.292251 0.479687 0.292251 0.481250 0.281851 0.489062 0.281851 0.490625 0.277690 0.493750 0.275610 0.493750 0.273530 0.495312 0.273530 0.496875 0.269370 0.500000 0.263130 0.500000 0.261050 0.498437 0.261050 0.489062 0.258970 0.489062 0.256890 0.487500 0.246489 0.487500 0.246489 0.548437 0.252729 0.548437 0.254810 0.550000 0.254810 0.551562 0.256890 0.553125 0.256890 0.554687 0.258970 0.556250 0.258970 0.557812 0.277690 0.571875 0.279770 0.571875 0.281851 0.573437 0.283931 0.573437 0.286011 0.575000 0.288091 0.575000 0.292251 0.578125 0.292251 0.582812 0.335933 0.582812 0.335933 0.578125 0.338013 0.576562 0.340093 0.576562 0.342173 0.575000 0.344253 0.575000 0.348413 0.571875 0.350493 0.571875 0.358813 0.565625 0.360894 0.565625 0.365054 0.562500 0.367134 0.562500 0.371294 0.559375 0.373374 0.559375 0.375454 0.557812 0.377534 0.557812 0.383774 0.553125 0.385854 0.553125 0.387935 0.551562 0.390015 0.551562 0.392095 0.550000 0.394175 0.550000 0.396255 0.548437 0.398335 0.548437 0.400415 0.546875 0.402495 0.546875 0.404575 0.545312 0.406655 0.545312 0.410815 0.542187 0.412896 0.542187 0.419136 0.537500 0.427456 0.537500 0.427456 0.493750 0.421216 0.493750 0.417056 0.490625 0.417056 0.489062 0.414976 0.487500 0.414976 0.485937 0.410815 0.482812 0.410815 0.481250 0.385854 0.462500 0.383774 0.462500 0.379614 0.459375 0.379614 0.453125
2 0.855952 0.871875 0.855952 0.876562 0.851792 0.879687 0.849712 0.879687 0.837231 0.889062 0.837231 0.890625 0.830991 0.895312 0.830991 0.896875 0.824751 0.901562 0.824751 0.903125 0.822671 0.904687 0.822671 0.907812 0.820591 0.909375 0.820591 0.910937 0.818511 0.912500 0.812270 0.912500 0.812270 0.998437 1.000000 0.998437 1.000000 0.896875 0.993237 0.896875 0.989077 0.893750 0.984917 0.893750 0.982837 0.892187 0.980757 0.892187 0.978677 0.890625 0.976597 0.890625 0.974517 0.889062 0.970356 0.889062 0.968276 0.887500 0.959956 0.887500 0.957876 0.885937 0.949556 0.885937 0.947476 0.884375 0.943315 0.884375 0.941235 0.882812 0.939155 0.882812 0.937075 0.881250 0.932915 0.881250 0.930835 0.879687 0.926675 0.879687 0.922515 0.876562 0.922515 0.871875