1 0.512500 0.620833 0.512500 0.629167 0.510938 0.631250 0.509375 0.631250 0.503125 0.639583 0.501562 0.639583 0.493750 0.650000 0.493750 0.652083 0.490625 0.656250 0.484375 0.656250 0.484375 0.720833 0.489062 0.720833 0.492188 0.725000 0.492188 0.727083 0.498437 0.735417 0.498437 0.737500 0.504687 0.745833 0.506250 0.745833 0.509375 0.750000 0.510938 0.750000 0.512500 0.752083 0.512500 0.760417 0.564062 0.760417 0.564062 0.752083 0.565625 0.750000 0.567187 0.750000 0.570312 0.745833 0.571875 0.745833 0.578125 0.737500 0.578125 0.735417 0.582812 0.729167 0.582812 0.727083 0.584375 0.725000 0.584375 0.722917 0.585938 0.720833 0.585938 0.718750 0.587500 0.716667 0.587500 0.714583 0.590625 0.710417 0.595312 0.710417 0.595312 0.670833 0.590625 0.670833 0.587500 0.666667 0.587500 0.664583 0.585938 0.662500 0.585938 0.660417 0.584375 0.658333 0.584375 0.656250 0.578125 0.647917 0.578125 0.645833 0.564062 0.627083 0.564062 0.620833
0 0.323438 0.420833 0.323438 0.427083 0.321875 0.429167 0.320312 0.429167 0.318750 0.431250 0.317187 0.431250 0.315625 0.433333 0.314063 0.433333 0.307813 0.441667 0.306250 0.441667 0.304688 0.443750 0.304688 0.445833 0.298438 0.454167 0.298438 0.456250 0.295312 0.460417 0.290625 0.460417 0.290625 0.508333 0.295312 0.508333 0.298438 0.512500 0.298438 0.514583 0.300000 0.516667 0.300000 0.518750 0.307813 0.529167 0.309375 0.529167 0.314063 0.535417 0.315625 0.535417 0.317187 0.537500 0.320312 0.537500 0.321875 0.539583 0.323438 0.539583 0.325000 0.541667 0.328125 0.541667 0.331250 0.545833 0.331250 0.552083 0.364062 0.552083 0.364062 0.545833 0.368750 0.539583 0.370313 0.539583 0.375000 0.533333 0.375000 0.531250 0.384375 0.518750 0.389062 0.518750 0.389062 0.454167 0.384375 0.454167 0.368750 0.433333 0.367188 0.433333 0.365625 0.431250 0.364062 0.431250 0.360938 0.427083 0.360938 0.420833
0 0.629687 0.879167 0.629687 0.885417 0.625000 0.891667 0.623438 0.891667 0.614062 0.904167 0.614062 0.906250 0.610937 0.910417 0.610937 0.912500 0.607813 0.916667 0.603125 0.916667 0.603125 0.968750 0.607813 0.968750 0.609375 0.970833 0.609375 0.972917 0.610937 0.975000 0.610937 0.977083 0.612500 0.979167 0.612500 0.981250 0.614062 0.983333 0.614062 0.985417 0.617188 0.989583 0.617188 0.991667 0.618750 0.993750 0.618750 0.997917 0.714063 0.997917 0.714063 0.916667 0.707812 0.916667 0.706250 0.914583 0.706250 0.912500 0.703125 0.908333 0.703125 0.906250 0.690625 0.889583 0.689062 0.889583 0.685938 0.885417 0.685938 0.879167
1 0.684375 0.454167 0.684375 0.460417 0.681250 0.464583 0.679688 0.464583 0.678125 0.466667 0.676562 0.466667 0.675000 0.468750 0.673437 0.468750 0.670313 0.472917 0.668750 0.472917 0.667188 0.475000 0.665625 0.475000 0.657812 0.485417 0.656250 0.485417 0.656250 0.487500 0.650000 0.495833 0.650000 0.497917 0.648438 0.500000 0.648438 0.502083 0.645312 0.506250 0.640625 0.506250 0.640625 0.564583 0.646875 0.564583 0.648438 0.566667 0.648438 0.568750 0.653125 0.575000 0.653125 0.577083 0.654688 0.579167 0.654688 0.581250 0.659375 0.587500 0.659375 0.589583 0.667188 0.600000 0.667188 0.602083 0.668750 0.602083 0.678125 0.614583 0.679688 0.614583 0.682813 0.618750 0.682813 0.627083 0.732813 0.627083 0.732813 0.620833 0.737500 0.614583 0.739062 0.614583 0.745313 0.606250 0.746875 0.606250 0.751562 0.600000 0.751562 0.597917 0.754687 0.593750 0.754687 0.589583 0.759375 0.583333 0.764063 0.583333 0.764063 0.497917 0.757812 0.497917 0.756250 0.495833 0.756250 0.493750 0.753125 0.489583 0.753125 0.487500 0.743750 0.475000 0.742188 0.475000 0.740625 0.472917 0.739062 0.472917 0.735937 0.468750 0.734375 0.468750 0.732813 0.466667 0.731250 0.466667 0.729688 0.464583 0.726562 0.464583 0.723437 0.460417 0.723437 0.454167
2 0.282813 0.537500 0.282813 0.545833 0.278125 0.552083 0.276563 0.552083 0.275000 0.554167 0.275000 0.556250 0.265625 0.568750 0.259375 0.568750 0.259375 0.645833 0.265625 0.645833 0.267188 0.647917 0.268750 0.647917 0.271875 0.652083 0.273438 0.652083 0.278125 0.658333 0.278125 0.660417 0.279687 0.660417 0.281250 0.662500 0.284375 0.662500 0.285937 0.664583 0.290625 0.664583 0.292188 0.666667 0.293750 0.666667 0.295312 0.668750 0.296875 0.668750 0.298438 0.670833 0.298438 0.677083 0.321875 0.677083 0.321875 0.670833 0.325000 0.666667 0.326562 0.666667 0.329688 0.662500 0.331250 0.662500 0.332812 0.660417 0.334375 0.660417 0.337500 0.656250 0.337500 0.654167 0.339063 0.652083 0.340625 0.652083 0.343750 0.647917 0.345313 0.647917 0.346875 0.645833 0.346875 0.643750 0.353125 0.635417 0.357812 0.635417 0.357812 0.570833 0.351562 0.570833 0.346875 0.564583 0.346875 0.562500 0.345313 0.560417 0.343750 0.560417 0.340625 0.556250 0.339063 0.556250 0.332812 0.547917 0.329688 0.547917 0.328125 0.545833 0.326562 0.545833 0.325000 0.543750 0.325000 0.537500
1 0.737500 0.920833 0.737500 0.927083 0.732813 0.933333 0.731250 0.933333 0.725000 0.941667 0.723437 0.941667 0.717188 0.950000 0.717188 0.952083 0.714063 0.956250 0.709375 0.956250 0.709375 0.997917 0.870313 0.997917 0.870313 0.964583 0.865625 0.964583 0.862500 0.960417 0.862500 0.958333 0.860937 0.956250 0.860937 0.950000 0.859375 0.947917 0.859375 0.945833 0.854688 0.939583 0.854688 0.937500 0.850000 0.931250 0.846875 0.931250 0.843750 0.927083 0.843750 0.920833
1 0.654688 0.245833 0.654688 0.252083 0.651563 0.256250 0.650000 0.256250 0.648438 0.258333 0.646875 0.258333 0.642187 0.264583 0.640625 0.264583 0.629687 0.279167 0.629687 0.281250 0.626562 0.285417 0.626562 0.287500 0.625000 0.289583 0.625000 0.291667 0.623438 0.293750 0.623438 0.295833 0.620313 0.300000 0.615625 0.300000 0.615625 0.366667 0.620313 0.366667 0.623438 0.370833 0.623438 0.372917 0.625000 0.375000 0.625000 0.377083 0.626562 0.379167 0.626562 0.381250 0.629687 0.385417 0.629687 0.387500 0.632812 0.391667 0.632812 0.393750 0.645312 0.410417 0.645312 0.412500 0.646875 0.412500 0.651563 0.418750 0.651563 0.427083 0.704687 0.427083 0.704687 0.418750 0.706250 0.416667 0.707812 0.416667 0.712500 0.410417 0.712500 0.406250 0.718750 0.397917 0.718750 0.395833 0.721875 0.391667 0.723437 0.391667 0.725000 0.389583 0.725000 0.387500 0.728125 0.383333 0.732813 0.383333 0.732813 0.302083 0.728125 0.302083 0.726562 0.300000 0.726562 0.297917 0.725000 0.295833 0.725000 0.289583 0.723437 0.287500 0.723437 0.285417 0.720312 0.281250 0.720312 0.279167 0.718750 0.277083 0.718750 0.275000 0.717188 0.272917 0.715625 0.272917 0.712500 0.268750 0.712500 0.266667 0.710938 0.264583 0.709375 0.264583 0.707812 0.262500 0.706250 0.262500 0.703125 0.258333 0.701563 0.258333 0.700000 0.256250 0.693750 0.256250 0.692187 0.254167 0.690625 0.254167 0.689062 0.252083 0.689062 0.245833
2 0.981250 0.000000 0.981250 0.004167 0.978125 0.008333 0.978125 0.010417 0.976562 0.012500 0.976562 0.014583 0.973437 0.018750 0.973437 0.020833 0.970312 0.025000 0.970312 0.027083 0.967188 0.031250 0.967188 0.033333 0.964063 0.037500 0.964063 0.039583 0.960938 0.043750 0.960938 0.045833 0.959375 0.047917 0.959375 0.050000 0.957812 0.052083 0.957812 0.054167 0.956250 0.056250 0.956250 0.058333 0.954687 0.060417 0.954687 0.064583 0.953125 0.066667 0.953125 0.068750 0.951563 0.070833 0.946875 0.070833 0.946875 0.166667 0.954687 0.166667 0.956250 0.168750 0.956250 0.172917 0.954687 0.175000 0.954687 0.185417 0.998438 0.185417 0.998438 0.000000
2 0.484375 0.495833 0.484375 0.502083 0.481250 0.506250 0.479688 0.506250 0.476562 0.510417 0.475000 0.510417 0.462500 0.527083 0.462500 0.529167 0.457812 0.535417 0.453125 0.535417 0.453125 0.597917 0.459375 0.597917 0.460938 0.600000 0.460938 0.602083 0.473437 0.618750 0.475000 0.618750 0.478125 0.622917 0.479688 0.622917 0.481250 0.625000 0.484375 0.625000 0.485938 0.627083 0.487500 0.627083 0.489062 0.629167 0.489062 0.635417 0.509375 0.635417 0.509375 0.629167 0.512500 0.625000 0.514063 0.625000 0.515625 0.622917 0.517187 0.622917 0.518750 0.620833 0.523438 0.620833 0.525000 0.618750 0.528125 0.618750 0.531250 0.614583 0.532812 0.614583 0.534375 0.612500 0.535937 0.612500 0.540625 0.606250 0.542188 0.606250 0.542188 0.604167 0.550000 0.593750 0.550000 0.589583 0.551562 0.587500 0.551562 0.585417 0.553125 0.583333 0.557813 0.583333 0.557813 0.533333 0.553125 0.533333 0.550000 0.529167 0.550000 0.527083 0.546875 0.522917 0.546875 0.520833 0.543750 0.516667 0.542188 0.516667 0.540625 0.514583 0.540625 0.512500 0.539062 0.512500 0.534375 0.506250 0.532812 0.506250 0.529688 0.502083 0.529688 0.495833
2 0.981250 0.720833 0.981250 0.727083 0.978125 0.731250 0.976562 0.731250 0.975000 0.733333 0.973437 0.733333 0.968750 0.739583 0.968750 0.741667 0.965625 0.745833 0.965625 0.747917 0.962500 0.752083 0.962500 0.754167 0.960938 0.756250 0.960938 0.758333 0.959375 0.760417 0.959375 0.762500 0.957812 0.764583 0.953125 0.764583 0.953125 0.816667 0.957812 0.816667 0.960938 0.820833 0.960938 0.822917 0.962500 0.825000 0.962500 0.829167 0.965625 0.833333 0.965625 0.835417 0.968750 0.839583 0.968750 0.841667 0.970312 0.843750 0.970312 0.845833 0.971875 0.847917 0.971875 0.850000 0.975000 0.854167 0.975000 0.856250 0.981250 0.864583 0.982813 0.864583 0.987500 0.870833 0.987500 0.877083 0.998438 0.877083 0.998438 0.720833
1 0.953125 0.145833 0.953125 0.200000 0.957812 0.200000 0.960938 0.204167 0.960938 0.206250 0.962500 0.208333 0.962500 0.222917 0.960938 0.225000 0.960938 0.229167 0.959375 0.231250 0.959375 0.233333 0.957812 0.235417 0.953125 0.235417 0.953125 0.297917 0.957812 0.297917 0.959375 0.300000 0.959375 0.302083 0.960938 0.304167 0.960938 0.306250 0.962500 0.308333 0.962500 0.310417 0.964063 0.312500 0.964063 0.314583 0.975000 0.329167 0.976562 0.329167 0.978125 0.331250 0.979688 0.331250 0.982813 0.335417 0.984375 0.335417 0.990625 0.343750 0.990625 0.352083 0.998438 0.352083 0.998438 0.145833
1 0.671875 0.000000 0.671875 0.002083 0.668750 0.006250 0.668750 0.010417 0.667188 0.012500 0.667188 0.014583 0.664062 0.018750 0.659375 0.018750 0.659375 0.064583 0.664062 0.064583 0.665625 0.066667 0.665625 0.068750 0.667188 0.070833 0.667188 0.075000 0.668750 0.077083 0.668750 0.079167 0.671875 0.083333 0.671875 0.085417 0.675000 0.089583 0.675000 0.091667 0.679688 0.097917 0.679688 0.100000 0.684375 0.106250 0.685938 0.106250 0.689062 0.110417 0.690625 0.110417 0.693750 0.114583 0.695312 0.114583 0.696875 0.116667 0.700000 0.116667 0.701563 0.118750 0.703125 0.118750 0.704687 0.120833 0.704687 0.127083 0.751562 0.127083 0.751562 0.120833 0.753125 0.118750 0.756250 0.118750 0.757812 0.116667 0.762500 0.116667 0.764063 0.114583 0.768750 0.114583 0.770312 0.112500 0.773438 0.112500 0.775000 0.110417 0.776563 0.110417 0.778125 0.108333 0.795313 0.108333 0.796875 0.110417 0.798437 0.110417 0.800000 0.112500 0.803125 0.112500 0.804688 0.114583 0.820312 0.114583 0.821875 0.112500 0.823438 0.112500 0.828125 0.106250 0.832812 0.106250 0.832812 0.070833 0.826563 0.070833 0.825000 0.068750 0.825000 0.066667 0.814062 0.052083 0.814062 0.050000 0.810938 0.045833 0.810938 0.035417 0.809375 0.033333 0.809375 0.018750 0.807813 0.016667 0.807813 0.014583 0.804688 0.010417 0.804688 0.008333 0.803125 0.006250 0.798437 0.006250 0.796875 0.004167 0.795313 0.004167 0.793750 0.006250 0.778125 0.006250 0.775000 0.002083 0.775000 0.000000