1 0.528862 0.559375 0.528862 0.564062 0.535103 0.568750 0.537183 0.568750 0.539263 0.570312 0.541343 0.570312 0.545503 0.573437 0.547583 0.573437 0.557983 0.581250 0.557983 0.582812 0.566304 0.589062 0.566304 0.590625 0.568384 0.592187 0.568384 0.593750 0.572544 0.596875 0.578784 0.596875 0.578784 0.628125 0.572544 0.628125 0.568384 0.631250 0.568384 0.634375 0.566304 0.635937 0.566304 0.639062 0.562144 0.642187 0.562144 0.643750 0.560064 0.645312 0.560064 0.646875 0.555903 0.650000 0.555903 0.651562 0.547583 0.657812 0.545503 0.657812 0.541343 0.660937 0.539263 0.660937 0.537183 0.662500 0.535103 0.662500 0.530942 0.665625 0.530942 0.670312 0.470620 0.670312 0.470620 0.664062 0.468540 0.662500 0.466460 0.662500 0.464380 0.660937 0.462300 0.660937 0.460220 0.659375 0.458140 0.659375 0.445659 0.650000 0.445659 0.648438 0.441499 0.645312 0.441499 0.643750 0.437339 0.640625 0.431099 0.640625 0.431099 0.590625 0.437339 0.590625 0.443579 0.585937 0.443579 0.584375 0.451899 0.578125 0.451899 0.576562 0.453979 0.575000 0.456060 0.575000 0.460220 0.571875 0.462300 0.571875 0.466460 0.568750 0.468540 0.568750 0.470620 0.567187 0.472700 0.567187 0.474780 0.565625 0.474780 0.559375
0 0.431099 0.465625 0.431099 0.470312 0.435259 0.473437 0.437339 0.473437 0.441499 0.476562 0.443579 0.476562 0.445659 0.478125 0.447739 0.478125 0.451899 0.481250 0.453979 0.481250 0.456060 0.482812 0.458140 0.482812 0.460220 0.484375 0.462300 0.484375 0.464380 0.485937 0.466460 0.485937 0.476860 0.493750 0.476860 0.495312 0.481021 0.498437 0.487261 0.498437 0.487261 0.548437 0.478940 0.548437 0.476860 0.550000 0.476860 0.551562 0.474780 0.553125 0.474780 0.554687 0.472700 0.556250 0.472700 0.557812 0.466460 0.562500 0.464380 0.562500 0.458140 0.567187 0.456060 0.567187 0.453979 0.568750 0.451899 0.568750 0.449819 0.570312 0.449819 0.576562 0.379097 0.576562 0.379097 0.570312 0.377017 0.568750 0.374937 0.568750 0.372856 0.567187 0.370776 0.567187 0.366616 0.564062 0.364536 0.564062 0.352056 0.554687 0.352056 0.553125 0.349976 0.551562 0.349976 0.550000 0.347896 0.548437 0.339575 0.548437 0.339575 0.496875 0.345815 0.496875 0.349976 0.493750 0.349976 0.492188 0.352056 0.490625 0.352056 0.489062 0.364536 0.479687 0.366616 0.479687 0.372856 0.475000 0.374937 0.475000 0.381177 0.470312 0.381177 0.465625
1 0.730630 0.515625 0.730630 0.520312 0.734790 0.523437 0.738950 0.523437 0.741030 0.525000 0.743110 0.525000 0.745190 0.526562 0.747271 0.526562 0.755591 0.532812 0.757671 0.532812 0.765991 0.539062 0.765991 0.540625 0.772231 0.545312 0.778472 0.545312 0.778472 0.598437 0.770151 0.598437 0.768071 0.600000 0.768071 0.601562 0.765991 0.603125 0.765991 0.604687 0.755591 0.612500 0.755591 0.614062 0.753511 0.614062 0.747271 0.618750 0.745190 0.618750 0.741030 0.621875 0.741030 0.626562 0.682788 0.626562 0.682788 0.621875 0.678628 0.618750 0.676548 0.618750 0.672388 0.615625 0.668228 0.615625 0.666147 0.614062 0.664067 0.614062 0.659907 0.610937 0.657827 0.610937 0.643267 0.600000 0.643267 0.598437 0.637026 0.593750 0.630786 0.593750 0.630786 0.556250 0.637026 0.556250 0.641187 0.553125 0.641187 0.551562 0.643267 0.550000 0.643267 0.548437 0.645347 0.546875 0.645347 0.545312 0.651587 0.540625 0.651587 0.539062 0.661987 0.531250 0.664067 0.531250 0.666147 0.529687 0.668228 0.529687 0.672388 0.526562 0.674468 0.526562 0.676548 0.525000 0.678628 0.525000 0.680708 0.523437 0.682788 0.523437 0.684868 0.521875 0.686948 0.521875 0.689028 0.520312 0.689028 0.515625
0 0.691108 0.415625 0.691108 0.420312 0.695269 0.423437 0.697349 0.423437 0.699429 0.425000 0.701509 0.425000 0.711909 0.432812 0.713989 0.432812 0.716069 0.434375 0.716069 0.435937 0.724390 0.442187 0.724390 0.443750 0.726470 0.445312 0.726470 0.446875 0.730630 0.450000 0.736870 0.450000 0.736870 0.492188 0.730630 0.492188 0.726470 0.495312 0.726470 0.496875 0.722310 0.500000 0.722310 0.501562 0.707749 0.512500 0.705669 0.512500 0.701509 0.515625 0.697349 0.515625 0.695269 0.517187 0.693188 0.517187 0.686948 0.521875 0.686948 0.526562 0.643267 0.526562 0.643267 0.521875 0.639106 0.518750 0.637026 0.518750 0.634946 0.517187 0.632866 0.517187 0.630786 0.515625 0.628706 0.515625 0.616226 0.506250 0.616226 0.504687 0.612065 0.501562 0.612065 0.500000 0.605825 0.495312 0.605825 0.493750 0.603745 0.492188 0.603745 0.490625 0.601665 0.489062 0.601665 0.487500 0.599585 0.485937 0.599585 0.484375 0.597505 0.482812 0.597505 0.481250 0.595425 0.479687 0.589185 0.479687 0.589185 0.456250 0.595425 0.456250 0.599585 0.453125 0.599585 0.451562 0.601665 0.450000 0.601665 0.448437 0.603745 0.446875 0.603745 0.445312 0.607905 0.442187 0.607905 0.440625 0.620386 0.431250 0.622466 0.431250 0.630786 0.425000 0.632866 0.425000 0.639106 0.420312 0.639106 0.415625
1 0.505981 0.390625 0.505981 0.395312 0.510142 0.398438 0.514302 0.398438 0.516382 0.400000 0.518462 0.400000 0.520542 0.401562 0.522622 0.401562 0.526782 0.404687 0.528862 0.404687 0.537183 0.410937 0.537183 0.412500 0.541343 0.415625 0.541343 0.417187 0.543423 0.418750 0.543423 0.420312 0.547583 0.423437 0.553823 0.423437 0.553823 0.454687 0.547583 0.454687 0.541343 0.459375 0.541343 0.460938 0.530942 0.468750 0.528862 0.468750 0.524702 0.471875 0.522622 0.471875 0.520542 0.473437 0.518462 0.473437 0.516382 0.475000 0.514302 0.475000 0.512222 0.476562 0.510142 0.476562 0.508062 0.478125 0.505981 0.478125 0.503901 0.479687 0.501821 0.479687 0.499741 0.481250 0.497661 0.481250 0.495581 0.482812 0.493501 0.482812 0.491421 0.484375 0.491421 0.489062 0.468540 0.489062 0.468540 0.484375 0.466460 0.482812 0.464380 0.482812 0.462300 0.481250 0.460220 0.481250 0.458140 0.479687 0.456060 0.479687 0.453979 0.478125 0.447739 0.478125 0.443579 0.475000 0.441499 0.475000 0.439419 0.473437 0.437339 0.473437 0.435259 0.471875 0.433179 0.471875 0.426938 0.467187 0.424858 0.467187 0.416538 0.460938 0.416538 0.459375 0.412378 0.456250 0.406138 0.456250 0.406138 0.426562 0.412378 0.426562 0.416538 0.423437 0.416538 0.420312 0.418618 0.418750 0.418618 0.417187 0.420698 0.415625 0.420698 0.414062 0.424858 0.410937 0.424858 0.409375 0.426938 0.407812 0.426938 0.406250 0.441499 0.395312 0.441499 0.390625
2 0.374937 0.353125 0.374937 0.357812 0.379097 0.360937 0.381177 0.360937 0.383257 0.362500 0.385337 0.362500 0.387417 0.364062 0.389497 0.364062 0.406138 0.376562 0.406138 0.378125 0.408218 0.379687 0.408218 0.381250 0.410298 0.382812 0.410298 0.384375 0.414458 0.387500 0.420698 0.387500 0.420698 0.423437 0.414458 0.423437 0.412378 0.425000 0.412378 0.426562 0.401978 0.434375 0.401978 0.435937 0.399897 0.437500 0.399897 0.440625 0.397817 0.442187 0.397817 0.443750 0.391577 0.448437 0.389497 0.448437 0.383257 0.453125 0.381177 0.453125 0.377017 0.456250 0.374937 0.456250 0.370776 0.459375 0.370776 0.464062 0.320855 0.464062 0.320855 0.459375 0.316694 0.456250 0.314614 0.456250 0.312534 0.454687 0.310454 0.454687 0.306294 0.451562 0.304214 0.451562 0.300054 0.448437 0.297974 0.448437 0.295894 0.446875 0.295894 0.445312 0.287573 0.439062 0.287573 0.437500 0.283413 0.434375 0.283413 0.431250 0.281333 0.429688 0.273013 0.429688 0.273013 0.387500 0.279253 0.387500 0.283413 0.384375 0.283413 0.382812 0.285493 0.381250 0.285493 0.379687 0.287573 0.378125 0.287573 0.376562 0.300054 0.367188 0.302134 0.367188 0.308374 0.362500 0.310454 0.362500 0.312534 0.360937 0.314614 0.360937 0.318774 0.357812 0.318774 0.353125
1 0.907437 0.153125 0.907437 0.157812 0.911597 0.160937 0.913677 0.160937 0.919917 0.165625 0.921997 0.165625 0.928237 0.170312 0.930317 0.170312 0.934478 0.173437 0.936558 0.173437 0.938638 0.175000 0.940718 0.175000 0.942798 0.176562 0.944878 0.176562 0.946958 0.178125 0.949038 0.178125 0.953198 0.181250 0.955278 0.181250 0.957358 0.182812 0.959438 0.182812 0.963599 0.185937 0.965679 0.185937 0.967759 0.187500 0.969839 0.187500 0.978159 0.193750 0.980239 0.193750 0.992720 0.203125 0.992720 0.204687 0.998960 0.209375 0.998960 0.210938 1.000000 0.212500 1.000000 0.215625 1.000000 0.217187 1.000000 0.218750 1.000000 0.220312 1.000000 0.220312 1.000000 0.328125 1.000000 0.328125 1.000000 0.329687 1.000000 0.335938 1.000000 0.337500 1.000000 0.353125 0.998960 0.354687 0.998960 0.359375 0.994800 0.362500 0.990640 0.362500 0.988560 0.364062 0.986479 0.364062 0.984399 0.362500 0.978159 0.362500 0.971919 0.367188 0.969839 0.367188 0.967759 0.368750 0.963599 0.368750 0.961519 0.370312 0.955278 0.370312 0.953198 0.371875 0.946958 0.371875 0.944878 0.373437 0.942798 0.373437 0.936558 0.378125 0.936558 0.382812 0.788872 0.382812 0.788872 0.373437 0.803433 0.373437 0.805513 0.371875 0.807593 0.371875 0.809673 0.370312 0.811753 0.370312 0.815913 0.367188 0.815913 0.365625 0.817993 0.364062 0.815913 0.362500 0.815913 0.354687 0.813833 0.353125 0.813833 0.350000 0.811753 0.348437 0.811753 0.346875 0.809673 0.345312 0.809673 0.339062 0.807593 0.337500 0.807593 0.334375 0.805513 0.332812 0.805513 0.331250 0.807593 0.329687 0.807593 0.325000 0.809673 0.323437 0.809673 0.318750 0.811753 0.317187 0.813833 0.317187 0.817993 0.314062 0.820073 0.314062 0.828394 0.307813 0.828394 0.306250 0.830474 0.306250 0.834634 0.303125 0.836714 0.303125 0.853354 0.290625 0.853354 0.278125 0.840874 0.268750 0.840874 0.267187 0.834634 0.262500 0.832554 0.262500 0.822153 0.254687 0.822153 0.253125 0.820073 0.251562 0.817993 0.251562 0.815913 0.250000 0.815913 0.248437 0.809673 0.243750 0.809673 0.242188 0.807593 0.240625 0.807593 0.239062 0.801353 0.234375 0.801353 0.232812 0.799272 0.231250 0.799272 0.229687 0.795112 0.226562 0.788872 0.226562 0.788872 0.198437 0.795112 0.198437 0.799272 0.195312 0.799272 0.192187 0.801353 0.190625 0.801353 0.189062 0.803433 0.187500 0.803433 0.185937 0.807593 0.182812 0.807593 0.181250 0.826313 0.167187 0.828394 0.167187 0.832554 0.164062 0.834634 0.164062 0.836714 0.162500 0.838794 0.162500 0.840874 0.160937 0.842954 0.160937 0.845034 0.159375 0.847114 0.159375 0.849194 0.157812 0.849194 0.153125
2 0.666147 0.609375 0.666147 0.614062 0.668228 0.615625 0.670308 0.615625 0.672388 0.617188 0.674468 0.617188 0.682788 0.623438 0.684868 0.623438 0.695269 0.631250 0.697349 0.631250 0.697349 0.632812 0.705669 0.639062 0.705669 0.640625 0.707749 0.642187 0.707749 0.643750 0.711909 0.646875 0.711909 0.648438 0.713989 0.650000 0.720230 0.650000 0.720230 0.682812 0.713989 0.682812 0.709829 0.685937 0.709829 0.687500 0.707749 0.689062 0.707749 0.690625 0.705669 0.692187 0.705669 0.693750 0.699429 0.698437 0.699429 0.700000 0.689028 0.707812 0.689028 0.709375 0.686948 0.709375 0.682788 0.712500 0.680708 0.712500 0.678628 0.714062 0.678628 0.720312 0.620386 0.720312 0.620386 0.715625 0.614146 0.710938 0.612065 0.710938 0.609985 0.709375 0.607905 0.709375 0.605825 0.707812 0.603745 0.707812 0.593345 0.700000 0.593345 0.698437 0.587104 0.693750 0.587104 0.692187 0.585024 0.690625 0.585024 0.689062 0.582944 0.687500 0.582944 0.685937 0.578784 0.682812 0.572544 0.682812 0.572544 0.648438 0.578784 0.648438 0.580864 0.646875 0.580864 0.645312 0.582944 0.643750 0.582944 0.642187 0.585024 0.640625 0.585024 0.639062 0.587104 0.637500 0.587104 0.635937 0.595425 0.629687 0.595425 0.628125 0.597505 0.626562 0.599585 0.626562 0.605825 0.621875 0.607905 0.621875 0.612065 0.618750 0.616226 0.618750 0.618306 0.617188 0.620386 0.617188 0.624546 0.614062 0.624546 0.609375
2 0.614146 0.340625 0.614146 0.346875 0.616226 0.348437 0.618306 0.348437 0.620386 0.350000 0.622466 0.350000 0.628706 0.354687 0.630786 0.354687 0.632866 0.356250 0.632866 0.357812 0.643267 0.365625 0.643267 0.367188 0.647427 0.370312 0.653667 0.370312 0.653667 0.412500 0.647427 0.412500 0.634946 0.421875 0.632866 0.421875 0.628706 0.425000 0.628706 0.426562 0.626626 0.426562 0.618306 0.432812 0.616226 0.432812 0.612065 0.435937 0.607905 0.435937 0.605825 0.437500 0.597505 0.437500 0.595425 0.439062 0.593345 0.439062 0.591265 0.440625 0.591265 0.445312 0.572544 0.445312 0.572544 0.440625 0.570464 0.439062 0.568384 0.439062 0.566304 0.437500 0.562144 0.437500 0.560064 0.435937 0.557983 0.435937 0.555903 0.434375 0.553823 0.434375 0.553823 0.432812 0.549663 0.429688 0.549663 0.428125 0.547583 0.426562 0.547583 0.423437 0.545503 0.421875 0.545503 0.420312 0.543423 0.418750 0.543423 0.417187 0.539263 0.414062 0.539263 0.412500 0.528862 0.404687 0.522622 0.404687 0.522622 0.365625 0.530942 0.365625 0.537183 0.360937 0.537183 0.359375 0.547583 0.351562 0.549663 0.351562 0.551743 0.350000 0.553823 0.350000 0.560064 0.345312 0.560064 0.340625
2 0.574624 0.465625 0.574624 0.470312 0.578784 0.473437 0.580864 0.473437 0.585024 0.476562 0.587104 0.476562 0.591265 0.479687 0.593345 0.479687 0.595425 0.481250 0.595425 0.482812 0.601665 0.487500 0.601665 0.489062 0.605825 0.492188 0.605825 0.493750 0.607905 0.495312 0.607905 0.496875 0.609985 0.498437 0.609985 0.500000 0.612065 0.501562 0.620386 0.501562 0.620386 0.542187 0.614146 0.542187 0.609985 0.545312 0.609985 0.546875 0.591265 0.560937 0.589185 0.560937 0.587104 0.562500 0.582944 0.562500 0.580864 0.564062 0.578784 0.564062 0.576704 0.565625 0.576704 0.570312 0.557983 0.570312 0.557983 0.565625 0.555903 0.564062 0.530942 0.564062 0.528862 0.562500 0.526782 0.562500 0.524702 0.560937 0.522622 0.560937 0.520542 0.559375 0.518462 0.559375 0.503901 0.548437 0.503901 0.546875 0.499741 0.543750 0.499741 0.542187 0.497661 0.540625 0.497661 0.539062 0.495581 0.537500 0.489341 0.537500 0.489341 0.507812 0.495581 0.507812 0.497661 0.506250 0.497661 0.504687 0.499741 0.503125 0.499741 0.496875 0.501821 0.495312 0.501821 0.492188 0.510142 0.485937 0.512222 0.485937 0.518462 0.481250 0.520542 0.481250 0.524702 0.478125 0.526782 0.478125 0.530942 0.475000 0.533022 0.475000 0.535103 0.473437 0.541343 0.473437 0.543423 0.471875 0.547583 0.471875 0.549663 0.470312 0.549663 0.465625
2 0.865835 0.778125 0.865835 0.782812 0.867915 0.784375 0.872075 0.784375 0.874155 0.785937 0.878315 0.785937 0.880396 0.787500 0.884556 0.787500 0.888716 0.790625 0.890796 0.790625 0.892876 0.792187 0.894956 0.792187 0.913677 0.806250 0.919917 0.806250 0.919917 0.867188 0.913677 0.867188 0.911597 0.868750 0.911597 0.870312 0.909517 0.871875 0.909517 0.873437 0.907437 0.875000 0.907437 0.878125 0.905356 0.879687 0.905356 0.881250 0.903276 0.882812 0.903276 0.884375 0.901196 0.885937 0.901196 0.887500 0.899116 0.889062 0.899116 0.892187 0.897036 0.893750 0.897036 0.895312 0.894956 0.896875 0.894956 0.898438 0.892876 0.900000 0.892876 0.901562 0.888716 0.904687 0.888716 0.906250 0.886636 0.907812 0.886636 0.909375 0.882476 0.912500 0.882476 0.914062 0.880396 0.915625 0.880396 0.917187 0.878315 0.918750 0.878315 0.920312 0.867915 0.928125 0.867915 0.929688 0.845034 0.946875 0.845034 0.948437 0.834634 0.956250 0.834634 0.957812 0.828394 0.962500 0.826313 0.962500 0.820073 0.967187 0.817993 0.967187 0.815913 0.968750 0.813833 0.968750 0.809673 0.971875 0.809673 0.976562 0.774312 0.976562 0.774312 0.971875 0.772231 0.970312 0.770151 0.970312 0.768071 0.968750 0.765991 0.968750 0.763911 0.967187 0.761831 0.967187 0.759751 0.965625 0.757671 0.965625 0.755591 0.964062 0.753511 0.964062 0.747271 0.959375 0.745190 0.959375 0.732710 0.950000 0.732710 0.948437 0.726470 0.943750 0.726470 0.942187 0.724390 0.940625 0.724390 0.939062 0.720230 0.935937 0.713989 0.935937 0.713989 0.882812 0.722310 0.882812 0.724390 0.881250 0.724390 0.879687 0.726470 0.878125 0.726470 0.876562 0.728550 0.875000 0.728550 0.873437 0.732710 0.870312 0.732710 0.868750 0.734790 0.867188 0.734790 0.865625 0.738950 0.862500 0.738950 0.860937 0.743110 0.857812 0.743110 0.856250 0.745190 0.854687 0.745190 0.853125 0.749351 0.850000 0.749351 0.848437 0.751431 0.846875 0.751431 0.843750 0.755591 0.840625 0.755591 0.839062 0.757671 0.837500 0.757671 0.835938 0.761831 0.832812 0.761831 0.831250 0.763911 0.829687 0.763911 0.828125 0.765991 0.826562 0.765991 0.825000 0.768071 0.823437 0.768071 0.821875 0.770151 0.820312 0.770151 0.818750 0.774312 0.815625 0.774312 0.814062 0.776392 0.812500 0.776392 0.810937 0.778472 0.809375 0.778472 0.807812 0.782632 0.804688 0.782632 0.803125 0.784712 0.801562 0.784712 0.800000 0.786792 0.798437 0.786792 0.796875 0.790952 0.793750 0.790952 0.792187 0.797192 0.787500 0.799272 0.787500 0.801353 0.785937 0.805513 0.785937 0.807593 0.784375 0.859595 0.784375 0.861675 0.782812 0.861675 0.778125
1 0.087886 0.000000 0.087886 0.006250 0.079565 0.006250 0.077485 0.007812 0.077485 0.009375 0.071245 0.014062 0.071245 0.015625 0.065005 0.020312 0.065005 0.021875 0.054605 0.029687 0.054605 0.031250 0.048364 0.035937 0.048364 0.037500 0.042124 0.042187 0.042124 0.043750 0.033804 0.050000 0.033804 0.051562 0.019243 0.062500 0.019243 0.064062 0.006763 0.073437 0.006763 0.075000 0.000000 0.075000 0.000000 0.000000
2 0.589185 0.765625 0.595425 0.765625 0.589185 0.765625 0.466460 0.929688 0.470620 0.932812 0.472700 0.932812 0.474780 0.934375 0.476860 0.934375 0.478940 0.935937 0.481021 0.935937 0.483101 0.937500 0.485181 0.937500 0.489341 0.940625 0.491421 0.940625 0.493501 0.942187 0.495581 0.942187 0.499741 0.945312 0.501821 0.945312 0.505981 0.948437 0.508062 0.948437 0.510142 0.950000 0.512222 0.950000 0.514302 0.951562 0.516382 0.951562 0.520542 0.954687 0.522622 0.954687 0.524702 0.956250 0.526782 0.956250 0.530942 0.959375 0.533022 0.959375 0.537183 0.962500 0.539263 0.962500 0.545503 0.967187 0.547583 0.967187 0.549663 0.968750 0.551743 0.968750 0.557983 0.973437 0.560064 0.973437 0.566304 0.978125 0.568384 0.978125 0.572544 0.981250 0.574624 0.981250 0.576704 0.982812 0.578784 0.982812 0.580864 0.984375 0.582944 0.984375 0.585024 0.985937 0.587104 0.985937 0.589185 0.987500 0.595425 0.987500 0.595425 0.998437 0.000000 0.998437 0.000000 0.746875 0.081646 0.746875 0.081646 0.751562 0.087886 0.756250 0.089966 0.756250 0.092046 0.757812 0.094126 0.757812 0.098286 0.760937 0.100366 0.760937 0.104526 0.764062 0.106606 0.764062 0.110767 0.767187 0.112847 0.767187 0.114927 0.768750 0.117007 0.768750 0.119087 0.770312 0.119087 0.771875 0.123247 0.775000 0.125327 0.775000 0.131567 0.779687 0.133648 0.779687 0.135728 0.781250 0.139888 0.781250 0.141968 0.782812 0.144048 0.782812 0.146128 0.784375 0.148208 0.784375 0.150288 0.785937 0.152368 0.785937 0.154448 0.787500 0.156528 0.787500 0.162769 0.792187 0.164849 0.792187 0.166929 0.793750 0.169009 0.793750 0.173169 0.796875 0.175249 0.796875 0.179409 0.800000 0.181489 0.800000 0.183569 0.801562 0.185649 0.801562 0.191890 0.806250 0.193970 0.806250 0.198130 0.809375 0.200210 0.809375 0.204370 0.812500 0.206450 0.812500 0.208530 0.814062 0.210610 0.814062 0.212690 0.815625 0.214771 0.815625 0.216851 0.817187 0.218931 0.817187 0.223091 0.820312 0.225171 0.820312 0.227251 0.821875 0.229331 0.821875 0.233491 0.825000 0.235571 0.825000 0.237651 0.826562 0.239731 0.826562 0.241812 0.828125 0.243892 0.828125 0.245972 0.829687 0.248052 0.829687 0.252212 0.832812 0.254292 0.832812 0.258452 0.835938 0.260532 0.835938 0.264692 0.839062 0.266773 0.839062 0.268853 0.840625 0.270933 0.840625 0.273013 0.842187 0.275093 0.842187 0.279253 0.845312 0.281333 0.845312 0.285493 0.848437 0.287573 0.848437 0.289653 0.850000 0.291733 0.850000 0.295894 0.853125 0.297974 0.853125 0.300054 0.854687 0.302134 0.854687 0.308374 0.859375 0.310454 0.859375 0.312534 0.860937 0.314614 0.860937 0.318774 0.864062 0.320855 0.864062 0.322935 0.865625 0.325015 0.865625 0.329175 0.868750 0.331255 0.868750 0.333335 0.870312 0.335415 0.870312 0.339575 0.873437 0.341655 0.873437 0.343735 0.875000 0.345815 0.875000 0.347896 0.876562 0.349976 0.876562 0.352056 0.878125 0.354136 0.878125 0.356216 0.879687 0.358296 0.879687 0.362456 0.882812 0.364536 0.882812 0.368696 0.885937 0.370776 0.885937 0.374937 0.889062 0.377017 0.889062 0.379097 0.890625 0.381177 0.890625 0.385337 0.893750 0.387417 0.893750 0.391577 0.896875 0.393657 0.896875 0.395737 0.898438 0.397817 0.898438 0.401978 0.901562 0.404058 0.901562 0.406138 0.903125 0.408218 0.903125 0.412378 0.906250 0.414458 0.906250 0.416538 0.907812 0.418618 0.907812 0.422778 0.910937 0.424858 0.910937 0.429019 0.914062 0.431099 0.914062 0.433179 0.915625 0.435259 0.915625 0.437339 0.917187 0.439419 0.917187 0.443579 0.920312 0.445659 0.920312 0.449819 0.923437 0.451899 0.923437 0.456060 0.926562 0.458140 0.926562 0.460220 0.928125 0.462300 0.928125 0.464380 0.929688 0.466460 0.929688
2 0.408218 0.615625 0.408218 0.620312 0.412378 0.623438 0.414458 0.623438 0.418618 0.626562 0.420698 0.626562 0.435259 0.637500 0.435259 0.639062 0.443579 0.645312 0.443579 0.646875 0.447739 0.650000 0.453979 0.650000 0.453979 0.693750 0.447739 0.693750 0.443579 0.696875 0.443579 0.698437 0.441499 0.698437 0.426938 0.709375 0.424858 0.709375 0.422778 0.710938 0.420698 0.710938 0.418618 0.712500 0.416538 0.712500 0.412378 0.715625 0.410298 0.715625 0.408218 0.717187 0.404058 0.717187 0.401978 0.718750 0.399897 0.718750 0.395737 0.721875 0.395737 0.726562 0.352056 0.726562 0.352056 0.721875 0.347896 0.718750 0.345815 0.718750 0.343735 0.717187 0.341655 0.717187 0.339575 0.715625 0.337495 0.715625 0.331255 0.710938 0.329175 0.710938 0.318774 0.703125 0.318774 0.701562 0.312534 0.696875 0.306294 0.696875 0.306294 0.645312 0.312534 0.645312 0.318774 0.640625 0.318774 0.639062 0.337495 0.625000 0.339575 0.625000 0.341655 0.623438 0.343735 0.623438 0.345815 0.621875 0.345815 0.615625
1 0.944878 0.359375 0.944878 0.423437 0.938638 0.423437 0.936558 0.425000 0.936558 0.426562 0.934478 0.428125 0.934478 0.429688 0.932397 0.431250 0.932397 0.432812 0.930317 0.434375 0.930317 0.435937 0.928237 0.437500 0.928237 0.439062 0.924077 0.442187 0.924077 0.443750 0.919917 0.446875 0.919917 0.448437 0.911597 0.454687 0.909517 0.454687 0.901196 0.460938 0.899116 0.460938 0.892876 0.465625 0.890796 0.465625 0.886636 0.468750 0.884556 0.468750 0.882476 0.470312 0.880396 0.470312 0.874155 0.475000 0.872075 0.475000 0.863755 0.481250 0.861675 0.481250 0.857515 0.484375 0.855435 0.484375 0.853354 0.485937 0.849194 0.485937 0.847114 0.487500 0.845034 0.487500 0.840874 0.490625 0.840874 0.495312 0.757671 0.495312 0.757671 0.490625 0.753511 0.487500 0.753511 0.485937 0.749351 0.482812 0.749351 0.478125 0.747271 0.476562 0.747271 0.475000 0.741030 0.470312 0.741030 0.468750 0.738950 0.467187 0.730630 0.467187 0.730630 0.457812 0.736870 0.457812 0.743110 0.453125 0.743110 0.448437 0.745190 0.446875 0.745190 0.442187 0.747271 0.440625 0.747271 0.429688 0.749351 0.428125 0.749351 0.406250 0.751431 0.404687 0.751431 0.398438 0.753511 0.396875 0.753511 0.392187 0.755591 0.390625 0.755591 0.389062 0.757671 0.387500 0.757671 0.385937 0.759751 0.384375 0.759751 0.382812 0.761831 0.382812 0.763911 0.381250 0.765991 0.381250 0.768071 0.379687 0.774312 0.379687 0.776392 0.378125 0.788872 0.378125 0.790952 0.376562 0.801353 0.376562 0.803433 0.375000 0.807593 0.375000 0.809673 0.373437 0.811753 0.373437 0.813833 0.371875 0.815913 0.371875 0.820073 0.368750 0.820073 0.367188 0.822153 0.365625 0.822153 0.359375
1 0.408218 0.615625 0.408218 0.620312 0.412378 0.623438 0.414458 0.623438 0.418618 0.626562 0.420698 0.626562 0.435259 0.637500 0.435259 0.639062 0.443579 0.645312 0.443579 0.646875 0.447739 0.650000 0.453979 0.650000 0.453979 0.695312 0.447739 0.695312 0.433179 0.706250 0.431099 0.706250 0.424858 0.710938 0.422778 0.710938 0.420698 0.712500 0.418618 0.712500 0.416538 0.714062 0.414458 0.714062 0.412378 0.715625 0.410298 0.715625 0.408218 0.717187 0.406138 0.717187 0.404058 0.718750 0.399897 0.718750 0.395737 0.721875 0.395737 0.726562 0.349976 0.726562 0.349976 0.720312 0.347896 0.718750 0.345815 0.718750 0.343735 0.717187 0.341655 0.717187 0.339575 0.715625 0.337495 0.715625 0.331255 0.710938 0.329175 0.710938 0.318774 0.703125 0.318774 0.701562 0.312534 0.696875 0.312534 0.695312 0.310454 0.693750 0.310454 0.690625 0.308374 0.689062 0.308374 0.685937 0.304214 0.682812 0.297974 0.682812 0.297974 0.660937 0.304214 0.660937 0.308374 0.657812 0.308374 0.654687 0.310454 0.653125 0.310454 0.650000 0.312534 0.648438 0.312534 0.646875 0.314614 0.645312 0.314614 0.643750 0.318774 0.640625 0.318774 0.639062 0.337495 0.625000 0.339575 0.625000 0.345815 0.620312 0.345815 0.615625