0 0.570981 0.503125 0.570981 0.507812 0.566821 0.510937 0.564741 0.510937 0.560581 0.514062 0.558501 0.514062 0.550181 0.520312 0.548101 0.520312 0.543940 0.523437 0.543940 0.525000 0.535620 0.531250 0.535620 0.532812 0.531460 0.535937 0.531460 0.537500 0.527300 0.540625 0.521060 0.540625 0.521060 0.576562 0.527300 0.576562 0.531460 0.579687 0.531460 0.581250 0.539780 0.587500 0.539780 0.589062 0.554341 0.600000 0.556421 0.600000 0.564741 0.606250 0.566821 0.606250 0.570981 0.609375 0.570981 0.614062 0.616743 0.614062 0.616743 0.609375 0.622983 0.604687 0.625063 0.604687 0.627144 0.603125 0.629224 0.603125 0.637544 0.596875 0.639624 0.596875 0.652104 0.587500 0.652104 0.585937 0.654185 0.584375 0.654185 0.582812 0.656265 0.581250 0.656265 0.579687 0.658345 0.578125 0.658345 0.575000 0.660425 0.573437 0.660425 0.571875 0.662505 0.570312 0.668745 0.570312 0.668745 0.546875 0.662505 0.546875 0.660425 0.545312 0.660425 0.543750 0.658345 0.542187 0.658345 0.539062 0.656265 0.537500 0.656265 0.535937 0.654185 0.534375 0.654185 0.532812 0.652104 0.531250 0.652104 0.529687 0.647944 0.526562 0.647944 0.525000 0.637544 0.517187 0.635464 0.517187 0.629224 0.512500 0.627144 0.512500 0.625063 0.510937 0.622983 0.510937 0.618823 0.507812 0.618823 0.503125
0 0.346333 0.484375 0.346333 0.489062 0.340093 0.493750 0.338013 0.493750 0.323452 0.504687 0.323452 0.506250 0.319292 0.509375 0.313052 0.509375 0.313052 0.550000 0.319292 0.550000 0.323452 0.553125 0.323452 0.554687 0.327612 0.557812 0.327612 0.559375 0.346333 0.573437 0.348413 0.573437 0.350493 0.575000 0.352573 0.575000 0.354653 0.576562 0.356733 0.576562 0.358813 0.578125 0.358813 0.582812 0.381694 0.582812 0.381694 0.578125 0.383774 0.576562 0.385854 0.576562 0.387935 0.575000 0.392095 0.575000 0.394175 0.573437 0.400415 0.573437 0.402495 0.571875 0.406655 0.571875 0.408735 0.570312 0.410815 0.570312 0.419136 0.564062 0.421216 0.564062 0.425376 0.560937 0.425376 0.559375 0.429536 0.556250 0.431616 0.556250 0.431616 0.554687 0.435776 0.551562 0.435776 0.550000 0.437856 0.548437 0.444097 0.548437 0.444097 0.523437 0.437856 0.523437 0.435776 0.521875 0.435776 0.520312 0.433696 0.518750 0.433696 0.515625 0.431616 0.514062 0.431616 0.512500 0.429536 0.510937 0.429536 0.509375 0.425376 0.506250 0.425376 0.504687 0.423296 0.503125 0.423296 0.501562 0.412896 0.493750 0.410815 0.493750 0.408735 0.492188 0.406655 0.492188 0.402495 0.489062 0.402495 0.484375
1 0.375454 0.571875 0.375454 0.576562 0.373374 0.578125 0.369214 0.578125 0.367134 0.579687 0.362974 0.579687 0.354653 0.585937 0.352573 0.585937 0.346333 0.590625 0.346333 0.592187 0.340093 0.596875 0.340093 0.598437 0.331772 0.604687 0.331772 0.606250 0.327612 0.609375 0.321372 0.609375 0.321372 0.632812 0.327612 0.632812 0.329692 0.634375 0.329692 0.635937 0.331772 0.637500 0.331772 0.639062 0.333853 0.640625 0.333853 0.642187 0.338013 0.645312 0.338013 0.646875 0.342173 0.650000 0.342173 0.651562 0.352573 0.659375 0.354653 0.659375 0.358813 0.662500 0.360894 0.662500 0.365054 0.665625 0.365054 0.670312 0.410815 0.670312 0.410815 0.665625 0.414976 0.662500 0.417056 0.662500 0.419136 0.660937 0.421216 0.660937 0.423296 0.659375 0.425376 0.659375 0.435776 0.651562 0.437856 0.651562 0.437856 0.650000 0.442017 0.646875 0.442017 0.645312 0.446177 0.642187 0.452417 0.642187 0.452417 0.601562 0.446177 0.601562 0.442017 0.598437 0.442017 0.595312 0.437856 0.592187 0.437856 0.590625 0.429536 0.584375 0.427456 0.584375 0.421216 0.579687 0.417056 0.579687 0.412896 0.576562 0.412896 0.571875
1 0.431616 0.545312 0.429536 0.545312 0.427456 0.543750 0.421216 0.543750 0.421216 0.551562 0.431616 0.551562 0.431616 0.545312 0.442017 0.532812 0.444097 0.532812 0.456577 0.542187 0.458657 0.542187 0.460737 0.543750 0.462817 0.543750 0.466978 0.546875 0.466978 0.551562 0.506499 0.551562 0.506499 0.546875 0.508579 0.545312 0.510659 0.545312 0.512739 0.543750 0.514819 0.543750 0.516899 0.542187 0.518979 0.542187 0.521060 0.540625 0.523140 0.540625 0.525220 0.539062 0.527300 0.539062 0.527300 0.535937 0.531460 0.532812 0.531460 0.531250 0.533540 0.529687 0.533540 0.528125 0.535620 0.526562 0.535620 0.523437 0.539780 0.520312 0.539780 0.518750 0.541860 0.517187 0.541860 0.501562 0.543940 0.500000 0.543940 0.492188 0.541860 0.490625 0.541860 0.484375 0.539780 0.482812 0.539780 0.479687 0.537700 0.478125 0.537700 0.476562 0.531460 0.471875 0.531460 0.470312 0.521060 0.462500 0.518979 0.462500 0.516899 0.460938 0.512739 0.460938 0.508579 0.457812 0.508579 0.453125 0.473218 0.453125 0.473218 0.457812 0.471138 0.459375 0.469058 0.459375 0.466978 0.460938 0.460737 0.460938 0.458657 0.462500 0.456577 0.462500 0.450337 0.467187 0.448257 0.467187 0.439936 0.473437 0.439936 0.475000 0.433696 0.479687 0.433696 0.481250 0.431616 0.482812 0.431616 0.485937 0.429536 0.487500 0.429536 0.489062 0.427456 0.490625 0.421216 0.490625 0.421216 0.515625 0.427456 0.515625 0.433696 0.520312 0.433696 0.521875 0.435776 0.523437 0.435776 0.525000 0.437856 0.526562 0.437856 0.528125 0.439936 0.529687 0.439936 0.531250 0.442017 0.532812
2 0.419136 0.365625 0.419136 0.371875 0.417056 0.373437 0.412896 0.373437 0.410815 0.375000 0.406655 0.375000 0.404575 0.376562 0.402495 0.376562 0.398335 0.379687 0.396255 0.379687 0.390015 0.384375 0.390015 0.385937 0.387935 0.387500 0.385854 0.387500 0.383774 0.389062 0.383774 0.390625 0.381694 0.392187 0.381694 0.393750 0.379614 0.395312 0.371294 0.395312 0.371294 0.439062 0.377534 0.439062 0.381694 0.442187 0.381694 0.443750 0.396255 0.454687 0.398335 0.454687 0.404575 0.459375 0.404575 0.464062 0.475298 0.464062 0.475298 0.459375 0.481538 0.454687 0.483618 0.454687 0.485698 0.453125 0.487778 0.453125 0.489858 0.451562 0.491938 0.451562 0.496099 0.448437 0.502339 0.448437 0.502339 0.395312 0.496099 0.395312 0.489858 0.390625 0.489858 0.389062 0.477378 0.379687 0.475298 0.379687 0.469058 0.375000 0.466978 0.375000 0.464897 0.373437 0.460737 0.373437 0.456577 0.370312 0.456577 0.365625
1 0.483618 0.240625 0.483618 0.245312 0.477378 0.250000 0.475298 0.250000 0.475298 0.251562 0.471138 0.254687 0.469058 0.254687 0.456577 0.264062 0.456577 0.265625 0.454497 0.267187 0.446177 0.267187 0.446177 0.320312 0.454497 0.320312 0.456577 0.321875 0.456577 0.323437 0.475298 0.337500 0.477378 0.337500 0.479458 0.339062 0.481538 0.339062 0.483618 0.340625 0.483618 0.345312 0.531460 0.345312 0.531460 0.340625 0.535620 0.337500 0.537700 0.337500 0.558501 0.321875 0.558501 0.320312 0.562661 0.317187 0.562661 0.315625 0.564741 0.314062 0.564741 0.312500 0.566821 0.310937 0.566821 0.307813 0.568901 0.306250 0.568901 0.304688 0.570981 0.303125 0.577222 0.303125 0.577222 0.279687 0.570981 0.279687 0.566821 0.276562 0.566821 0.273437 0.564741 0.271875 0.564741 0.270312 0.562661 0.268750 0.562661 0.267187 0.558501 0.264062 0.558501 0.262500 0.541860 0.250000 0.539780 0.250000 0.537700 0.248437 0.535620 0.248437 0.531460 0.245312 0.531460 0.240625
2 0.477378 0.578125 0.477378 0.584375 0.475298 0.585937 0.473218 0.585937 0.458657 0.596875 0.458657 0.598437 0.456577 0.600000 0.456577 0.601562 0.454497 0.603125 0.446177 0.603125 0.446177 0.646875 0.454497 0.646875 0.456577 0.648438 0.456577 0.650000 0.458657 0.651562 0.458657 0.653125 0.462817 0.656250 0.462817 0.657812 0.471138 0.664062 0.473218 0.664062 0.477378 0.667187 0.479458 0.667187 0.481538 0.668750 0.483618 0.668750 0.485698 0.670312 0.485698 0.676562 0.533540 0.676562 0.533540 0.671875 0.539780 0.667187 0.541860 0.667187 0.543940 0.665625 0.546021 0.665625 0.550181 0.662500 0.552261 0.662500 0.556421 0.659375 0.556421 0.657812 0.562661 0.653125 0.562661 0.651562 0.564741 0.650000 0.564741 0.648438 0.566821 0.646875 0.566821 0.643750 0.570981 0.640625 0.577222 0.640625 0.577222 0.615625 0.570981 0.615625 0.566821 0.612500 0.566821 0.610937 0.560581 0.606250 0.560581 0.604687 0.558501 0.603125 0.556421 0.603125 0.537700 0.589062 0.537700 0.587500 0.531460 0.582812 0.531460 0.578125
2 0.654185 0.584375 0.654185 0.589062 0.650024 0.592187 0.647944 0.592187 0.645864 0.593750 0.645864 0.595312 0.643784 0.596875 0.641704 0.596875 0.633384 0.603125 0.631304 0.603125 0.627144 0.606250 0.625063 0.606250 0.618823 0.610937 0.616743 0.610937 0.612583 0.614062 0.612583 0.615625 0.610503 0.617188 0.608423 0.617188 0.602183 0.621875 0.595942 0.621875 0.595942 0.660937 0.604263 0.660937 0.606343 0.662500 0.606343 0.664062 0.608423 0.665625 0.608423 0.667187 0.618823 0.675000 0.618823 0.676562 0.620903 0.678125 0.622983 0.678125 0.627144 0.681250 0.629224 0.681250 0.633384 0.684375 0.633384 0.689062 0.704106 0.689062 0.704106 0.684375 0.712427 0.678125 0.714507 0.678125 0.720747 0.673437 0.720747 0.671875 0.722827 0.670312 0.722827 0.668750 0.726987 0.665625 0.726987 0.664062 0.729067 0.662500 0.729067 0.660937 0.731147 0.659375 0.731147 0.657812 0.733227 0.656250 0.733227 0.653125 0.737388 0.650000 0.743628 0.650000 0.743628 0.629687 0.737388 0.629687 0.733227 0.626562 0.733227 0.625000 0.731147 0.623438 0.731147 0.620312 0.729067 0.618750 0.729067 0.617188 0.724907 0.614062 0.724907 0.612500 0.722827 0.610937 0.722827 0.609375 0.706186 0.596875 0.704106 0.596875 0.699946 0.593750 0.697866 0.593750 0.695786 0.592187 0.693706 0.592187 0.689546 0.589062 0.689546 0.584375
2 0.254810 0.540625 0.254810 0.545312 0.250649 0.548437 0.248569 0.548437 0.246489 0.550000 0.244409 0.550000 0.240249 0.553125 0.238169 0.553125 0.223608 0.564062 0.223608 0.565625 0.221528 0.567187 0.213208 0.567187 0.213208 0.615625 0.219448 0.615625 0.240249 0.631250 0.242329 0.631250 0.244409 0.632812 0.244409 0.639062 0.304731 0.639062 0.304731 0.634375 0.317212 0.625000 0.317212 0.623438 0.321372 0.620312 0.321372 0.618750 0.325532 0.615625 0.325532 0.614062 0.327612 0.612500 0.327612 0.610937 0.329692 0.609375 0.329692 0.607813 0.331772 0.606250 0.331772 0.604687 0.333853 0.603125 0.333853 0.593750 0.335933 0.592187 0.335933 0.584375 0.338013 0.582812 0.344253 0.582812 0.344253 0.576562 0.338013 0.576562 0.335933 0.575000 0.335933 0.573437 0.333853 0.571875 0.333853 0.570312 0.331772 0.568750 0.331772 0.567187 0.325532 0.562500 0.325532 0.560937 0.319292 0.556250 0.319292 0.554687 0.313052 0.550000 0.310972 0.550000 0.308892 0.548437 0.304731 0.548437 0.300571 0.545312 0.300571 0.540625
2 0.570981 0.396875 0.570981 0.401562 0.566821 0.404687 0.564741 0.404687 0.562661 0.406250 0.560581 0.406250 0.554341 0.410937 0.552261 0.410937 0.537700 0.421875 0.537700 0.423437 0.533540 0.426562 0.533540 0.428125 0.531460 0.429688 0.531460 0.431250 0.527300 0.434375 0.521060 0.434375 0.521060 0.465625 0.527300 0.465625 0.537700 0.473437 0.537700 0.476562 0.541860 0.479687 0.541860 0.481250 0.543940 0.482812 0.543940 0.484375 0.546021 0.485937 0.546021 0.487500 0.552261 0.492188 0.562661 0.492188 0.564741 0.493750 0.570981 0.493750 0.573062 0.495312 0.575142 0.495312 0.577222 0.496875 0.577222 0.501562 0.606343 0.501562 0.606343 0.496875 0.608423 0.495312 0.610503 0.495312 0.612583 0.493750 0.614663 0.493750 0.616743 0.492188 0.618823 0.492188 0.620903 0.490625 0.622983 0.490625 0.627144 0.487500 0.629224 0.487500 0.633384 0.484375 0.635464 0.484375 0.652104 0.471875 0.660425 0.471875 0.660425 0.426562 0.654185 0.426562 0.650024 0.423437 0.650024 0.421875 0.633384 0.409375 0.631304 0.409375 0.627144 0.406250 0.625063 0.406250 0.622983 0.404687 0.620903 0.404687 0.616743 0.401562 0.616743 0.396875
2 0.637544 0.828125 0.637544 0.832812 0.635464 0.834375 0.631304 0.834375 0.629224 0.835938 0.614663 0.835938 0.612583 0.837500 0.600103 0.837500 0.598022 0.839062 0.585542 0.839062 0.583462 0.840625 0.573062 0.840625 0.570981 0.839062 0.564741 0.839062 0.562661 0.840625 0.552261 0.840625 0.550181 0.842187 0.546021 0.842187 0.543940 0.843750 0.541860 0.843750 0.539780 0.845312 0.537700 0.845312 0.529380 0.851562 0.529380 0.853125 0.527300 0.854687 0.527300 0.856250 0.525220 0.857812 0.525220 0.862500 0.523140 0.864062 0.523140 0.867188 0.521060 0.868750 0.521060 0.870312 0.518979 0.871875 0.512739 0.871875 0.512739 0.892187 0.518979 0.892187 0.521060 0.893750 0.521060 0.895312 0.523140 0.896875 0.523140 0.898438 0.525220 0.900000 0.525220 0.901562 0.527300 0.903125 0.527300 0.904687 0.529380 0.906250 0.529380 0.907812 0.533540 0.910937 0.533540 0.912500 0.535620 0.914062 0.535620 0.917187 0.537700 0.918750 0.537700 0.920312 0.539780 0.921875 0.539780 0.923437 0.550181 0.931250 0.552261 0.931250 0.554341 0.932812 0.556421 0.932812 0.558501 0.934375 0.562661 0.934375 0.564741 0.935937 0.568901 0.935937 0.570981 0.937500 0.575142 0.937500 0.577222 0.939062 0.579302 0.939062 0.581382 0.940625 0.581382 0.945312 0.668745 0.945312 0.668745 0.940625 0.670825 0.939062 0.672905 0.939062 0.674985 0.937500 0.681226 0.937500 0.683306 0.935937 0.687466 0.935937 0.689546 0.934375 0.691626 0.934375 0.693706 0.932812 0.697866 0.932812 0.699946 0.931250 0.704106 0.931250 0.706186 0.929688 0.712427 0.929688 0.714507 0.928125 0.718667 0.928125 0.720747 0.926562 0.722827 0.926562 0.724907 0.925000 0.729067 0.925000 0.731147 0.923437 0.735308 0.923437 0.737388 0.921875 0.739468 0.921875 0.743628 0.918750 0.745708 0.918750 0.756108 0.910937 0.756108 0.909375 0.762349 0.904687 0.768589 0.904687 0.768589 0.868750 0.762349 0.868750 0.758188 0.865625 0.758188 0.864062 0.756108 0.862500 0.756108 0.860937 0.754028 0.859375 0.754028 0.857812 0.751948 0.856250 0.751948 0.854687 0.747788 0.851562 0.747788 0.850000 0.729067 0.835938 0.726987 0.835938 0.722827 0.832812 0.722827 0.828125
1 0.385854 0.965625 0.385854 0.970312 0.375454 0.978125 0.375454 0.979687 0.369214 0.984375 0.362974 0.984375 0.362974 0.998437 0.446177 0.998437 0.446177 0.996875 0.439936 0.992188 0.439936 0.990625 0.419136 0.975000 0.417056 0.975000 0.410815 0.970312 0.410815 0.965625
1 0.313052 0.809375 0.313052 0.917187 0.319292 0.917187 0.323452 0.920312 0.323452 0.921875 0.329692 0.926562 0.329692 0.928125 0.333853 0.931250 0.333853 0.932812 0.346333 0.942187 0.348413 0.942187 0.354653 0.946875 0.356733 0.946875 0.358813 0.948437 0.360894 0.948437 0.362974 0.950000 0.365054 0.950000 0.369214 0.953125 0.369214 0.957812 0.421216 0.957812 0.421216 0.953125 0.427456 0.948437 0.429536 0.948437 0.435776 0.943750 0.437856 0.943750 0.439936 0.942187 0.442017 0.942187 0.444097 0.940625 0.446177 0.940625 0.448257 0.939062 0.450337 0.939062 0.458657 0.932812 0.458657 0.931250 0.460737 0.929688 0.460737 0.928125 0.462817 0.926562 0.462817 0.925000 0.464897 0.923437 0.464897 0.921875 0.466978 0.920312 0.466978 0.917187 0.469058 0.915625 0.469058 0.912500 0.471138 0.910937 0.477378 0.910937 0.477378 0.881250 0.471138 0.881250 0.466978 0.878125 0.466978 0.876562 0.462817 0.873437 0.462817 0.871875 0.454497 0.865625 0.450337 0.865625 0.448257 0.864062 0.437856 0.864062 0.429536 0.857812 0.429536 0.856250 0.425376 0.853125 0.425376 0.851562 0.423296 0.850000 0.423296 0.848437 0.421216 0.846875 0.421216 0.845312 0.414976 0.840625 0.414976 0.839062 0.404575 0.831250 0.402495 0.831250 0.398335 0.828125 0.396255 0.828125 0.392095 0.825000 0.390015 0.825000 0.387935 0.823437 0.385854 0.823437 0.381694 0.820312 0.379614 0.820312 0.377534 0.818750 0.373374 0.818750 0.371294 0.817187 0.365054 0.817187 0.362974 0.815625 0.360894 0.815625 0.358813 0.814062 0.358813 0.809375
1 0.000000 0.000000 0.000000 0.095312 0.044722 0.095312 0.044722 0.090625 0.046802 0.089062 0.048882 0.089062 0.050962 0.087500 0.055122 0.087500 0.057202 0.085938 0.063442 0.085938 0.065522 0.084375 0.069683 0.084375 0.071763 0.082812 0.073843 0.082812 0.075923 0.081250 0.082163 0.081250 0.084243 0.079687 0.090483 0.079687 0.092563 0.078125 0.098804 0.078125 0.100884 0.076562 0.105044 0.076562 0.107124 0.075000 0.113364 0.075000 0.115444 0.073437 0.121685 0.073437 0.123765 0.071875 0.130005 0.071875 0.132085 0.070312 0.136245 0.070312 0.138325 0.068750 0.144565 0.068750 0.146646 0.067187 0.150806 0.067187 0.152886 0.065625 0.157046 0.065625 0.159126 0.064062 0.163286 0.064062 0.165366 0.062500 0.171606 0.062500 0.173687 0.060937 0.179927 0.060937 0.182007 0.059375 0.188247 0.059375 0.190327 0.057812 0.192407 0.057812 0.194487 0.056250 0.200728 0.056250 0.202808 0.054688 0.209048 0.054688 0.211128 0.053125 0.215288 0.053125 0.217368 0.051562 0.219448 0.051562 0.221528 0.050000 0.225688 0.050000 0.227769 0.048437 0.231929 0.048437 0.234009 0.046875 0.238169 0.046875 0.240249 0.045312 0.242329 0.045312 0.244409 0.043750 0.252729 0.043750 0.252729 0.000000