1 0.540625 0.462500 0.540625 0.468750 0.537500 0.472917 0.535937 0.472917 0.534375 0.475000 0.532812 0.475000 0.531250 0.477083 0.529688 0.477083 0.526563 0.481250 0.525000 0.481250 0.521875 0.485417 0.520312 0.485417 0.510938 0.497917 0.509375 0.497917 0.506250 0.502083 0.506250 0.504167 0.504687 0.506250 0.504687 0.508333 0.503125 0.510417 0.503125 0.512500 0.501562 0.514583 0.496875 0.514583 0.496875 0.568750 0.501562 0.568750 0.504687 0.572917 0.504687 0.577083 0.507812 0.581250 0.507812 0.583333 0.514063 0.591667 0.514063 0.593750 0.515625 0.593750 0.520312 0.600000 0.520312 0.602083 0.521875 0.602083 0.523438 0.604167 0.525000 0.604167 0.526563 0.606250 0.528125 0.606250 0.532812 0.612500 0.532812 0.618750 0.584375 0.618750 0.584375 0.612500 0.590625 0.604167 0.592188 0.604167 0.593750 0.602083 0.595312 0.602083 0.607813 0.585417 0.609375 0.585417 0.609375 0.583333 0.615625 0.575000 0.620313 0.575000 0.620313 0.512500 0.615625 0.512500 0.610937 0.506250 0.610937 0.504167 0.607813 0.500000 0.607813 0.497917 0.603125 0.491667 0.603125 0.489583 0.598437 0.483333 0.596875 0.483333 0.592188 0.477083 0.590625 0.477083 0.589063 0.475000 0.587500 0.475000 0.585938 0.472917 0.584375 0.472917 0.581250 0.468750 0.581250 0.462500
1 0.381250 0.379167 0.381250 0.387500 0.379687 0.389583 0.378125 0.389583 0.375000 0.393750 0.373437 0.393750 0.362500 0.408333 0.362500 0.410417 0.357812 0.416667 0.353125 0.416667 0.353125 0.483333 0.357812 0.483333 0.362500 0.489583 0.362500 0.491667 0.370313 0.502083 0.370313 0.504167 0.371875 0.504167 0.378125 0.512500 0.379687 0.512500 0.382812 0.516667 0.384375 0.516667 0.385938 0.518750 0.387500 0.518750 0.389062 0.520833 0.389062 0.527083 0.426562 0.527083 0.426562 0.520833 0.429688 0.516667 0.432813 0.516667 0.434375 0.514583 0.437500 0.514583 0.439063 0.512500 0.440625 0.512500 0.442187 0.510417 0.443750 0.510417 0.446875 0.506250 0.448438 0.506250 0.456250 0.495833 0.456250 0.493750 0.459375 0.489583 0.464063 0.489583 0.464063 0.418750 0.459375 0.418750 0.456250 0.414583 0.456250 0.412500 0.454688 0.410417 0.454688 0.408333 0.453125 0.406250 0.453125 0.404167 0.442187 0.389583 0.440625 0.389583 0.437500 0.385417 0.437500 0.379167
0 0.481250 0.595833 0.481250 0.602083 0.478125 0.606250 0.475000 0.606250 0.473437 0.608333 0.470313 0.608333 0.467187 0.612500 0.465625 0.612500 0.451562 0.631250 0.451562 0.633333 0.445312 0.641667 0.440625 0.641667 0.440625 0.710417 0.445312 0.710417 0.448438 0.714583 0.448438 0.716667 0.450000 0.718750 0.450000 0.720833 0.457812 0.731250 0.457812 0.733333 0.464063 0.741667 0.464063 0.743750 0.465625 0.745833 0.467187 0.745833 0.468750 0.747917 0.470313 0.747917 0.471875 0.750000 0.473437 0.750000 0.475000 0.752083 0.475000 0.760417 0.528125 0.760417 0.528125 0.754167 0.531250 0.750000 0.532812 0.750000 0.535937 0.745833 0.537500 0.745833 0.540625 0.741667 0.542188 0.741667 0.548437 0.733333 0.548437 0.731250 0.553125 0.725000 0.553125 0.722917 0.554688 0.720833 0.554688 0.718750 0.556250 0.716667 0.556250 0.714583 0.559375 0.710417 0.564062 0.710417 0.564062 0.654167 0.559375 0.654167 0.556250 0.650000 0.556250 0.645833 0.554688 0.643750 0.554688 0.641667 0.553125 0.639583 0.553125 0.637500 0.550000 0.633333 0.550000 0.631250 0.545313 0.625000 0.545313 0.622917 0.543750 0.620833 0.542188 0.620833 0.539062 0.616667 0.537500 0.616667 0.534375 0.612500 0.532812 0.612500 0.531250 0.610417 0.529688 0.610417 0.528125 0.608333 0.526563 0.608333 0.525000 0.606250 0.523438 0.606250 0.520312 0.602083 0.520312 0.595833
0 0.496875 0.329167 0.496875 0.335417 0.493750 0.339583 0.490625 0.339583 0.489062 0.341667 0.487500 0.341667 0.485938 0.343750 0.484375 0.343750 0.481250 0.347917 0.479688 0.347917 0.475000 0.354167 0.473437 0.354167 0.473437 0.356250 0.468750 0.362500 0.468750 0.364583 0.465625 0.368750 0.465625 0.370833 0.462500 0.375000 0.462500 0.377083 0.460938 0.379167 0.460938 0.381250 0.457812 0.385417 0.453125 0.385417 0.453125 0.425000 0.457812 0.425000 0.459375 0.427083 0.459375 0.429167 0.460938 0.431250 0.460938 0.437500 0.462500 0.439583 0.462500 0.447917 0.464063 0.450000 0.464063 0.454167 0.465625 0.456250 0.465625 0.460417 0.467187 0.462500 0.467187 0.464583 0.475000 0.475000 0.476562 0.475000 0.479688 0.479167 0.481250 0.479167 0.482812 0.481250 0.484375 0.481250 0.485938 0.483333 0.487500 0.483333 0.490625 0.487500 0.490625 0.493750 0.518750 0.493750 0.518750 0.487500 0.523438 0.481250 0.525000 0.481250 0.526563 0.479167 0.528125 0.479167 0.531250 0.475000 0.532812 0.475000 0.534375 0.472917 0.535937 0.472917 0.537500 0.470833 0.540625 0.470833 0.542188 0.468750 0.545313 0.468750 0.546875 0.466667 0.553125 0.466667 0.554688 0.464583 0.557813 0.464583 0.559375 0.462500 0.560938 0.462500 0.562500 0.460417 0.564062 0.460417 0.565625 0.458333 0.565625 0.456250 0.568750 0.452083 0.568750 0.450000 0.571875 0.445833 0.576563 0.445833 0.576563 0.379167 0.571875 0.379167 0.570312 0.377083 0.570312 0.375000 0.568750 0.372917 0.568750 0.370833 0.567187 0.368750 0.567187 0.366667 0.553125 0.347917 0.551562 0.347917 0.548437 0.343750 0.546875 0.343750 0.545313 0.341667 0.543750 0.341667 0.542188 0.339583 0.539062 0.339583 0.535937 0.335417 0.535937 0.329167
2 0.393750 0.695833 0.393750 0.702083 0.390625 0.706250 0.389062 0.706250 0.387500 0.708333 0.385938 0.708333 0.384375 0.710417 0.382812 0.710417 0.378125 0.716667 0.376563 0.716667 0.368750 0.727083 0.368750 0.729167 0.362500 0.737500 0.362500 0.739583 0.360938 0.741667 0.360938 0.743750 0.357812 0.747917 0.353125 0.747917 0.353125 0.814583 0.357812 0.814583 0.360938 0.818750 0.360938 0.820833 0.362500 0.822917 0.362500 0.827083 0.370313 0.837500 0.371875 0.837500 0.378125 0.845833 0.379687 0.845833 0.381250 0.847917 0.382812 0.847917 0.384375 0.850000 0.385938 0.850000 0.389062 0.854167 0.392188 0.854167 0.393750 0.856250 0.396875 0.856250 0.398438 0.858333 0.400000 0.858333 0.403125 0.862500 0.403125 0.868750 0.431250 0.868750 0.431250 0.862500 0.434375 0.858333 0.437500 0.858333 0.439063 0.856250 0.442187 0.856250 0.443750 0.854167 0.445312 0.854167 0.448438 0.850000 0.450000 0.850000 0.457812 0.839583 0.459375 0.839583 0.465625 0.831250 0.465625 0.829167 0.471875 0.820833 0.476562 0.820833 0.476562 0.764583 0.471875 0.764583 0.468750 0.760417 0.468750 0.756250 0.467187 0.754167 0.467187 0.752083 0.464063 0.747917 0.464063 0.745833 0.453125 0.731250 0.453125 0.729167 0.448438 0.722917 0.448438 0.720833 0.434375 0.702083 0.434375 0.695833
2 0.607813 0.545833 0.606250 0.543750 0.604688 0.543750 0.603125 0.541667 0.596875 0.541667 0.596875 0.552083 0.607813 0.552083 0.607813 0.545833 0.626562 0.533333 0.628125 0.533333 0.629687 0.535417 0.631250 0.535417 0.632812 0.537500 0.634375 0.537500 0.637500 0.541667 0.639063 0.541667 0.642187 0.545833 0.642187 0.552083 0.679688 0.552083 0.679688 0.545833 0.682813 0.541667 0.684375 0.541667 0.685938 0.539583 0.687500 0.539583 0.689062 0.537500 0.690625 0.537500 0.693750 0.533333 0.695312 0.533333 0.706250 0.518750 0.706250 0.516667 0.710938 0.510417 0.710938 0.506250 0.712500 0.504167 0.712500 0.502083 0.715625 0.497917 0.720312 0.497917 0.720312 0.435417 0.715625 0.435417 0.712500 0.431250 0.712500 0.429167 0.710938 0.427083 0.710938 0.425000 0.709375 0.422917 0.709375 0.420833 0.703125 0.412500 0.703125 0.410417 0.701563 0.410417 0.693750 0.400000 0.692187 0.400000 0.690625 0.397917 0.689062 0.397917 0.687500 0.395833 0.687500 0.387500 0.628125 0.387500 0.628125 0.393750 0.623438 0.400000 0.621875 0.400000 0.615625 0.408333 0.614062 0.408333 0.606250 0.418750 0.606250 0.420833 0.601562 0.427083 0.596875 0.427083 0.596875 0.485417 0.601562 0.485417 0.607813 0.493750 0.607813 0.495833 0.609375 0.497917 0.609375 0.500000 0.612500 0.504167 0.612500 0.506250 0.614062 0.508333 0.614062 0.510417 0.615625 0.512500 0.615625 0.514583 0.618750 0.518750 0.618750 0.520833 0.626562 0.531250 0.626562 0.533333
2 0.414062 0.229167 0.414062 0.235417 0.410937 0.239583 0.409375 0.239583 0.407813 0.241667 0.406250 0.241667 0.404687 0.243750 0.403125 0.243750 0.400000 0.247917 0.398438 0.247917 0.395312 0.252083 0.393750 0.252083 0.393750 0.254167 0.390625 0.258333 0.389062 0.258333 0.387500 0.260417 0.387500 0.262500 0.382812 0.268750 0.378125 0.268750 0.378125 0.343750 0.382812 0.343750 0.387500 0.350000 0.387500 0.352083 0.398438 0.366667 0.400000 0.366667 0.401563 0.368750 0.401563 0.377083 0.453125 0.377083 0.453125 0.368750 0.456250 0.364583 0.457812 0.364583 0.460938 0.360417 0.462500 0.360417 0.471875 0.347917 0.473437 0.347917 0.478125 0.341667 0.479688 0.341667 0.487500 0.331250 0.487500 0.329167 0.490625 0.325000 0.495313 0.325000 0.495313 0.277083 0.490625 0.277083 0.487500 0.272917 0.487500 0.270833 0.485938 0.268750 0.485938 0.266667 0.482812 0.262500 0.482812 0.260417 0.475000 0.250000 0.473437 0.250000 0.468750 0.243750 0.467187 0.243750 0.465625 0.241667 0.464063 0.241667 0.462500 0.239583 0.460938 0.239583 0.457812 0.235417 0.457812 0.229167
2 0.389062 0.512500 0.389062 0.518750 0.385938 0.522917 0.384375 0.522917 0.382812 0.525000 0.381250 0.525000 0.375000 0.533333 0.373437 0.533333 0.370313 0.537500 0.370313 0.539583 0.367188 0.543750 0.367188 0.545833 0.362500 0.552083 0.362500 0.554167 0.360938 0.556250 0.360938 0.560417 0.357812 0.564583 0.353125 0.564583 0.353125 0.608333 0.357812 0.608333 0.360938 0.612500 0.360938 0.616667 0.362500 0.618750 0.362500 0.620833 0.364062 0.622917 0.364062 0.625000 0.370313 0.633333 0.370313 0.635417 0.371875 0.637500 0.373437 0.637500 0.375000 0.639583 0.376563 0.639583 0.378125 0.641667 0.379687 0.641667 0.382812 0.645833 0.384375 0.645833 0.385938 0.647917 0.387500 0.647917 0.389062 0.650000 0.390625 0.650000 0.392188 0.652083 0.393750 0.652083 0.395312 0.654167 0.395312 0.660417 0.429688 0.660417 0.429688 0.654167 0.432813 0.650000 0.434375 0.650000 0.435937 0.647917 0.437500 0.647917 0.440625 0.643750 0.442187 0.643750 0.445312 0.639583 0.445312 0.637500 0.453125 0.627083 0.453125 0.625000 0.456250 0.620833 0.457812 0.620833 0.459375 0.618750 0.459375 0.616667 0.465625 0.608333 0.465625 0.606250 0.467187 0.604167 0.467187 0.602083 0.471875 0.595833 0.471875 0.593750 0.476562 0.587500 0.482812 0.587500 0.482812 0.550000 0.478125 0.550000 0.471875 0.541667 0.470313 0.541667 0.468750 0.539583 0.467187 0.539583 0.465625 0.537500 0.464063 0.537500 0.462500 0.535417 0.460938 0.535417 0.459375 0.533333 0.457812 0.533333 0.456250 0.531250 0.454688 0.531250 0.451562 0.527083 0.448438 0.527083 0.446875 0.525000 0.445312 0.525000 0.443750 0.522917 0.442187 0.522917 0.439063 0.518750 0.439063 0.512500 0.420312 0.512500 0.420312 0.518750 0.418750 0.520833 0.417188 0.520833 0.415625 0.522917 0.404687 0.522917 0.403125 0.520833 0.400000 0.520833 0.398438 0.518750 0.398438 0.512500
1 0.796875 0.454167 0.796875 0.460417 0.792188 0.466667 0.790625 0.466667 0.782812 0.477083 0.778125 0.477083 0.778125 0.587500 0.782812 0.587500 0.785937 0.591667 0.785937 0.593750 0.787500 0.595833 0.789062 0.595833 0.792188 0.600000 0.793750 0.600000 0.796875 0.604167 0.796875 0.610417 0.848437 0.610417 0.848437 0.604167 0.853125 0.597917 0.854688 0.597917 0.856250 0.595833 0.857813 0.595833 0.862500 0.589583 0.864062 0.589583 0.870313 0.581250 0.870313 0.579167 0.873438 0.575000 0.873438 0.572917 0.875000 0.570833 0.875000 0.568750 0.878125 0.564583 0.882812 0.564583 0.882812 0.512500 0.878125 0.512500 0.876562 0.510417 0.876562 0.508333 0.875000 0.506250 0.875000 0.502083 0.873438 0.500000 0.873438 0.497917 0.870313 0.493750 0.870313 0.491667 0.867188 0.487500 0.867188 0.485417 0.865625 0.485417 0.856250 0.472917 0.854688 0.472917 0.850000 0.466667 0.848437 0.466667 0.846875 0.464583 0.843750 0.464583 0.840625 0.460417 0.840625 0.454167
2 0.607813 0.579167 0.607813 0.587500 0.596875 0.602083 0.595312 0.602083 0.590625 0.608333 0.589063 0.608333 0.582812 0.616667 0.581250 0.616667 0.576563 0.622917 0.571875 0.622917 0.571875 0.706250 0.576563 0.706250 0.581250 0.712500 0.581250 0.714583 0.582812 0.716667 0.582812 0.718750 0.592188 0.731250 0.593750 0.731250 0.595312 0.733333 0.596875 0.733333 0.600000 0.737500 0.601562 0.737500 0.603125 0.739583 0.604688 0.739583 0.606250 0.741667 0.607813 0.741667 0.610937 0.745833 0.610937 0.752083 0.642187 0.752083 0.642187 0.745833 0.645312 0.741667 0.648438 0.741667 0.650000 0.739583 0.653125 0.739583 0.654688 0.737500 0.657812 0.737500 0.662500 0.731250 0.664062 0.731250 0.665625 0.729167 0.667188 0.729167 0.679688 0.712500 0.679688 0.710417 0.682813 0.706250 0.682813 0.704167 0.684375 0.702083 0.684375 0.700000 0.685938 0.697917 0.685938 0.693750 0.687500 0.691667 0.687500 0.687500 0.689062 0.685417 0.689062 0.683333 0.690625 0.681250 0.695312 0.681250 0.695312 0.641667 0.690625 0.641667 0.687500 0.637500 0.687500 0.635417 0.685938 0.633333 0.685938 0.629167 0.684375 0.627083 0.684375 0.625000 0.682813 0.622917 0.682813 0.620833 0.679688 0.616667 0.679688 0.614583 0.673437 0.606250 0.673437 0.604167 0.670313 0.600000 0.668750 0.600000 0.662500 0.591667 0.660937 0.591667 0.659375 0.589583 0.657812 0.589583 0.654688 0.585417 0.654688 0.579167
2 0.135937 0.629167 0.135937 0.635417 0.132812 0.639583 0.129688 0.639583 0.128125 0.641667 0.126563 0.641667 0.125000 0.643750 0.123438 0.643750 0.121875 0.645833 0.120312 0.645833 0.115625 0.652083 0.114063 0.652083 0.112500 0.654167 0.110937 0.654167 0.107813 0.658333 0.106250 0.658333 0.104687 0.660417 0.103125 0.660417 0.098438 0.666667 0.096875 0.666667 0.093750 0.670833 0.093750 0.672917 0.090625 0.677083 0.090625 0.679167 0.089062 0.681250 0.089062 0.685417 0.087500 0.687500 0.087500 0.693750 0.085938 0.695833 0.085938 0.702083 0.082813 0.706250 0.078125 0.706250 0.078125 0.777083 0.082813 0.777083 0.084375 0.779167 0.084375 0.781250 0.085938 0.783333 0.085938 0.789583 0.087500 0.791667 0.087500 0.800000 0.089062 0.802083 0.089062 0.808333 0.090625 0.810417 0.090625 0.814583 0.092188 0.816667 0.092188 0.820833 0.093750 0.822917 0.093750 0.825000 0.095312 0.827083 0.095312 0.829167 0.096875 0.831250 0.096875 0.833333 0.098438 0.835417 0.098438 0.837500 0.100000 0.839583 0.100000 0.841667 0.101562 0.843750 0.101562 0.845833 0.103125 0.847917 0.103125 0.850000 0.104687 0.852083 0.104687 0.854167 0.106250 0.856250 0.106250 0.858333 0.107813 0.860417 0.107813 0.862500 0.110937 0.866667 0.110937 0.868750 0.112500 0.870833 0.112500 0.872917 0.115625 0.877083 0.115625 0.879167 0.118750 0.883333 0.118750 0.885417 0.121875 0.889583 0.121875 0.891667 0.129688 0.902083 0.131250 0.902083 0.132812 0.904167 0.134375 0.904167 0.135937 0.906250 0.137500 0.906250 0.139062 0.908333 0.140625 0.908333 0.143750 0.912500 0.143750 0.918750 0.168750 0.918750 0.168750 0.912500 0.171875 0.908333 0.173438 0.908333 0.175000 0.906250 0.178125 0.906250 0.179688 0.904167 0.182812 0.904167 0.185937 0.900000 0.187500 0.900000 0.189063 0.897917 0.190625 0.897917 0.196875 0.889583 0.198437 0.889583 0.206250 0.879167 0.206250 0.877083 0.207813 0.875000 0.214062 0.875000 0.214062 0.772917 0.209375 0.772917 0.207813 0.770833 0.207813 0.768750 0.206250 0.766667 0.206250 0.756250 0.204688 0.754167 0.204688 0.745833 0.203125 0.743750 0.203125 0.737500 0.201562 0.735417 0.201562 0.731250 0.200000 0.729167 0.200000 0.720833 0.198437 0.718750 0.198437 0.706250 0.196875 0.704167 0.196875 0.697917 0.195312 0.695833 0.195312 0.693750 0.193750 0.691667 0.193750 0.685417 0.192188 0.683333 0.192188 0.670833 0.190625 0.668750 0.190625 0.664583 0.187500 0.660417 0.187500 0.658333 0.185937 0.656250 0.185937 0.654167 0.176563 0.641667 0.173438 0.641667 0.171875 0.639583 0.167187 0.639583 0.165625 0.637500 0.164062 0.637500 0.162500 0.635417 0.162500 0.629167