0 0.357813 0.437500 0.357813 0.443750 0.359375 0.445833 0.360937 0.445833 0.362500 0.447917 0.364062 0.447917 0.365625 0.450000 0.367188 0.450000 0.368750 0.452083 0.370313 0.452083 0.371875 0.454167 0.373438 0.454167 0.376562 0.458333 0.378125 0.458333 0.379687 0.460417 0.381250 0.460417 0.384375 0.464583 0.385938 0.464583 0.396875 0.479167 0.396875 0.481250 0.400000 0.485417 0.400000 0.487500 0.401563 0.489583 0.401563 0.491667 0.404688 0.495833 0.409375 0.495833 0.409375 0.562500 0.404688 0.562500 0.401563 0.566667 0.401563 0.568750 0.400000 0.570833 0.400000 0.572917 0.398438 0.575000 0.398438 0.577083 0.392187 0.585417 0.392187 0.587500 0.385938 0.595833 0.384375 0.595833 0.379687 0.602083 0.378125 0.602083 0.376562 0.604167 0.375000 0.604167 0.371875 0.608333 0.368750 0.608333 0.365625 0.612500 0.365625 0.618750 0.328125 0.618750 0.328125 0.612500 0.325000 0.608333 0.323438 0.608333 0.321875 0.606250 0.318750 0.606250 0.317187 0.604167 0.315625 0.604167 0.312500 0.600000 0.310938 0.600000 0.309375 0.597917 0.307813 0.597917 0.301562 0.589583 0.300000 0.589583 0.296875 0.585417 0.296875 0.583333 0.292188 0.577083 0.292188 0.575000 0.289062 0.570833 0.289062 0.566667 0.287500 0.564583 0.287500 0.562500 0.284375 0.558333 0.279688 0.558333 0.279688 0.502083 0.284375 0.502083 0.287500 0.497917 0.287500 0.493750 0.289062 0.491667 0.289062 0.489583 0.290625 0.487500 0.290625 0.485417 0.295313 0.479167 0.295313 0.477083 0.307813 0.460417 0.309375 0.460417 0.312500 0.456250 0.315625 0.456250 0.318750 0.452083 0.320312 0.452083 0.321875 0.450000 0.325000 0.450000 0.326563 0.447917 0.331250 0.447917 0.334375 0.443750 0.334375 0.437500
1 0.598437 0.579167 0.598437 0.585417 0.601562 0.589583 0.604688 0.589583 0.606250 0.591667 0.609375 0.591667 0.610938 0.593750 0.614062 0.593750 0.615625 0.595833 0.617188 0.595833 0.620313 0.600000 0.621875 0.600000 0.626563 0.606250 0.626563 0.608333 0.634375 0.618750 0.634375 0.620833 0.635938 0.622917 0.635938 0.627083 0.637500 0.629167 0.637500 0.631250 0.639062 0.633333 0.639062 0.635417 0.640625 0.637500 0.640625 0.639583 0.642188 0.641667 0.646875 0.641667 0.646875 0.687500 0.642188 0.687500 0.640625 0.689583 0.640625 0.691667 0.639062 0.693750 0.639062 0.695833 0.637500 0.697917 0.637500 0.702083 0.634375 0.706250 0.634375 0.708333 0.631250 0.712500 0.631250 0.714583 0.618750 0.731250 0.617188 0.731250 0.615625 0.733333 0.614062 0.733333 0.610938 0.737500 0.609375 0.737500 0.607812 0.739583 0.606250 0.739583 0.604688 0.741667 0.603125 0.741667 0.600000 0.745833 0.600000 0.752083 0.565625 0.752083 0.565625 0.745833 0.564063 0.743750 0.562500 0.743750 0.560937 0.741667 0.559375 0.741667 0.557813 0.739583 0.556250 0.739583 0.554688 0.737500 0.553125 0.737500 0.551562 0.735417 0.550000 0.735417 0.546875 0.731250 0.545312 0.731250 0.542188 0.727083 0.540625 0.727083 0.540625 0.725000 0.532813 0.714583 0.532813 0.712500 0.528125 0.706250 0.523438 0.706250 0.523438 0.618750 0.528125 0.618750 0.532813 0.612500 0.532813 0.610417 0.542188 0.597917 0.543750 0.597917 0.548438 0.591667 0.550000 0.591667 0.551562 0.589583 0.553125 0.589583 0.554688 0.587500 0.556250 0.587500 0.557813 0.585417 0.557813 0.579167
1 0.514062 0.387500 0.514062 0.393750 0.517188 0.397917 0.518750 0.397917 0.521875 0.402083 0.523438 0.402083 0.528125 0.408333 0.529687 0.408333 0.531250 0.410417 0.531250 0.412500 0.539062 0.422917 0.539062 0.425000 0.542188 0.429167 0.546875 0.429167 0.546875 0.500000 0.542188 0.500000 0.540625 0.502083 0.540625 0.504167 0.539062 0.506250 0.539062 0.510417 0.535937 0.514583 0.535937 0.516667 0.534375 0.518750 0.534375 0.520833 0.532813 0.522917 0.532813 0.525000 0.529687 0.529167 0.528125 0.529167 0.521875 0.537500 0.520312 0.537500 0.518750 0.539583 0.517188 0.539583 0.515625 0.541667 0.514062 0.541667 0.510938 0.545833 0.510938 0.552083 0.462500 0.552083 0.462500 0.545833 0.459375 0.541667 0.457812 0.541667 0.456250 0.539583 0.454687 0.539583 0.451563 0.535417 0.450000 0.535417 0.435938 0.516667 0.435938 0.514583 0.432813 0.510417 0.432813 0.508333 0.428125 0.502083 0.423437 0.502083 0.423437 0.441667 0.428125 0.441667 0.431250 0.437500 0.431250 0.435417 0.434375 0.431250 0.434375 0.429167 0.435938 0.427083 0.435938 0.425000 0.443750 0.414583 0.443750 0.412500 0.448438 0.406250 0.450000 0.406250 0.454687 0.400000 0.456250 0.400000 0.457812 0.397917 0.459375 0.397917 0.460938 0.395833 0.462500 0.395833 0.464063 0.393750 0.464063 0.387500
0 0.621875 0.437500 0.621875 0.443750 0.625000 0.447917 0.626563 0.447917 0.628125 0.450000 0.629687 0.450000 0.634375 0.456250 0.635938 0.456250 0.645312 0.468750 0.645312 0.470833 0.648438 0.475000 0.648438 0.477083 0.650000 0.479167 0.650000 0.481250 0.651563 0.483333 0.651563 0.487500 0.654687 0.491667 0.659375 0.491667 0.659375 0.541667 0.654687 0.541667 0.651563 0.545833 0.651563 0.547917 0.650000 0.550000 0.650000 0.552083 0.646875 0.556250 0.646875 0.558333 0.643750 0.562500 0.643750 0.564583 0.640625 0.568750 0.640625 0.570833 0.639062 0.570833 0.637500 0.572917 0.637500 0.575000 0.628125 0.587500 0.628125 0.593750 0.592187 0.593750 0.592187 0.587500 0.590625 0.585417 0.587500 0.585417 0.585938 0.583333 0.568750 0.583333 0.567187 0.581250 0.559375 0.581250 0.557813 0.579167 0.556250 0.579167 0.546875 0.566667 0.546875 0.564583 0.543750 0.560417 0.543750 0.558333 0.540625 0.554167 0.535937 0.554167 0.535937 0.495833 0.540625 0.495833 0.543750 0.491667 0.543750 0.487500 0.545312 0.485417 0.545312 0.481250 0.546875 0.479167 0.546875 0.475000 0.548438 0.472917 0.548438 0.468750 0.551562 0.464583 0.551562 0.462500 0.557813 0.454167 0.559375 0.454167 0.562500 0.450000 0.564063 0.450000 0.565625 0.447917 0.567187 0.447917 0.570312 0.443750 0.570312 0.437500
2 0.332812 0.604167 0.332812 0.610417 0.334375 0.612500 0.335938 0.612500 0.337500 0.614583 0.340625 0.614583 0.342188 0.616667 0.343750 0.616667 0.346875 0.620833 0.348437 0.620833 0.350000 0.622917 0.351562 0.622917 0.353125 0.625000 0.354688 0.625000 0.359375 0.631250 0.360937 0.631250 0.362500 0.633333 0.364062 0.633333 0.373438 0.645833 0.373438 0.647917 0.376562 0.652083 0.376562 0.654167 0.379687 0.658333 0.384375 0.658333 0.384375 0.718750 0.379687 0.718750 0.375000 0.725000 0.375000 0.727083 0.373438 0.729167 0.373438 0.731250 0.371875 0.733333 0.371875 0.735417 0.367188 0.741667 0.367188 0.743750 0.364062 0.747917 0.362500 0.747917 0.357813 0.754167 0.356250 0.754167 0.353125 0.758333 0.351562 0.758333 0.348437 0.762500 0.348437 0.768750 0.284375 0.768750 0.284375 0.760417 0.282812 0.758333 0.281250 0.758333 0.279688 0.756250 0.278125 0.756250 0.276563 0.754167 0.275000 0.754167 0.273438 0.752083 0.271875 0.752083 0.259375 0.735417 0.259375 0.731250 0.256250 0.727083 0.256250 0.725000 0.254687 0.722917 0.248438 0.722917 0.248438 0.668750 0.253125 0.668750 0.256250 0.664583 0.256250 0.662500 0.257812 0.660417 0.257812 0.656250 0.259375 0.654167 0.259375 0.652083 0.260938 0.650000 0.260938 0.647917 0.264063 0.643750 0.264063 0.641667 0.278125 0.622917 0.279688 0.622917 0.282812 0.618750 0.284375 0.618750 0.285937 0.616667 0.289062 0.616667 0.290625 0.614583 0.292188 0.614583 0.295313 0.610417 0.295313 0.604167
2 0.698438 0.529167 0.698438 0.535417 0.701562 0.539583 0.704688 0.539583 0.706250 0.541667 0.707812 0.541667 0.709375 0.543750 0.710938 0.543750 0.714063 0.547917 0.715625 0.547917 0.717187 0.550000 0.718750 0.550000 0.720313 0.552083 0.721875 0.552083 0.728125 0.560417 0.729688 0.560417 0.729688 0.562500 0.735938 0.570833 0.735938 0.572917 0.739062 0.577083 0.739062 0.581250 0.742188 0.585417 0.746875 0.585417 0.746875 0.647917 0.742188 0.647917 0.739062 0.652083 0.739062 0.654167 0.737500 0.656250 0.737500 0.658333 0.735938 0.660417 0.735938 0.662500 0.734375 0.662500 0.732812 0.664583 0.732812 0.666667 0.721875 0.681250 0.720313 0.681250 0.715625 0.687500 0.714063 0.687500 0.712500 0.689583 0.710938 0.689583 0.709375 0.691667 0.707812 0.691667 0.704688 0.695833 0.704688 0.702083 0.660937 0.702083 0.660937 0.695833 0.656250 0.689583 0.654687 0.689583 0.646875 0.679167 0.646875 0.675000 0.645312 0.672917 0.645312 0.666667 0.643750 0.664583 0.643750 0.658333 0.642188 0.656250 0.642188 0.652083 0.640625 0.650000 0.640625 0.641667 0.639062 0.639583 0.639062 0.635417 0.637500 0.633333 0.637500 0.631250 0.634375 0.627083 0.629687 0.627083 0.629687 0.585417 0.634375 0.585417 0.635938 0.583333 0.635938 0.581250 0.640625 0.575000 0.640625 0.572917 0.646875 0.564583 0.646875 0.562500 0.648438 0.560417 0.648438 0.558333 0.650000 0.556250 0.650000 0.554167 0.654687 0.547917 0.654687 0.545833 0.659375 0.539583 0.660937 0.539583 0.664062 0.535417 0.664062 0.529167
2 0.004687 0.079167 0.004687 0.093750 0.006250 0.095833 0.006250 0.102083 0.007812 0.104167 0.007812 0.108333 0.009375 0.110417 0.009375 0.114583 0.010938 0.116667 0.010938 0.120833 0.012500 0.122917 0.012500 0.127083 0.014063 0.129167 0.014063 0.131250 0.015625 0.133333 0.015625 0.137500 0.017187 0.139583 0.017187 0.143750 0.018750 0.145833 0.018750 0.150000 0.020312 0.152083 0.020312 0.156250 0.021875 0.158333 0.021875 0.162500 0.023438 0.164583 0.023438 0.168750 0.025000 0.170833 0.025000 0.177083 0.026563 0.179167 0.026563 0.181250 0.029688 0.185417 0.034375 0.185417 0.034375 0.302083 0.029688 0.302083 0.026563 0.306250 0.026563 0.308333 0.025000 0.310417 0.025000 0.312500 0.021875 0.316667 0.021875 0.318750 0.018750 0.322917 0.018750 0.325000 0.010938 0.335417 0.010938 0.337500 0.009375 0.339583 0.007812 0.339583 0.004687 0.343750 0.004687 0.352083 0.001562 0.352083 0.001562 0.079167
2 0.490625 0.587500 0.490625 0.593750 0.493750 0.597917 0.496875 0.597917 0.498438 0.600000 0.500000 0.600000 0.504687 0.606250 0.506250 0.606250 0.514062 0.616667 0.514062 0.618750 0.520312 0.627083 0.520312 0.631250 0.523438 0.635417 0.528125 0.635417 0.528125 0.708333 0.523438 0.708333 0.520312 0.712500 0.520312 0.714583 0.512500 0.725000 0.512500 0.727083 0.504687 0.737500 0.503125 0.737500 0.500000 0.741667 0.498438 0.741667 0.495313 0.745833 0.495313 0.752083 0.439062 0.752083 0.439062 0.745833 0.432813 0.737500 0.431250 0.737500 0.426562 0.731250 0.425000 0.731250 0.417188 0.720833 0.417188 0.718750 0.415625 0.716667 0.415625 0.714583 0.414062 0.712500 0.414062 0.710417 0.412500 0.708333 0.412500 0.706250 0.410937 0.704167 0.404688 0.704167 0.404688 0.641667 0.409375 0.641667 0.412500 0.637500 0.412500 0.635417 0.414062 0.633333 0.414062 0.631250 0.415625 0.629167 0.415625 0.627083 0.421875 0.618750 0.421875 0.616667 0.423437 0.616667 0.434375 0.602083 0.435938 0.602083 0.437500 0.600000 0.439062 0.600000 0.443750 0.593750 0.443750 0.587500
1 0.992188 0.695833 0.992188 0.702083 0.995312 0.706250 1.000000 0.706250 1.000000 0.997917 0.892187 0.997917 0.892187 0.852083 0.896875 0.852083 0.904688 0.841667 0.904688 0.839583 0.906250 0.837500 0.906250 0.827083 0.907812 0.825000 0.907812 0.818750 0.909375 0.816667 0.909375 0.810417 0.910938 0.808333 0.910938 0.800000 0.912500 0.797917 0.912500 0.795833 0.914062 0.793750 0.914062 0.787500 0.915625 0.785417 0.915625 0.783333 0.917187 0.781250 0.917187 0.779167 0.918750 0.777083 0.918750 0.775000 0.920313 0.772917 0.920313 0.770833 0.923437 0.766667 0.923437 0.764583 0.925000 0.762500 0.925000 0.760417 0.926563 0.758333 0.926563 0.756250 0.928125 0.754167 0.928125 0.752083 0.935938 0.741667 0.935938 0.739583 0.945312 0.727083 0.945312 0.725000 0.953125 0.714583 0.954687 0.714583 0.959375 0.708333 0.962500 0.708333 0.964063 0.706250 0.967188 0.706250 0.968750 0.704167 0.970313 0.704167 0.971875 0.702083 0.971875 0.695833
2 0.551562 0.245833 0.551562 0.252083 0.554688 0.256250 0.557813 0.256250 0.559375 0.258333 0.562500 0.258333 0.564063 0.260417 0.565625 0.260417 0.568750 0.264583 0.570312 0.264583 0.573438 0.268750 0.575000 0.268750 0.587500 0.285417 0.587500 0.287500 0.592187 0.293750 0.596875 0.293750 0.596875 0.372917 0.592187 0.372917 0.589063 0.377083 0.589063 0.379167 0.581250 0.389583 0.581250 0.391667 0.578125 0.395833 0.576562 0.395833 0.570312 0.404167 0.570312 0.410417 0.525000 0.410417 0.525000 0.404167 0.521875 0.400000 0.520312 0.400000 0.518750 0.397917 0.517188 0.397917 0.515625 0.395833 0.514062 0.395833 0.512500 0.393750 0.510938 0.393750 0.509375 0.391667 0.507812 0.391667 0.506250 0.389583 0.504687 0.389583 0.503125 0.387500 0.496875 0.387500 0.495313 0.385417 0.492188 0.385417 0.490625 0.383333 0.489062 0.383333 0.487500 0.381250 0.485937 0.381250 0.485937 0.379167 0.482813 0.375000 0.482813 0.372917 0.481250 0.370833 0.481250 0.368750 0.478125 0.364583 0.473437 0.364583 0.473437 0.302083 0.478125 0.302083 0.481250 0.297917 0.481250 0.295833 0.482813 0.293750 0.482813 0.291667 0.484375 0.289583 0.484375 0.287500 0.490625 0.279167 0.490625 0.277083 0.496875 0.268750 0.498438 0.268750 0.501563 0.264583 0.503125 0.264583 0.506250 0.260417 0.507812 0.260417 0.509375 0.258333 0.510938 0.258333 0.512500 0.256250 0.514062 0.256250 0.515625 0.254167 0.517188 0.254167 0.518750 0.252083 0.518750 0.245833
1 0.415625 0.295833 0.415625 0.302083 0.418750 0.306250 0.420313 0.306250 0.421875 0.308333 0.423437 0.308333 0.425000 0.310417 0.426562 0.310417 0.428125 0.312500 0.429688 0.312500 0.446875 0.335417 0.446875 0.337500 0.448438 0.339583 0.448438 0.341667 0.450000 0.343750 0.450000 0.345833 0.451563 0.347917 0.451563 0.350000 0.453125 0.352083 0.459375 0.352083 0.459375 0.397917 0.454687 0.397917 0.451563 0.402083 0.450000 0.402083 0.435938 0.420833 0.435938 0.422917 0.434375 0.425000 0.434375 0.427083 0.429688 0.433333 0.429688 0.435417 0.428125 0.437500 0.428125 0.439583 0.425000 0.443750 0.425000 0.445833 0.423437 0.447917 0.421875 0.447917 0.418750 0.452083 0.418750 0.460417 0.373438 0.460417 0.373438 0.454167 0.368750 0.447917 0.365625 0.447917 0.364062 0.445833 0.362500 0.445833 0.360937 0.443750 0.359375 0.443750 0.357813 0.441667 0.356250 0.441667 0.353125 0.437500 0.351562 0.437500 0.348437 0.433333 0.346875 0.433333 0.343750 0.429167 0.342188 0.429167 0.334375 0.418750 0.329687 0.418750 0.329687 0.343750 0.335938 0.343750 0.337500 0.341667 0.337500 0.339583 0.339063 0.337500 0.339063 0.335417 0.356250 0.312500 0.357813 0.312500 0.360937 0.308333 0.362500 0.308333 0.364062 0.306250 0.365625 0.306250 0.368750 0.302083 0.368750 0.295833
2 0.415625 0.295833 0.415625 0.302083 0.418750 0.306250 0.420313 0.306250 0.421875 0.308333 0.423437 0.308333 0.425000 0.310417 0.426562 0.310417 0.429688 0.314583 0.431250 0.314583 0.445312 0.333333 0.445312 0.335417 0.448438 0.339583 0.448438 0.341667 0.450000 0.343750 0.450000 0.345833 0.451563 0.347917 0.451563 0.350000 0.454687 0.354167 0.459375 0.354167 0.459375 0.397917 0.454687 0.397917 0.451563 0.402083 0.450000 0.402083 0.435938 0.420833 0.435938 0.422917 0.434375 0.425000 0.434375 0.427083 0.429688 0.433333 0.429688 0.435417 0.428125 0.437500 0.428125 0.439583 0.417188 0.454167 0.417188 0.460417 0.373438 0.460417 0.373438 0.454167 0.368750 0.447917 0.365625 0.447917 0.364062 0.445833 0.362500 0.445833 0.360937 0.443750 0.359375 0.443750 0.357813 0.441667 0.356250 0.441667 0.353125 0.437500 0.351562 0.437500 0.348437 0.433333 0.346875 0.433333 0.343750 0.429167 0.342188 0.429167 0.334375 0.418750 0.329687 0.418750 0.329687 0.343750 0.335938 0.343750 0.337500 0.341667 0.337500 0.339583 0.340625 0.335417 0.340625 0.333333 0.356250 0.312500 0.357813 0.312500 0.360937 0.308333 0.362500 0.308333 0.364062 0.306250 0.365625 0.306250 0.368750 0.302083 0.368750 0.295833