1 0.481021 0.484375 0.481021 0.489062 0.483101 0.490625 0.485181 0.490625 0.487261 0.492188 0.489341 0.492188 0.501821 0.501562 0.501821 0.503125 0.505981 0.506250 0.505981 0.507812 0.508062 0.509375 0.508062 0.510937 0.514302 0.515625 0.520542 0.515625 0.520542 0.560937 0.512222 0.560937 0.510142 0.562500 0.510142 0.564062 0.497661 0.573437 0.495581 0.573437 0.489341 0.578125 0.487261 0.578125 0.483101 0.581250 0.481021 0.581250 0.478940 0.582812 0.476860 0.582812 0.474780 0.584375 0.472700 0.584375 0.470620 0.585937 0.468540 0.585937 0.462300 0.590625 0.462300 0.595312 0.418618 0.595312 0.418618 0.590625 0.414458 0.587500 0.412378 0.587500 0.408218 0.584375 0.406138 0.584375 0.401978 0.581250 0.399897 0.581250 0.393657 0.576562 0.391577 0.576562 0.385337 0.571875 0.385337 0.570312 0.383257 0.568750 0.383257 0.565625 0.379097 0.562500 0.372856 0.562500 0.372856 0.515625 0.379097 0.515625 0.383257 0.512500 0.383257 0.510937 0.387417 0.507812 0.387417 0.506250 0.397817 0.498437 0.399897 0.498437 0.406138 0.493750 0.408218 0.493750 0.410298 0.492188 0.412378 0.492188 0.416538 0.489062 0.416538 0.484375
0 0.553823 0.571875 0.553823 0.576562 0.557983 0.579687 0.560064 0.579687 0.580864 0.595312 0.580864 0.596875 0.589185 0.603125 0.595425 0.603125 0.595425 0.645312 0.589185 0.645312 0.585024 0.648438 0.585024 0.650000 0.582944 0.651562 0.582944 0.653125 0.580864 0.654687 0.580864 0.656250 0.574624 0.660937 0.574624 0.662500 0.570464 0.665625 0.570464 0.667187 0.566304 0.670312 0.564224 0.670312 0.560064 0.673437 0.557983 0.673437 0.555903 0.675000 0.553823 0.675000 0.551743 0.676562 0.551743 0.682812 0.485181 0.682812 0.485181 0.676562 0.483101 0.675000 0.481021 0.675000 0.478940 0.673437 0.476860 0.673437 0.468540 0.667187 0.466460 0.667187 0.462300 0.664062 0.462300 0.662500 0.458140 0.659375 0.458140 0.657812 0.453979 0.654687 0.447739 0.654687 0.447739 0.598437 0.453979 0.598437 0.460220 0.593750 0.460220 0.592187 0.462300 0.590625 0.464380 0.590625 0.468540 0.587500 0.470620 0.587500 0.472700 0.585937 0.474780 0.585937 0.478940 0.582812 0.481021 0.582812 0.483101 0.581250 0.485181 0.581250 0.491421 0.576562 0.491421 0.571875
1 0.622466 0.390625 0.622466 0.395312 0.624546 0.396875 0.626626 0.396875 0.628706 0.398438 0.632866 0.398438 0.634946 0.400000 0.637026 0.400000 0.643267 0.404687 0.645347 0.404687 0.661987 0.417187 0.661987 0.418750 0.666147 0.421875 0.666147 0.423437 0.668228 0.425000 0.668228 0.426562 0.670308 0.428125 0.670308 0.429688 0.672388 0.431250 0.678628 0.431250 0.678628 0.476562 0.670308 0.476562 0.668228 0.478125 0.668228 0.479687 0.661987 0.484375 0.659907 0.484375 0.655747 0.487500 0.653667 0.487500 0.647427 0.492188 0.645347 0.492188 0.643267 0.493750 0.641187 0.493750 0.637026 0.496875 0.637026 0.501562 0.568384 0.501562 0.568384 0.496875 0.564224 0.493750 0.562144 0.493750 0.560064 0.492188 0.557983 0.492188 0.555903 0.490625 0.553823 0.490625 0.551743 0.489062 0.549663 0.489062 0.541343 0.482812 0.541343 0.481250 0.539263 0.479687 0.530942 0.479687 0.530942 0.423437 0.537183 0.423437 0.541343 0.420312 0.541343 0.418750 0.545503 0.415625 0.545503 0.414062 0.547583 0.412500 0.549663 0.412500 0.555903 0.407812 0.557983 0.407812 0.562144 0.404687 0.564224 0.404687 0.566304 0.403125 0.568384 0.403125 0.570464 0.401562 0.572544 0.401562 0.574624 0.400000 0.576704 0.400000 0.578784 0.398438 0.582944 0.398438 0.587104 0.395312 0.587104 0.390625
0 0.495581 0.390625 0.495581 0.395312 0.499741 0.398438 0.501821 0.398438 0.512222 0.406250 0.514302 0.406250 0.526782 0.415625 0.526782 0.417187 0.528862 0.418750 0.537183 0.418750 0.537183 0.473437 0.530942 0.473437 0.526782 0.476562 0.526782 0.478125 0.510142 0.490625 0.510142 0.495312 0.464380 0.495312 0.464380 0.490625 0.462300 0.489062 0.460220 0.490625 0.460220 0.495312 0.443579 0.495312 0.443579 0.490625 0.441499 0.489062 0.437339 0.489062 0.435259 0.487500 0.422778 0.487500 0.420698 0.485937 0.418618 0.485937 0.414458 0.482812 0.412378 0.482812 0.408218 0.479687 0.408218 0.478125 0.399897 0.471875 0.399897 0.468750 0.395737 0.465625 0.389497 0.465625 0.389497 0.426562 0.395737 0.426562 0.399897 0.423437 0.399897 0.420312 0.404058 0.417187 0.404058 0.415625 0.422778 0.401562 0.424858 0.401562 0.429019 0.398438 0.431099 0.398438 0.435259 0.395312 0.435259 0.390625
2 0.347896 0.365625 0.347896 0.371875 0.349976 0.373437 0.352056 0.373437 0.354136 0.375000 0.356216 0.375000 0.368696 0.384375 0.368696 0.385937 0.374937 0.390625 0.374937 0.392187 0.377017 0.393750 0.377017 0.395312 0.379097 0.396875 0.379097 0.398438 0.381177 0.400000 0.387417 0.400000 0.387417 0.435937 0.381177 0.435937 0.377017 0.439062 0.377017 0.440625 0.374937 0.442187 0.374937 0.443750 0.372856 0.445312 0.372856 0.446875 0.370776 0.448437 0.370776 0.450000 0.366616 0.453125 0.366616 0.454687 0.358296 0.460938 0.356216 0.460938 0.349976 0.465625 0.349976 0.470312 0.275093 0.470312 0.275093 0.464062 0.273013 0.462500 0.270933 0.462500 0.252212 0.448437 0.252212 0.446875 0.250132 0.445312 0.250132 0.443750 0.245972 0.440625 0.239731 0.440625 0.239731 0.395312 0.245972 0.395312 0.250132 0.392187 0.250132 0.390625 0.254292 0.387500 0.254292 0.385937 0.268853 0.375000 0.270933 0.375000 0.277173 0.370312 0.277173 0.365625
1 0.162769 0.521875 0.162769 0.526562 0.169009 0.531250 0.171089 0.531250 0.175249 0.534375 0.177329 0.534375 0.193970 0.546875 0.193970 0.550000 0.198130 0.553125 0.204370 0.553125 0.204370 0.595312 0.198130 0.595312 0.191890 0.600000 0.191890 0.601562 0.179409 0.610937 0.177329 0.610937 0.173169 0.614062 0.171089 0.614062 0.162769 0.620312 0.162769 0.626562 0.096206 0.626562 0.096206 0.621875 0.092046 0.618750 0.089966 0.618750 0.087886 0.617188 0.085806 0.617188 0.081646 0.614062 0.079565 0.614062 0.069165 0.606250 0.069165 0.604687 0.062925 0.600000 0.056685 0.600000 0.056685 0.550000 0.062925 0.550000 0.067085 0.546875 0.067085 0.545312 0.071245 0.542187 0.071245 0.540625 0.075405 0.537500 0.077485 0.537500 0.083726 0.532812 0.085806 0.532812 0.087886 0.531250 0.089966 0.531250 0.092046 0.529687 0.094126 0.529687 0.096206 0.528125 0.098286 0.528125 0.100366 0.526562 0.100366 0.521875
2 0.572544 0.303125 0.572544 0.307813 0.576704 0.310937 0.578784 0.310937 0.580864 0.312500 0.585024 0.312500 0.589185 0.315625 0.591265 0.315625 0.595425 0.318750 0.597505 0.318750 0.605825 0.325000 0.607905 0.325000 0.607905 0.326562 0.616226 0.332812 0.616226 0.334375 0.618306 0.335938 0.618306 0.337500 0.622466 0.340625 0.628706 0.340625 0.628706 0.379687 0.622466 0.379687 0.618306 0.382812 0.618306 0.384375 0.607905 0.392187 0.605825 0.392187 0.603745 0.393750 0.599585 0.393750 0.597505 0.395312 0.591265 0.395312 0.589185 0.396875 0.580864 0.396875 0.578784 0.398438 0.576704 0.398438 0.574624 0.400000 0.572544 0.400000 0.570464 0.401562 0.566304 0.401562 0.564224 0.403125 0.562144 0.403125 0.560064 0.404687 0.557983 0.404687 0.553823 0.407812 0.551743 0.407812 0.549663 0.409375 0.549663 0.414062 0.522622 0.414062 0.522622 0.407812 0.520542 0.406250 0.518462 0.406250 0.512222 0.401562 0.510142 0.401562 0.495581 0.390625 0.495581 0.389062 0.489341 0.384375 0.481021 0.384375 0.481021 0.337500 0.487261 0.337500 0.493501 0.332812 0.493501 0.331250 0.497661 0.328125 0.497661 0.326562 0.503901 0.321875 0.505981 0.321875 0.512222 0.317187 0.514302 0.317187 0.518462 0.314062 0.520542 0.314062 0.522622 0.312500 0.524702 0.312500 0.526782 0.310937 0.530942 0.310937 0.535103 0.307813 0.535103 0.303125
2 0.674468 0.628125 0.674468 0.632812 0.678628 0.635937 0.680708 0.635937 0.682788 0.637500 0.684868 0.637500 0.686948 0.639062 0.689028 0.639062 0.695269 0.643750 0.697349 0.643750 0.699429 0.645312 0.699429 0.646875 0.707749 0.653125 0.707749 0.654687 0.709829 0.656250 0.709829 0.657812 0.713989 0.660937 0.720230 0.660937 0.720230 0.704687 0.713989 0.704687 0.707749 0.709375 0.707749 0.710938 0.705669 0.712500 0.705669 0.714062 0.697349 0.720312 0.697349 0.721875 0.695269 0.723437 0.693188 0.723437 0.684868 0.729687 0.682788 0.729687 0.678628 0.732812 0.676548 0.732812 0.674468 0.734375 0.672388 0.734375 0.670308 0.735937 0.666147 0.735937 0.664067 0.737500 0.661987 0.737500 0.657827 0.740625 0.657827 0.745312 0.622466 0.745312 0.622466 0.740625 0.618306 0.737500 0.616226 0.737500 0.614146 0.735937 0.612065 0.735937 0.609985 0.734375 0.605825 0.734375 0.599585 0.729687 0.597505 0.729687 0.585024 0.720312 0.585024 0.718750 0.578784 0.714062 0.578784 0.712500 0.576704 0.710938 0.576704 0.707812 0.574624 0.706250 0.574624 0.704687 0.570464 0.701562 0.564224 0.701562 0.564224 0.673437 0.570464 0.673437 0.574624 0.670312 0.574624 0.665625 0.580864 0.660937 0.580864 0.659375 0.582944 0.657812 0.582944 0.656250 0.589185 0.651562 0.589185 0.650000 0.593345 0.646875 0.595425 0.646875 0.605825 0.639062 0.607905 0.639062 0.616226 0.632812 0.616226 0.628125
1 0.776392 0.021875 0.776392 0.026562 0.780552 0.029687 0.784712 0.029687 0.786792 0.031250 0.790952 0.031250 0.793032 0.032812 0.795112 0.032812 0.797192 0.034375 0.799272 0.034375 0.801353 0.035937 0.803433 0.035937 0.807593 0.039062 0.809673 0.039062 0.813833 0.042187 0.815913 0.042187 0.820073 0.045312 0.822153 0.045312 0.828394 0.050000 0.830474 0.050000 0.857515 0.070312 0.857515 0.071875 0.865835 0.078125 0.865835 0.079687 0.869995 0.082812 0.869995 0.084375 0.872075 0.085938 0.872075 0.087500 0.874155 0.089062 0.874155 0.090625 0.876235 0.092187 0.876235 0.093750 0.878315 0.095312 0.878315 0.096875 0.880396 0.098437 0.886636 0.098437 0.886636 0.176562 0.880396 0.176562 0.878315 0.178125 0.878315 0.182812 0.872075 0.187500 0.869995 0.187500 0.867915 0.189062 0.867915 0.190625 0.861675 0.195312 0.861675 0.196875 0.859595 0.198437 0.859595 0.200000 0.842954 0.212500 0.840874 0.212500 0.838794 0.214062 0.836714 0.214062 0.834634 0.215625 0.834634 0.220312 0.689028 0.220312 0.689028 0.215625 0.684868 0.212500 0.682788 0.212500 0.680708 0.210938 0.678628 0.210938 0.676548 0.209375 0.674468 0.209375 0.672388 0.207812 0.670308 0.207812 0.668228 0.206250 0.666147 0.206250 0.661987 0.203125 0.659907 0.203125 0.659907 0.201562 0.661987 0.200000 0.661987 0.198437 0.666147 0.195312 0.670308 0.195312 0.674468 0.192187 0.676548 0.192187 0.680708 0.189062 0.680708 0.184375 0.682788 0.182812 0.682788 0.181250 0.684868 0.179688 0.684868 0.176562 0.686948 0.175000 0.686948 0.170312 0.682788 0.167187 0.682788 0.165625 0.661987 0.150000 0.661987 0.148437 0.647427 0.137500 0.645347 0.137500 0.639106 0.132812 0.637026 0.132812 0.634946 0.131250 0.632866 0.131250 0.630786 0.129687 0.628706 0.129687 0.624546 0.126562 0.622466 0.126562 0.609985 0.117188 0.609985 0.115625 0.603745 0.110937 0.597505 0.110937 0.597505 0.059375 0.603745 0.059375 0.607905 0.056250 0.607905 0.054688 0.624546 0.042187 0.626626 0.042187 0.630786 0.039062 0.632866 0.039062 0.637026 0.035937 0.641187 0.035937 0.643267 0.034375 0.645347 0.034375 0.647427 0.032812 0.651587 0.032812 0.653667 0.031250 0.657827 0.031250 0.659907 0.029687 0.664067 0.029687 0.668228 0.026562 0.668228 0.021875
1 0.389497 0.571875 0.389497 0.576562 0.393657 0.579687 0.395737 0.579687 0.397817 0.581250 0.399897 0.581250 0.418618 0.595312 0.418618 0.596875 0.420698 0.598437 0.422778 0.598437 0.424858 0.600000 0.424858 0.601562 0.426938 0.603125 0.426938 0.604687 0.431099 0.607813 0.437339 0.607813 0.437339 0.659375 0.429019 0.659375 0.426938 0.660937 0.426938 0.662500 0.424858 0.664062 0.424858 0.665625 0.408218 0.678125 0.406138 0.678125 0.401978 0.681250 0.399897 0.681250 0.395737 0.684375 0.395737 0.689062 0.337495 0.689062 0.337495 0.684375 0.333335 0.681250 0.331255 0.681250 0.329175 0.679688 0.327095 0.679688 0.325015 0.678125 0.322935 0.678125 0.314614 0.671875 0.312534 0.671875 0.312534 0.670312 0.304214 0.664062 0.304214 0.662500 0.302134 0.660937 0.302134 0.659375 0.295894 0.654687 0.289653 0.654687 0.289653 0.607813 0.297974 0.607813 0.300054 0.606250 0.300054 0.604687 0.302134 0.603125 0.302134 0.601562 0.308374 0.596875 0.308374 0.595312 0.318774 0.587500 0.320855 0.587500 0.329175 0.581250 0.331255 0.581250 0.333335 0.579687 0.337495 0.579687 0.341655 0.576562 0.341655 0.571875
2 0.653667 0.496875 0.653667 0.501562 0.659907 0.506250 0.661987 0.506250 0.664067 0.507812 0.666147 0.507812 0.676548 0.515625 0.676548 0.517187 0.682788 0.521875 0.682788 0.523437 0.684868 0.525000 0.684868 0.526562 0.686948 0.528125 0.686948 0.529687 0.689028 0.531250 0.695269 0.531250 0.695269 0.565625 0.689028 0.565625 0.684868 0.568750 0.684868 0.570312 0.682788 0.571875 0.682788 0.573437 0.680708 0.575000 0.680708 0.576562 0.676548 0.579687 0.676548 0.581250 0.672388 0.584375 0.672388 0.585937 0.666147 0.590625 0.664067 0.590625 0.655747 0.596875 0.653667 0.596875 0.649507 0.600000 0.647427 0.600000 0.643267 0.603125 0.643267 0.607813 0.601665 0.607813 0.601665 0.601562 0.599585 0.600000 0.597505 0.600000 0.595425 0.598437 0.593345 0.598437 0.589185 0.595312 0.587104 0.595312 0.585024 0.593750 0.582944 0.593750 0.580864 0.592187 0.580864 0.590625 0.576704 0.587500 0.574624 0.587500 0.568384 0.582812 0.566304 0.582812 0.557983 0.576562 0.555903 0.576562 0.545503 0.568750 0.539263 0.568750 0.539263 0.526562 0.545503 0.526562 0.551743 0.521875 0.551743 0.520312 0.553823 0.518750 0.553823 0.517187 0.570464 0.504687 0.574624 0.504687 0.578784 0.501562 0.578784 0.496875
1 0.982319 0.246875 0.982319 0.251562 0.986479 0.254687 0.990640 0.254687 0.992720 0.256250 0.998960 0.256250 1.000000 0.257812 1.000000 0.257812 1.000000 0.259375 1.000000 0.260937 1.000000 0.260937 1.000000 0.495312 0.971919 0.495312 0.971919 0.489062 0.969839 0.487500 0.969839 0.485937 0.965679 0.482812 0.965679 0.481250 0.963599 0.479687 0.963599 0.478125 0.961519 0.476562 0.961519 0.475000 0.959438 0.473437 0.959438 0.471875 0.955278 0.468750 0.955278 0.467187 0.949038 0.462500 0.946958 0.462500 0.944878 0.460938 0.942798 0.460938 0.940718 0.459375 0.936558 0.459375 0.932397 0.456250 0.930317 0.456250 0.926157 0.453125 0.924077 0.453125 0.919917 0.450000 0.917837 0.450000 0.911597 0.445312 0.911597 0.443750 0.903276 0.437500 0.903276 0.435937 0.899116 0.432812 0.899116 0.431250 0.897036 0.429688 0.897036 0.428125 0.894956 0.426562 0.894956 0.425000 0.892876 0.423437 0.892876 0.421875 0.890796 0.420312 0.890796 0.418750 0.888716 0.417187 0.888716 0.415625 0.886636 0.414062 0.880396 0.414062 0.880396 0.323437 0.886636 0.323437 0.888716 0.321875 0.888716 0.320312 0.890796 0.318750 0.890796 0.315625 0.892876 0.314062 0.892876 0.310937 0.899116 0.306250 0.899116 0.304688 0.913677 0.293750 0.913677 0.292187 0.915757 0.290625 0.915757 0.285937 0.917837 0.284375 0.915757 0.282812 0.915757 0.271875 0.917837 0.270312 0.917837 0.268750 0.936558 0.254687 0.938638 0.254687 0.942798 0.251562 0.942798 0.246875
2 0.387417 0.571875 0.387417 0.576562 0.389497 0.578125 0.391577 0.578125 0.393657 0.579687 0.395737 0.579687 0.397817 0.581250 0.399897 0.581250 0.414458 0.592187 0.416538 0.592187 0.416538 0.593750 0.418618 0.595312 0.418618 0.596875 0.422778 0.600000 0.424858 0.600000 0.424858 0.601562 0.426938 0.603125 0.426938 0.604687 0.431099 0.607813 0.437339 0.607813 0.437339 0.659375 0.429019 0.659375 0.426938 0.660937 0.426938 0.662500 0.424858 0.664062 0.424858 0.665625 0.406138 0.679688 0.404058 0.679688 0.401978 0.681250 0.399897 0.681250 0.395737 0.684375 0.395737 0.689062 0.337495 0.689062 0.337495 0.684375 0.333335 0.681250 0.331255 0.681250 0.329175 0.679688 0.327095 0.679688 0.325015 0.678125 0.322935 0.678125 0.314614 0.671875 0.312534 0.671875 0.312534 0.670312 0.304214 0.664062 0.304214 0.662500 0.302134 0.660937 0.302134 0.659375 0.295894 0.654687 0.289653 0.654687 0.289653 0.607813 0.295894 0.607813 0.302134 0.603125 0.302134 0.601562 0.308374 0.596875 0.308374 0.595312 0.318774 0.587500 0.320855 0.587500 0.329175 0.581250 0.331255 0.581250 0.333335 0.579687 0.337495 0.579687 0.341655 0.576562 0.341655 0.571875
1 0.616226 0.289062 0.614146 0.290625 0.605825 0.290625 0.605825 0.281250 0.616226 0.281250 0.618306 0.282812 0.618306 0.285937 0.616226 0.287500 0.616226 0.289062 0.637026 0.295312 0.641187 0.292187 0.641187 0.290625 0.643267 0.290625 0.649507 0.285937 0.651587 0.285937 0.653667 0.284375 0.655747 0.284375 0.657827 0.282812 0.659907 0.282812 0.661987 0.281250 0.664067 0.281250 0.666147 0.279687 0.668228 0.279687 0.676548 0.273437 0.676548 0.251562 0.678628 0.251562 0.680708 0.250000 0.691108 0.250000 0.693188 0.248437 0.695269 0.248437 0.697349 0.246875 0.697349 0.243750 0.695269 0.242188 0.695269 0.232812 0.697349 0.231250 0.697349 0.229687 0.701509 0.226562 0.703589 0.226562 0.709829 0.221875 0.709829 0.220312 0.703589 0.215625 0.701509 0.215625 0.699429 0.214062 0.699429 0.209375 0.832554 0.209375 0.832554 0.214062 0.842954 0.221875 0.845034 0.221875 0.847114 0.223437 0.849194 0.223437 0.853354 0.226562 0.855435 0.226562 0.857515 0.228125 0.859595 0.228125 0.863755 0.231250 0.869995 0.231250 0.869995 0.290625 0.863755 0.290625 0.859595 0.293750 0.859595 0.296875 0.857515 0.298437 0.857515 0.300000 0.855435 0.301562 0.855435 0.303125 0.853354 0.304688 0.853354 0.306250 0.851274 0.307813 0.851274 0.309375 0.849194 0.310937 0.849194 0.312500 0.847114 0.314062 0.847114 0.315625 0.845034 0.317187 0.845034 0.318750 0.840874 0.321875 0.840874 0.323437 0.838794 0.325000 0.838794 0.326562 0.832554 0.331250 0.832554 0.332812 0.822153 0.340625 0.822153 0.342187 0.805513 0.354687 0.803433 0.354687 0.797192 0.359375 0.795112 0.359375 0.790952 0.362500 0.788872 0.362500 0.784712 0.365625 0.782632 0.365625 0.780552 0.367188 0.778472 0.367188 0.776392 0.368750 0.774312 0.368750 0.770151 0.371875 0.768071 0.371875 0.765991 0.373437 0.761831 0.373437 0.759751 0.375000 0.757671 0.375000 0.755591 0.376562 0.753511 0.376562 0.751431 0.378125 0.749351 0.378125 0.747271 0.379687 0.745190 0.379687 0.741030 0.382812 0.738950 0.382812 0.736870 0.384375 0.734790 0.384375 0.732710 0.385937 0.730630 0.385937 0.728550 0.387500 0.726470 0.387500 0.722310 0.390625 0.722310 0.395312 0.680708 0.395312 0.680708 0.390625 0.678628 0.389062 0.678628 0.387500 0.676548 0.385937 0.676548 0.384375 0.670308 0.379687 0.664067 0.379687 0.661987 0.378125 0.653667 0.378125 0.647427 0.382812 0.645347 0.381250 0.645347 0.378125 0.643267 0.376562 0.643267 0.368750 0.641187 0.367188 0.641187 0.365625 0.637026 0.362500 0.632866 0.365625 0.630786 0.365625 0.628706 0.367188 0.628706 0.368750 0.626626 0.370312 0.626626 0.371875 0.624546 0.373437 0.624546 0.376562 0.618306 0.381250 0.618306 0.382812 0.616226 0.384375 0.616226 0.385937 0.612065 0.389062 0.605825 0.389062 0.605825 0.331250 0.614146 0.331250 0.618306 0.334375 0.618306 0.335938 0.622466 0.339062 0.626626 0.335938 0.626626 0.334375 0.628706 0.332812 0.628706 0.323437 0.630786 0.321875 0.630786 0.318750 0.632866 0.317187 0.632866 0.309375 0.634946 0.307813 0.634946 0.304688 0.637026 0.303125 0.637026 0.295312