0 0.720230 0.409375 0.720230 0.414062 0.724390 0.417187 0.726470 0.417187 0.732710 0.421875 0.734790 0.421875 0.738950 0.425000 0.741030 0.425000 0.743110 0.426562 0.743110 0.428125 0.751431 0.434375 0.751431 0.435937 0.753511 0.437500 0.761831 0.437500 0.761831 0.492188 0.753511 0.492188 0.751431 0.493750 0.751431 0.495312 0.747271 0.498437 0.747271 0.500000 0.732710 0.510937 0.730630 0.510937 0.724390 0.515625 0.724390 0.520312 0.659907 0.520312 0.659907 0.515625 0.655747 0.512500 0.653667 0.512500 0.651587 0.510937 0.649507 0.510937 0.639106 0.503125 0.637026 0.503125 0.628706 0.496875 0.628706 0.495312 0.626626 0.493750 0.626626 0.492188 0.624546 0.490625 0.624546 0.489062 0.620386 0.485937 0.614146 0.485937 0.614146 0.448437 0.620386 0.448437 0.622466 0.446875 0.622466 0.445312 0.624546 0.443750 0.624546 0.440625 0.626626 0.439062 0.626626 0.437500 0.628706 0.435937 0.628706 0.434375 0.632866 0.431250 0.632866 0.429688 0.641187 0.423437 0.645347 0.423437 0.651587 0.418750 0.653667 0.418750 0.655747 0.417187 0.657827 0.417187 0.661987 0.414062 0.661987 0.409375
1 0.468540 0.434375 0.468540 0.439062 0.472700 0.442187 0.476860 0.442187 0.483101 0.446875 0.485181 0.446875 0.499741 0.457812 0.499741 0.459375 0.503901 0.462500 0.503901 0.464062 0.508062 0.467187 0.508062 0.468750 0.510142 0.470312 0.510142 0.471875 0.514302 0.475000 0.520542 0.475000 0.520542 0.512500 0.514302 0.512500 0.508062 0.517187 0.508062 0.518750 0.501821 0.523437 0.501821 0.525000 0.497661 0.528125 0.497661 0.529687 0.493501 0.532812 0.493501 0.534375 0.489341 0.537500 0.487261 0.537500 0.476860 0.545312 0.474780 0.545312 0.470620 0.548437 0.466460 0.548437 0.464380 0.550000 0.460220 0.550000 0.456060 0.553125 0.456060 0.557812 0.422778 0.557812 0.422778 0.553125 0.418618 0.550000 0.414458 0.550000 0.412378 0.548437 0.408218 0.548437 0.406138 0.546875 0.401978 0.546875 0.397817 0.543750 0.395737 0.543750 0.393657 0.542187 0.391577 0.542187 0.387417 0.539062 0.385337 0.539062 0.381177 0.535937 0.379097 0.535937 0.372856 0.531250 0.372856 0.529687 0.368696 0.526562 0.368696 0.525000 0.366616 0.523437 0.366616 0.521875 0.362456 0.518750 0.356216 0.518750 0.356216 0.478125 0.362456 0.478125 0.364536 0.476562 0.364536 0.473437 0.366616 0.471875 0.366616 0.467187 0.368696 0.465625 0.368696 0.464062 0.374937 0.459375 0.374937 0.457812 0.385337 0.450000 0.385337 0.448437 0.387417 0.448437 0.393657 0.443750 0.395737 0.443750 0.397817 0.442187 0.401978 0.442187 0.406138 0.439062 0.406138 0.434375
1 0.813833 0.515625 0.813833 0.520312 0.817993 0.523437 0.820073 0.523437 0.822153 0.525000 0.824233 0.525000 0.826313 0.526562 0.828394 0.526562 0.834634 0.531250 0.836714 0.531250 0.863755 0.551562 0.869995 0.551562 0.869995 0.607813 0.863755 0.607813 0.859595 0.610937 0.859595 0.612500 0.857515 0.614062 0.857515 0.615625 0.853354 0.618750 0.853354 0.620312 0.847114 0.625000 0.847114 0.626562 0.836714 0.634375 0.834634 0.634375 0.830474 0.637500 0.830474 0.639062 0.828394 0.639062 0.824233 0.642187 0.822153 0.642187 0.820073 0.643750 0.813833 0.643750 0.811753 0.645312 0.809673 0.645312 0.807593 0.646875 0.807593 0.651562 0.755591 0.651562 0.755591 0.646875 0.751431 0.643750 0.749351 0.643750 0.747271 0.642187 0.745190 0.642187 0.743110 0.640625 0.738950 0.640625 0.734790 0.637500 0.732710 0.637500 0.728550 0.634375 0.726470 0.634375 0.709829 0.621875 0.709829 0.620312 0.703589 0.615625 0.697349 0.615625 0.697349 0.545312 0.703589 0.545312 0.709829 0.540625 0.709829 0.539062 0.724390 0.528125 0.726470 0.528125 0.730630 0.525000 0.734790 0.525000 0.736870 0.523437 0.738950 0.523437 0.741030 0.521875 0.743110 0.521875 0.745190 0.520312 0.745190 0.515625
2 0.628706 0.853125 0.628706 0.859375 0.659907 0.882812 0.659907 0.884375 0.674468 0.895312 0.674468 0.896875 0.678628 0.900000 0.678628 0.901562 0.682788 0.904687 0.682788 0.906250 0.684868 0.907812 0.684868 0.910937 0.686948 0.912500 0.686948 0.915625 0.689028 0.917187 0.689028 0.920312 0.691108 0.921875 0.691108 0.925000 0.693188 0.926562 0.693188 0.929688 0.695269 0.931250 0.695269 0.934375 0.697349 0.935937 0.703589 0.935937 0.703589 0.989062 0.695269 0.989062 0.693188 0.990625 0.693188 0.992188 0.686948 0.996875 0.686948 0.998437 0.339575 0.998437 0.339575 0.987500 0.345815 0.987500 0.349976 0.984375 0.349976 0.981250 0.352056 0.979687 0.352056 0.978125 0.354136 0.976562 0.354136 0.975000 0.356216 0.973437 0.356216 0.971875 0.360376 0.968750 0.360376 0.967187 0.362456 0.965625 0.362456 0.964062 0.368696 0.959375 0.368696 0.957812 0.379097 0.950000 0.381177 0.950000 0.385337 0.946875 0.387417 0.946875 0.391577 0.943750 0.393657 0.943750 0.395737 0.942187 0.399897 0.942187 0.401978 0.940625 0.404058 0.940625 0.408218 0.937500 0.410298 0.937500 0.412378 0.935937 0.416538 0.935937 0.418618 0.934375 0.420698 0.934375 0.422778 0.932812 0.424858 0.932812 0.426938 0.931250 0.429019 0.931250 0.431099 0.929688 0.433179 0.929688 0.435259 0.928125 0.439419 0.928125 0.443579 0.925000 0.445659 0.925000 0.447739 0.923437 0.449819 0.923437 0.451899 0.921875 0.456060 0.921875 0.460220 0.918750 0.464380 0.918750 0.466460 0.917187 0.468540 0.917187 0.472700 0.914062 0.474780 0.914062 0.476860 0.912500 0.478940 0.912500 0.481021 0.910937 0.483101 0.910937 0.485181 0.909375 0.487261 0.909375 0.491421 0.906250 0.493501 0.906250 0.495581 0.904687 0.497661 0.904687 0.499741 0.903125 0.501821 0.903125 0.503901 0.901562 0.505981 0.901562 0.510142 0.898438 0.512222 0.898438 0.516382 0.895312 0.518462 0.895312 0.520542 0.893750 0.522622 0.893750 0.526782 0.890625 0.528862 0.890625 0.533022 0.887500 0.535103 0.887500 0.537183 0.885937 0.539263 0.885937 0.545503 0.881250 0.547583 0.881250 0.549663 0.879687 0.551743 0.879687 0.555903 0.876562 0.557983 0.876562 0.562144 0.873437 0.564224 0.873437 0.568384 0.870312 0.570464 0.870312 0.572544 0.868750 0.574624 0.868750 0.576704 0.867188 0.578784 0.867188 0.580864 0.865625 0.582944 0.865625 0.587104 0.862500 0.589185 0.862500 0.591265 0.860937 0.593345 0.860937 0.595425 0.859375 0.597505 0.859375 0.599585 0.857812 0.599585 0.853125
0 0.462300 0.334375 0.462300 0.339062 0.466460 0.342187 0.468540 0.342187 0.470620 0.343750 0.472700 0.343750 0.474780 0.345312 0.476860 0.345312 0.481021 0.348437 0.483101 0.348437 0.489341 0.353125 0.489341 0.354687 0.495581 0.359375 0.495581 0.360937 0.499741 0.364062 0.499741 0.365625 0.505981 0.370312 0.512222 0.370312 0.512222 0.417187 0.505981 0.417187 0.503901 0.418750 0.503901 0.420312 0.497661 0.425000 0.497661 0.426562 0.485181 0.435937 0.483101 0.435937 0.476860 0.440625 0.476860 0.445312 0.464380 0.445312 0.464380 0.440625 0.462300 0.439062 0.443579 0.439062 0.441499 0.437500 0.412378 0.437500 0.410298 0.439062 0.408218 0.439062 0.406138 0.440625 0.406138 0.445312 0.395737 0.445312 0.395737 0.440625 0.393657 0.439062 0.391577 0.439062 0.389497 0.437500 0.387417 0.437500 0.377017 0.429688 0.377017 0.428125 0.368696 0.421875 0.368696 0.420312 0.366616 0.418750 0.366616 0.417187 0.364536 0.415625 0.364536 0.414062 0.362456 0.412500 0.356216 0.412500 0.356216 0.370312 0.362456 0.370312 0.366616 0.367188 0.366616 0.365625 0.368696 0.364062 0.368696 0.362500 0.372856 0.359375 0.372856 0.357812 0.387417 0.346875 0.389497 0.346875 0.391577 0.345312 0.393657 0.345312 0.395737 0.343750 0.397817 0.343750 0.399897 0.342187 0.401978 0.342187 0.406138 0.339062 0.406138 0.334375
1 0.969839 0.903125 0.969839 0.907812 0.971919 0.909375 0.973999 0.909375 0.986479 0.918750 0.988560 0.918750 0.988560 0.920312 1.000000 0.929688 1.000000 0.931250 1.000000 0.932812 1.000000 0.935937 1.000000 0.937500 1.000000 0.937500 1.000000 0.998437 0.921997 0.998437 0.921997 0.995312 0.919917 0.993750 0.919917 0.992188 0.917837 0.990625 0.917837 0.985937 0.915757 0.984375 0.915757 0.981250 0.913677 0.979687 0.913677 0.978125 0.911597 0.976562 0.905356 0.976562 0.905356 0.923437 0.911597 0.923437 0.915757 0.920312 0.915757 0.918750 0.919917 0.915625 0.919917 0.914062 0.921997 0.912500 0.924077 0.912500 0.928237 0.909375 0.928237 0.903125
1 0.582944 0.321875 0.582944 0.328125 0.585024 0.329687 0.587104 0.329687 0.603745 0.342187 0.603745 0.343750 0.607905 0.346875 0.607905 0.350000 0.609985 0.351562 0.609985 0.354687 0.614146 0.357812 0.620386 0.357812 0.620386 0.378125 0.614146 0.378125 0.607905 0.382812 0.607905 0.392187 0.605825 0.393750 0.605825 0.396875 0.601665 0.400000 0.601665 0.401562 0.599585 0.403125 0.599585 0.407812 0.514302 0.407812 0.514302 0.398438 0.512222 0.396875 0.512222 0.381250 0.510142 0.379687 0.510142 0.376562 0.503901 0.371875 0.503901 0.368750 0.501821 0.367188 0.501821 0.364062 0.495581 0.359375 0.489341 0.359375 0.489341 0.348437 0.495581 0.348437 0.499741 0.345312 0.499741 0.343750 0.501821 0.342187 0.501821 0.340625 0.510142 0.334375 0.510142 0.332812 0.518462 0.326562 0.518462 0.321875
2 0.637026 0.521875 0.637026 0.526562 0.643267 0.531250 0.645347 0.531250 0.664067 0.545312 0.664067 0.546875 0.668228 0.550000 0.668228 0.551562 0.672388 0.554687 0.678628 0.554687 0.678628 0.604687 0.672388 0.604687 0.668228 0.607813 0.668228 0.609375 0.664067 0.612500 0.664067 0.614062 0.655747 0.620312 0.655747 0.621875 0.653667 0.623438 0.651587 0.623438 0.643267 0.629687 0.641187 0.629687 0.639106 0.631250 0.637026 0.631250 0.632866 0.634375 0.632866 0.639062 0.572544 0.639062 0.572544 0.632812 0.570464 0.631250 0.568384 0.631250 0.566304 0.629687 0.562144 0.629687 0.555903 0.625000 0.553823 0.625000 0.541343 0.615625 0.541343 0.614062 0.535103 0.609375 0.535103 0.607813 0.533022 0.606250 0.533022 0.604687 0.528862 0.601562 0.522622 0.601562 0.522622 0.557812 0.528862 0.557812 0.533022 0.554687 0.533022 0.553125 0.535103 0.551562 0.535103 0.550000 0.537183 0.548437 0.537183 0.546875 0.543423 0.542187 0.543423 0.540625 0.553823 0.532812 0.555903 0.532812 0.564224 0.526562 0.564224 0.521875
2 0.310454 0.409375 0.310454 0.414062 0.312534 0.415625 0.314614 0.415625 0.316694 0.417187 0.318774 0.417187 0.320855 0.418750 0.322935 0.418750 0.327095 0.421875 0.329175 0.421875 0.333335 0.425000 0.335415 0.425000 0.337495 0.426562 0.339575 0.426562 0.349976 0.434375 0.349976 0.435937 0.356216 0.440625 0.356216 0.442187 0.360376 0.445312 0.360376 0.446875 0.364536 0.450000 0.370776 0.450000 0.370776 0.485937 0.364536 0.485937 0.362456 0.487500 0.362456 0.490625 0.360376 0.492188 0.360376 0.496875 0.358296 0.498437 0.358296 0.500000 0.356216 0.501562 0.356216 0.503125 0.339575 0.515625 0.337495 0.515625 0.329175 0.521875 0.327095 0.521875 0.322935 0.525000 0.320855 0.525000 0.316694 0.528125 0.316694 0.532812 0.245972 0.532812 0.245972 0.528125 0.239731 0.523437 0.237651 0.523437 0.216851 0.507812 0.216851 0.506250 0.212690 0.503125 0.212690 0.501562 0.210610 0.500000 0.210610 0.496875 0.208530 0.495312 0.208530 0.493750 0.204370 0.490625 0.198130 0.490625 0.198130 0.459375 0.204370 0.459375 0.208530 0.456250 0.208530 0.454687 0.210610 0.453125 0.210610 0.451562 0.212690 0.450000 0.212690 0.448437 0.216851 0.445312 0.216851 0.443750 0.221011 0.440625 0.221011 0.439062 0.239731 0.425000 0.241812 0.425000 0.248052 0.420312 0.250132 0.420312 0.252212 0.418750 0.254292 0.418750 0.256372 0.417187 0.260532 0.417187 0.264692 0.414062 0.264692 0.409375
2 0.487261 0.253125 0.487261 0.257812 0.491421 0.260937 0.495581 0.260937 0.497661 0.262500 0.499741 0.262500 0.516382 0.275000 0.516382 0.276562 0.518462 0.278125 0.518462 0.279687 0.520542 0.281250 0.528862 0.281250 0.528862 0.326562 0.522622 0.326562 0.520542 0.328125 0.518462 0.328125 0.508062 0.335938 0.505981 0.335938 0.501821 0.339062 0.501821 0.345312 0.458140 0.345312 0.458140 0.340625 0.456060 0.339062 0.453979 0.339062 0.451899 0.337500 0.447739 0.337500 0.445659 0.335938 0.429019 0.335938 0.426938 0.334375 0.418618 0.334375 0.416538 0.332812 0.414458 0.332812 0.410298 0.329687 0.410298 0.328125 0.408218 0.326562 0.408218 0.325000 0.406138 0.323437 0.397817 0.323437 0.397817 0.285937 0.404058 0.285937 0.408218 0.282812 0.408218 0.281250 0.410298 0.279687 0.410298 0.278125 0.416538 0.273437 0.416538 0.271875 0.426938 0.264062 0.429019 0.264062 0.433179 0.260937 0.435259 0.260937 0.439419 0.257812 0.439419 0.253125
2 0.699429 0.334375 0.699429 0.339062 0.703589 0.342187 0.705669 0.342187 0.709829 0.345312 0.711909 0.345312 0.726470 0.356250 0.726470 0.357812 0.732710 0.362500 0.732710 0.364062 0.734790 0.365625 0.734790 0.367188 0.738950 0.370312 0.738950 0.371875 0.747271 0.378125 0.753511 0.378125 0.753511 0.406250 0.743110 0.406250 0.741030 0.407812 0.738950 0.407812 0.736870 0.409375 0.734790 0.409375 0.732710 0.410937 0.730630 0.410937 0.728550 0.412500 0.726470 0.412500 0.722310 0.415625 0.711909 0.415625 0.709829 0.414062 0.707749 0.414062 0.705669 0.412500 0.678628 0.412500 0.676548 0.414062 0.672388 0.414062 0.670308 0.415625 0.670308 0.417187 0.668228 0.418750 0.661987 0.418750 0.659907 0.420312 0.657827 0.420312 0.655747 0.421875 0.655747 0.426562 0.626626 0.426562 0.626626 0.421875 0.620386 0.417187 0.614146 0.417187 0.614146 0.360937 0.620386 0.360937 0.624546 0.357812 0.624546 0.356250 0.628706 0.353125 0.628706 0.351562 0.630786 0.351562 0.639106 0.345312 0.641187 0.345312 0.645347 0.342187 0.647427 0.342187 0.651587 0.339062 0.651587 0.334375
2 0.576704 0.396875 0.576704 0.401562 0.578784 0.403125 0.580864 0.403125 0.582944 0.404687 0.585024 0.404687 0.587104 0.406250 0.591265 0.406250 0.597505 0.410937 0.599585 0.410937 0.614146 0.421875 0.614146 0.423437 0.616226 0.425000 0.616226 0.428125 0.618306 0.429688 0.618306 0.439062 0.620386 0.440625 0.620386 0.445312 0.622466 0.446875 0.628706 0.446875 0.628706 0.484375 0.622466 0.484375 0.616226 0.479687 0.614146 0.479687 0.609985 0.482812 0.609985 0.485937 0.605825 0.489062 0.605825 0.490625 0.597505 0.496875 0.595425 0.496875 0.593345 0.498437 0.591265 0.498437 0.589185 0.500000 0.587104 0.500000 0.582944 0.503125 0.582944 0.507812 0.520542 0.507812 0.520542 0.503125 0.518462 0.501562 0.518462 0.496875 0.516382 0.495312 0.516382 0.487500 0.514302 0.485937 0.514302 0.482812 0.512222 0.481250 0.512222 0.475000 0.514302 0.473437 0.514302 0.470312 0.508062 0.465625 0.505981 0.465625 0.503901 0.464062 0.497661 0.464062 0.497661 0.421875 0.503901 0.421875 0.508062 0.418750 0.508062 0.417187 0.510142 0.415625 0.510142 0.414062 0.512222 0.412500 0.512222 0.410937 0.518462 0.406250 0.520542 0.406250 0.522622 0.404687 0.530942 0.404687 0.535103 0.401562 0.535103 0.396875
1 0.312534 0.409375 0.312534 0.414062 0.316694 0.417187 0.318774 0.417187 0.320855 0.418750 0.322935 0.418750 0.325015 0.420312 0.327095 0.420312 0.331255 0.423437 0.333335 0.423437 0.337495 0.426562 0.339575 0.426562 0.352056 0.435937 0.352056 0.437500 0.356216 0.440625 0.356216 0.442187 0.360376 0.445312 0.360376 0.446875 0.362456 0.448437 0.370776 0.448437 0.370776 0.482812 0.364536 0.482812 0.362456 0.484375 0.362456 0.487500 0.360376 0.489062 0.360376 0.495312 0.358296 0.496875 0.358296 0.500000 0.356216 0.501562 0.356216 0.503125 0.337495 0.517187 0.335415 0.517187 0.327095 0.523437 0.325015 0.523437 0.322935 0.525000 0.320855 0.525000 0.316694 0.528125 0.316694 0.532812 0.245972 0.532812 0.245972 0.528125 0.239731 0.523437 0.237651 0.523437 0.216851 0.507812 0.216851 0.506250 0.212690 0.503125 0.212690 0.501562 0.210610 0.500000 0.210610 0.496875 0.208530 0.495312 0.208530 0.493750 0.204370 0.490625 0.198130 0.490625 0.198130 0.459375 0.204370 0.459375 0.208530 0.456250 0.208530 0.454687 0.210610 0.453125 0.210610 0.451562 0.212690 0.450000 0.212690 0.448437 0.214771 0.446875 0.214771 0.445312 0.218931 0.442187 0.218931 0.440625 0.239731 0.425000 0.241812 0.425000 0.250132 0.418750 0.254292 0.418750 0.256372 0.417187 0.260532 0.417187 0.264692 0.414062 0.264692 0.409375