1 0.362974 0.553125 0.362974 0.559375 0.360894 0.560937 0.358813 0.560937 0.344253 0.571875 0.342173 0.571875 0.338013 0.575000 0.338013 0.576562 0.331772 0.581250 0.331772 0.582812 0.327612 0.585937 0.321372 0.585937 0.321372 0.620312 0.327612 0.620312 0.329692 0.621875 0.329692 0.623438 0.331772 0.625000 0.331772 0.626562 0.335933 0.629687 0.335933 0.631250 0.350493 0.642187 0.352573 0.642187 0.354653 0.643750 0.356733 0.643750 0.358813 0.645312 0.360894 0.645312 0.365054 0.648438 0.367134 0.648438 0.369214 0.650000 0.371294 0.650000 0.375454 0.653125 0.375454 0.657812 0.421216 0.657812 0.421216 0.653125 0.425376 0.650000 0.429536 0.650000 0.431616 0.648438 0.433696 0.648438 0.435776 0.646875 0.437856 0.646875 0.439936 0.645312 0.442017 0.645312 0.446177 0.642187 0.448257 0.642187 0.452417 0.639062 0.454497 0.639062 0.456577 0.637500 0.456577 0.635937 0.462817 0.631250 0.469058 0.631250 0.469058 0.590625 0.462817 0.590625 0.456577 0.585937 0.456577 0.584375 0.446177 0.576562 0.444097 0.576562 0.439936 0.573437 0.437856 0.573437 0.431616 0.568750 0.429536 0.568750 0.427456 0.567187 0.425376 0.567187 0.421216 0.564062 0.419136 0.564062 0.410815 0.557812 0.410815 0.553125
0 0.300571 0.646875 0.300571 0.651562 0.288091 0.660937 0.286011 0.660937 0.279770 0.665625 0.279770 0.667187 0.273530 0.671875 0.273530 0.673437 0.269370 0.676562 0.263130 0.676562 0.263130 0.725000 0.271450 0.725000 0.273530 0.726562 0.273530 0.728125 0.279770 0.732812 0.279770 0.734375 0.290171 0.742188 0.292251 0.742188 0.296411 0.745312 0.298491 0.745312 0.302651 0.748437 0.308892 0.748437 0.310972 0.750000 0.313052 0.750000 0.317212 0.753125 0.317212 0.757812 0.367134 0.757812 0.367134 0.753125 0.371294 0.750000 0.373374 0.750000 0.375454 0.748437 0.379614 0.748437 0.383774 0.745312 0.385854 0.745312 0.398335 0.735937 0.398335 0.734375 0.402495 0.731250 0.402495 0.729687 0.404575 0.728125 0.404575 0.726562 0.406655 0.725000 0.406655 0.723437 0.408735 0.721875 0.408735 0.720312 0.412896 0.717187 0.419136 0.717187 0.419136 0.692187 0.412896 0.692187 0.410815 0.690625 0.410815 0.689062 0.408735 0.687500 0.408735 0.682812 0.406655 0.681250 0.406655 0.678125 0.402495 0.675000 0.402495 0.673437 0.398335 0.670312 0.398335 0.668750 0.383774 0.657812 0.381694 0.657812 0.377534 0.654687 0.375454 0.654687 0.371294 0.651562 0.371294 0.646875
0 0.566821 0.421875 0.566821 0.426562 0.558501 0.432812 0.556421 0.432812 0.546021 0.440625 0.546021 0.442187 0.539780 0.446875 0.539780 0.448437 0.535620 0.451562 0.529380 0.451562 0.529380 0.487500 0.537700 0.487500 0.541860 0.490625 0.543940 0.490625 0.548101 0.493750 0.548101 0.495312 0.562661 0.506250 0.562661 0.507812 0.564741 0.509375 0.564741 0.514062 0.627144 0.514062 0.627144 0.509375 0.633384 0.504687 0.635464 0.504687 0.643784 0.498437 0.643784 0.496875 0.647944 0.493750 0.647944 0.492188 0.650024 0.490625 0.650024 0.489062 0.654185 0.485937 0.660425 0.485937 0.660425 0.448437 0.654185 0.448437 0.650024 0.445312 0.650024 0.443750 0.647944 0.442187 0.647944 0.440625 0.629224 0.426562 0.629224 0.421875
1 0.425376 0.396875 0.425376 0.401562 0.414976 0.409375 0.414976 0.410937 0.410815 0.414062 0.408735 0.414062 0.408735 0.415625 0.402495 0.420312 0.396255 0.420312 0.396255 0.460938 0.402495 0.460938 0.406655 0.464062 0.406655 0.465625 0.408735 0.467187 0.410815 0.467187 0.421216 0.475000 0.423296 0.475000 0.431616 0.481250 0.433696 0.481250 0.437856 0.484375 0.437856 0.489062 0.469058 0.489062 0.469058 0.484375 0.473218 0.481250 0.477378 0.481250 0.479458 0.479687 0.481538 0.479687 0.483618 0.478125 0.487778 0.478125 0.489858 0.476562 0.494019 0.476562 0.496099 0.475000 0.498179 0.475000 0.502339 0.471875 0.504419 0.471875 0.516899 0.462500 0.516899 0.460938 0.521060 0.457812 0.527300 0.457812 0.527300 0.423437 0.521060 0.423437 0.516899 0.420312 0.516899 0.418750 0.512739 0.415625 0.512739 0.414062 0.506499 0.409375 0.506499 0.407812 0.504419 0.406250 0.504419 0.404687 0.502339 0.403125 0.502339 0.396875
0 0.313052 0.446875 0.313052 0.453125 0.310972 0.454687 0.308892 0.454687 0.304731 0.457812 0.302651 0.457812 0.300571 0.459375 0.300571 0.460938 0.286011 0.471875 0.283931 0.471875 0.281851 0.473437 0.271450 0.473437 0.271450 0.520312 0.279770 0.520312 0.290171 0.528125 0.292251 0.528125 0.294331 0.529687 0.296411 0.529687 0.298491 0.531250 0.300571 0.531250 0.304731 0.534375 0.304731 0.539062 0.377534 0.539062 0.377534 0.534375 0.385854 0.528125 0.387935 0.528125 0.398335 0.520312 0.398335 0.518750 0.400415 0.517187 0.400415 0.515625 0.404575 0.512500 0.410815 0.512500 0.410815 0.473437 0.404575 0.473437 0.400415 0.470312 0.400415 0.468750 0.396255 0.465625 0.396255 0.464062 0.387935 0.457812 0.385854 0.457812 0.377534 0.451562 0.377534 0.446875
0 0.442017 0.278125 0.442017 0.282812 0.437856 0.285937 0.435776 0.285937 0.433696 0.287500 0.431616 0.287500 0.410815 0.303125 0.404575 0.303125 0.404575 0.353125 0.412896 0.353125 0.414976 0.354687 0.414976 0.356250 0.429536 0.367188 0.431616 0.367188 0.437856 0.371875 0.437856 0.376562 0.485698 0.376562 0.485698 0.370312 0.487778 0.368750 0.487778 0.367188 0.491938 0.364062 0.491938 0.360937 0.506499 0.350000 0.506499 0.348437 0.510659 0.345312 0.510659 0.342187 0.512739 0.340625 0.512739 0.337500 0.514819 0.335938 0.514819 0.332812 0.516899 0.331250 0.516899 0.329687 0.521060 0.326562 0.527300 0.326562 0.527300 0.306250 0.521060 0.306250 0.516899 0.303125 0.516899 0.301562 0.504419 0.292187 0.502339 0.292187 0.496099 0.287500 0.494019 0.287500 0.491938 0.285937 0.489858 0.285937 0.485698 0.282812 0.485698 0.278125
1 0.589702 0.515625 0.589702 0.520312 0.585542 0.523437 0.583462 0.523437 0.566821 0.535937 0.566821 0.537500 0.560581 0.542187 0.554341 0.542187 0.554341 0.578125 0.562661 0.578125 0.564741 0.579687 0.564741 0.581250 0.568901 0.584375 0.568901 0.585937 0.573062 0.589062 0.573062 0.590625 0.577222 0.593750 0.585542 0.593750 0.587622 0.595312 0.591782 0.595312 0.593862 0.596875 0.598022 0.596875 0.600103 0.598437 0.608423 0.598437 0.610503 0.600000 0.614663 0.600000 0.618823 0.603125 0.618823 0.607813 0.658345 0.607813 0.658345 0.601562 0.664585 0.596875 0.666665 0.596875 0.670825 0.593750 0.670825 0.592187 0.674985 0.589062 0.674985 0.587500 0.677065 0.585937 0.685386 0.585937 0.685386 0.554687 0.679145 0.554687 0.672905 0.550000 0.672905 0.548437 0.670825 0.546875 0.670825 0.543750 0.668745 0.542187 0.668745 0.540625 0.666665 0.539062 0.666665 0.537500 0.664585 0.535937 0.664585 0.534375 0.662505 0.532812 0.662505 0.531250 0.658345 0.528125 0.658345 0.526562 0.656265 0.525000 0.654185 0.525000 0.647944 0.520312 0.647944 0.515625
2 0.219448 0.546875 0.219448 0.551562 0.213208 0.556250 0.211128 0.556250 0.209048 0.557812 0.206968 0.557812 0.198647 0.564062 0.196567 0.564062 0.192407 0.567187 0.192407 0.568750 0.186167 0.573437 0.186167 0.575000 0.184087 0.576562 0.184087 0.578125 0.182007 0.579687 0.182007 0.581250 0.177847 0.584375 0.171606 0.584375 0.171606 0.621875 0.177847 0.621875 0.182007 0.625000 0.182007 0.626562 0.184087 0.628125 0.184087 0.629687 0.186167 0.631250 0.186167 0.632812 0.192407 0.637500 0.192407 0.639062 0.196567 0.642187 0.198647 0.642187 0.202808 0.645312 0.202808 0.646875 0.204888 0.646875 0.206968 0.648438 0.209048 0.648438 0.215288 0.653125 0.215288 0.657812 0.273530 0.657812 0.273530 0.651562 0.275610 0.650000 0.277690 0.650000 0.279770 0.648438 0.281851 0.648438 0.283931 0.646875 0.286011 0.646875 0.290171 0.643750 0.292251 0.643750 0.294331 0.642187 0.296411 0.642187 0.302651 0.637500 0.302651 0.635937 0.306812 0.632812 0.306812 0.631250 0.308892 0.629687 0.308892 0.628125 0.310972 0.626562 0.319292 0.626562 0.319292 0.579687 0.310972 0.579687 0.308892 0.578125 0.308892 0.576562 0.306812 0.575000 0.306812 0.573437 0.304731 0.571875 0.304731 0.570312 0.296411 0.564062 0.294331 0.564062 0.290171 0.560937 0.288091 0.560937 0.281851 0.556250 0.279770 0.556250 0.277690 0.554687 0.275610 0.554687 0.271450 0.551562 0.271450 0.546875
2 0.475298 0.478125 0.475298 0.482812 0.471138 0.485937 0.469058 0.485937 0.466978 0.487500 0.464897 0.487500 0.462817 0.489062 0.458657 0.489062 0.456577 0.490625 0.452417 0.490625 0.450337 0.492188 0.446177 0.492188 0.439936 0.496875 0.437856 0.496875 0.433696 0.500000 0.433696 0.501562 0.429536 0.504687 0.421216 0.504687 0.421216 0.551562 0.427456 0.551562 0.433696 0.556250 0.435776 0.556250 0.439936 0.559375 0.442017 0.559375 0.444097 0.560937 0.446177 0.560937 0.448257 0.562500 0.450337 0.562500 0.452417 0.564062 0.454497 0.564062 0.456577 0.565625 0.458657 0.565625 0.460737 0.567187 0.462817 0.567187 0.464897 0.568750 0.466978 0.568750 0.471138 0.571875 0.471138 0.576562 0.523140 0.576562 0.523140 0.571875 0.527300 0.568750 0.529380 0.568750 0.543940 0.557812 0.546021 0.557812 0.546021 0.556250 0.554341 0.550000 0.554341 0.548437 0.558501 0.545312 0.558501 0.543750 0.562661 0.540625 0.568901 0.540625 0.568901 0.514062 0.562661 0.514062 0.560581 0.512500 0.560581 0.510937 0.558501 0.509375 0.558501 0.507812 0.556421 0.506250 0.556421 0.503125 0.552261 0.500000 0.552261 0.498437 0.543940 0.492188 0.543940 0.490625 0.535620 0.484375 0.535620 0.478125
2 0.710347 0.465625 0.710347 0.470312 0.708267 0.471875 0.706186 0.471875 0.704106 0.473437 0.702026 0.473437 0.699946 0.475000 0.697866 0.475000 0.695786 0.476562 0.693706 0.476562 0.672905 0.492188 0.672905 0.493750 0.668745 0.496875 0.662505 0.496875 0.662505 0.542187 0.668745 0.542187 0.672905 0.545312 0.672905 0.546875 0.677065 0.550000 0.677065 0.551562 0.679145 0.553125 0.679145 0.554687 0.685386 0.559375 0.685386 0.560937 0.689546 0.564062 0.691626 0.564062 0.695786 0.567187 0.699946 0.567187 0.702026 0.568750 0.706186 0.568750 0.710347 0.571875 0.710347 0.576562 0.749868 0.576562 0.749868 0.571875 0.754028 0.568750 0.756108 0.568750 0.758188 0.567187 0.762349 0.567187 0.766509 0.564062 0.768589 0.564062 0.774829 0.559375 0.776909 0.559375 0.785229 0.553125 0.785229 0.551562 0.789390 0.548437 0.789390 0.546875 0.791470 0.545312 0.791470 0.543750 0.795630 0.540625 0.801870 0.540625 0.801870 0.504687 0.795630 0.504687 0.791470 0.501562 0.791470 0.500000 0.789390 0.498437 0.789390 0.496875 0.787310 0.495312 0.787310 0.493750 0.766509 0.478125 0.764429 0.478125 0.760269 0.475000 0.758188 0.475000 0.756108 0.473437 0.754028 0.473437 0.751948 0.471875 0.749868 0.471875 0.747788 0.470312 0.747788 0.465625
2 0.331772 0.346875 0.331772 0.353125 0.329692 0.354687 0.327612 0.354687 0.325532 0.356250 0.323452 0.356250 0.321372 0.357812 0.319292 0.357812 0.313052 0.362500 0.310972 0.362500 0.298491 0.371875 0.298491 0.373437 0.296411 0.375000 0.288091 0.375000 0.288091 0.421875 0.294331 0.421875 0.302651 0.428125 0.302651 0.429688 0.310972 0.435937 0.313052 0.435937 0.315132 0.437500 0.317212 0.437500 0.319292 0.439062 0.319292 0.445312 0.379614 0.445312 0.379614 0.440625 0.381694 0.439062 0.383774 0.439062 0.392095 0.432812 0.392095 0.431250 0.400415 0.425000 0.400415 0.423437 0.404575 0.420312 0.410815 0.420312 0.410815 0.370312 0.402495 0.370312 0.398335 0.367188 0.398335 0.365625 0.387935 0.357812 0.385854 0.357812 0.381694 0.354687 0.379614 0.354687 0.375454 0.351562 0.375454 0.346875
1 0.084243 0.253125 0.084243 0.257812 0.082163 0.259375 0.080083 0.259375 0.078003 0.260937 0.073843 0.260937 0.071763 0.262500 0.069683 0.262500 0.067603 0.264062 0.065522 0.264062 0.059282 0.268750 0.057202 0.268750 0.053042 0.271875 0.053042 0.273437 0.048882 0.276562 0.048882 0.278125 0.046802 0.279687 0.038481 0.279687 0.038481 0.315625 0.044722 0.315625 0.048882 0.318750 0.048882 0.320312 0.050962 0.321875 0.050962 0.323437 0.057202 0.328125 0.057202 0.329687 0.073843 0.342187 0.075923 0.342187 0.078003 0.343750 0.080083 0.343750 0.084243 0.346875 0.084243 0.351562 0.125845 0.351562 0.125845 0.346875 0.130005 0.343750 0.138325 0.343750 0.140405 0.342187 0.144565 0.342187 0.163286 0.328125 0.169526 0.328125 0.169526 0.285937 0.161206 0.285937 0.159126 0.284375 0.159126 0.282812 0.142485 0.270312 0.140405 0.270312 0.138325 0.268750 0.134165 0.268750 0.132085 0.267187 0.130005 0.267187 0.127925 0.265625 0.125845 0.265625 0.115444 0.257812 0.115444 0.253125
0 0.660425 0.595312 0.660425 0.590625 0.660425 0.595312 0.650024 0.617188 0.647944 0.617188 0.631304 0.604687 0.627144 0.604687 0.622983 0.601562 0.622983 0.590625 0.564741 0.590625 0.564741 0.595312 0.562661 0.596875 0.560581 0.596875 0.558501 0.598437 0.554341 0.598437 0.552261 0.600000 0.550181 0.600000 0.541860 0.606250 0.539780 0.606250 0.525220 0.617188 0.525220 0.618750 0.516899 0.625000 0.516899 0.626562 0.510659 0.631250 0.504419 0.631250 0.504419 0.707812 0.629224 0.707812 0.629224 0.703125 0.633384 0.700000 0.635464 0.700000 0.637544 0.698437 0.641704 0.698437 0.643784 0.696875 0.645864 0.696875 0.650024 0.693750 0.652104 0.693750 0.664585 0.684375 0.664585 0.682812 0.670825 0.678125 0.677065 0.678125 0.677065 0.634375 0.670825 0.634375 0.666665 0.631250 0.666665 0.629687 0.650024 0.617188
1 0.664585 0.321875 0.664585 0.328125 0.662505 0.329687 0.660425 0.329687 0.647944 0.339062 0.647944 0.340625 0.643784 0.343750 0.643784 0.345312 0.641704 0.346875 0.641704 0.348437 0.639624 0.350000 0.639624 0.351562 0.637544 0.353125 0.637544 0.354687 0.635464 0.356250 0.629224 0.356250 0.629224 0.392187 0.637544 0.392187 0.639624 0.393750 0.639624 0.395312 0.641704 0.395312 0.650024 0.401562 0.652104 0.401562 0.662505 0.409375 0.662505 0.414062 0.720747 0.414062 0.720747 0.409375 0.724907 0.406250 0.726987 0.406250 0.731147 0.403125 0.733227 0.403125 0.745708 0.393750 0.745708 0.392187 0.747788 0.390625 0.747788 0.389062 0.749868 0.387500 0.749868 0.385937 0.754028 0.382812 0.760269 0.382812 0.760269 0.351562 0.754028 0.351562 0.749868 0.348437 0.749868 0.346875 0.747788 0.345312 0.747788 0.343750 0.745708 0.342187 0.745708 0.340625 0.735308 0.332812 0.733227 0.332812 0.729067 0.329687 0.726987 0.329687 0.724907 0.328125 0.724907 0.321875
1 0.026001 0.528125 0.026001 0.532812 0.021841 0.535937 0.019761 0.535937 0.017681 0.537500 0.015601 0.537500 0.011440 0.540625 0.009360 0.540625 0.003120 0.545312 0.000000 0.545312 0.000000 0.651562 0.005200 0.651562 0.007280 0.653125 0.009360 0.653125 0.011440 0.654687 0.015601 0.654687 0.017681 0.656250 0.019761 0.656250 0.023921 0.659375 0.023921 0.664062 0.075923 0.664062 0.075923 0.659375 0.080083 0.656250 0.082163 0.656250 0.084243 0.654687 0.086323 0.654687 0.088403 0.653125 0.092563 0.653125 0.094644 0.651562 0.102964 0.651562 0.102964 0.559375 0.096724 0.559375 0.092563 0.556250 0.092563 0.554687 0.090483 0.553125 0.090483 0.551562 0.088403 0.550000 0.088403 0.548437 0.073843 0.537500 0.071763 0.537500 0.069683 0.535937 0.067603 0.535937 0.063442 0.532812 0.063442 0.528125
2 0.533540 0.315625 0.533540 0.321875 0.531460 0.323437 0.531460 0.325000 0.525220 0.329687 0.525220 0.332812 0.523140 0.334375 0.523140 0.335938 0.514819 0.342187 0.514819 0.343750 0.508579 0.348437 0.506499 0.348437 0.506499 0.350000 0.502339 0.353125 0.496099 0.353125 0.496099 0.390625 0.502339 0.390625 0.516899 0.401562 0.518979 0.401562 0.525220 0.406250 0.527300 0.406250 0.529380 0.407812 0.531460 0.407812 0.535620 0.410937 0.537700 0.410937 0.539780 0.412500 0.541860 0.412500 0.543940 0.414062 0.546021 0.414062 0.548101 0.415625 0.548101 0.420312 0.585542 0.420312 0.585542 0.415625 0.589702 0.412500 0.593862 0.412500 0.595942 0.410937 0.598022 0.410937 0.600103 0.409375 0.602183 0.409375 0.610503 0.403125 0.612583 0.403125 0.614663 0.401562 0.614663 0.400000 0.618823 0.396875 0.627144 0.396875 0.627144 0.345312 0.620903 0.345312 0.593862 0.325000 0.591782 0.325000 0.589702 0.323437 0.587622 0.323437 0.583462 0.320312 0.583462 0.315625
1 0.932915 0.745312 0.928755 0.742188 0.928755 0.740625 0.920435 0.740625 0.920435 0.751562 0.932915 0.751562 0.932915 0.745312 0.959956 0.732812 0.962036 0.732812 0.972437 0.740625 0.974517 0.740625 0.976597 0.742188 0.978677 0.742188 0.984917 0.746875 0.984917 0.751562 1.000000 0.751562 1.000000 0.603125 0.978677 0.603125 0.978677 0.609375 0.976597 0.610937 0.974517 0.610937 0.972437 0.612500 0.970356 0.612500 0.962036 0.618750 0.959956 0.618750 0.943315 0.631250 0.943315 0.632812 0.939155 0.635937 0.939155 0.637500 0.932915 0.642187 0.932915 0.643750 0.930835 0.645312 0.930835 0.648438 0.926675 0.651562 0.920435 0.651562 0.920435 0.710938 0.926675 0.710938 0.928755 0.712500 0.934995 0.712500 0.939155 0.715625 0.939155 0.717187 0.959956 0.732812
2 0.057202 0.765625 0.057202 0.770312 0.053042 0.773438 0.050962 0.773438 0.048882 0.775000 0.046802 0.775000 0.044722 0.776562 0.042642 0.776562 0.038481 0.779687 0.036401 0.779687 0.028081 0.785937 0.028081 0.787500 0.026001 0.789062 0.026001 0.792187 0.023921 0.793750 0.023921 0.795312 0.021841 0.796875 0.021841 0.798437 0.019761 0.800000 0.019761 0.803125 0.017681 0.804688 0.017681 0.810937 0.015601 0.812500 0.015601 0.818750 0.011440 0.821875 0.005200 0.821875 0.005200 0.885937 0.011440 0.885937 0.013521 0.887500 0.013521 0.889062 0.015601 0.890625 0.015601 0.893750 0.017681 0.895312 0.017681 0.898438 0.019761 0.900000 0.019761 0.901562 0.021841 0.903125 0.021841 0.904687 0.023921 0.906250 0.023921 0.909375 0.026001 0.910937 0.026001 0.914062 0.028081 0.915625 0.028081 0.918750 0.030161 0.920312 0.030161 0.921875 0.032241 0.923437 0.032241 0.925000 0.034321 0.926562 0.034321 0.929688 0.036401 0.931250 0.036401 0.932812 0.044722 0.939062 0.044722 0.940625 0.046802 0.942187 0.048882 0.942187 0.055122 0.946875 0.057202 0.946875 0.061362 0.950000 0.063442 0.950000 0.067603 0.953125 0.067603 0.957812 0.100884 0.957812 0.100884 0.953125 0.105044 0.950000 0.107124 0.950000 0.109204 0.948437 0.113364 0.948437 0.115444 0.946875 0.117524 0.946875 0.119604 0.945312 0.121685 0.945312 0.127925 0.940625 0.130005 0.940625 0.146646 0.928125 0.146646 0.926562 0.148726 0.925000 0.148726 0.923437 0.150806 0.921875 0.150806 0.920312 0.154966 0.917187 0.161206 0.917187 0.161206 0.873437 0.154966 0.873437 0.152886 0.871875 0.152886 0.870312 0.150806 0.868750 0.150806 0.859375 0.148726 0.857812 0.148726 0.850000 0.146646 0.848437 0.146646 0.840625 0.144565 0.839062 0.144565 0.829687 0.142485 0.828125 0.142485 0.825000 0.140405 0.823437 0.140405 0.820312 0.138325 0.818750 0.138325 0.815625 0.127925 0.807812 0.127925 0.803125 0.125845 0.801562 0.125845 0.795312 0.123765 0.793750 0.123765 0.792187 0.119604 0.789062 0.119604 0.785937 0.117524 0.784375 0.117524 0.782812 0.115444 0.781250 0.115444 0.779687 0.113364 0.778125 0.113364 0.776562 0.111284 0.775000 0.109204 0.775000 0.102964 0.770312 0.102964 0.765625
2 0.421216 0.959375 0.421216 0.964062 0.417056 0.967187 0.414976 0.967187 0.412896 0.968750 0.410815 0.968750 0.404575 0.973437 0.402495 0.973437 0.396255 0.978125 0.394175 0.978125 0.390015 0.981250 0.387935 0.981250 0.385854 0.982812 0.383774 0.982812 0.381694 0.984375 0.381694 0.985937 0.377534 0.989062 0.373374 0.989062 0.371294 0.990625 0.362974 0.990625 0.362974 0.998437 0.618823 0.998437 0.618823 0.987500 0.612583 0.987500 0.608423 0.984375 0.608423 0.982812 0.606343 0.981250 0.606343 0.979687 0.604263 0.978125 0.604263 0.976562 0.602183 0.976562 0.593862 0.970312 0.591782 0.970312 0.587622 0.967187 0.587622 0.959375
1 0.991157 0.246875 0.991157 0.251562 0.934995 0.293750 0.934995 0.295312 0.930835 0.298437 0.930835 0.300000 0.926675 0.303125 0.920435 0.303125 0.920435 0.337500 0.926675 0.337500 0.930835 0.340625 0.930835 0.342187 0.934995 0.345312 0.934995 0.346875 0.941235 0.351562 0.941235 0.353125 0.945395 0.356250 0.945395 0.357812 0.949556 0.360937 0.949556 0.362500 0.966196 0.375000 0.968276 0.375000 0.970356 0.376562 0.970356 0.382812 1.000000 0.382812 1.000000 0.246875
2 0.691626 0.970312 0.691626 0.965625 0.689546 0.965625 0.687466 0.964062 0.683306 0.964062 0.681226 0.965625 0.677065 0.965625 0.674985 0.964062 0.672905 0.964062 0.670825 0.962500 0.668745 0.962500 0.666665 0.964062 0.664585 0.964062 0.662505 0.965625 0.662505 0.970312 0.691626 0.970312 0.739468 0.957812 0.741548 0.959375 0.747788 0.959375 0.749868 0.960938 0.754028 0.960938 0.756108 0.962500 0.758188 0.962500 0.760269 0.964062 0.762349 0.964062 0.764429 0.965625 0.764429 0.970312 0.702026 0.970312 0.731147 0.951562 0.756108 0.951562 0.758188 0.950000 0.764429 0.950000 0.766509 0.951562 0.770669 0.951562 0.772749 0.950000 0.801870 0.950000 0.803950 0.951562 0.812270 0.951562 0.814351 0.953125 0.818511 0.953125 0.820591 0.954687 0.826831 0.954687 0.828911 0.956250 0.835151 0.956250 0.839311 0.959375 0.841392 0.959375 0.843472 0.960938 0.849712 0.960938 0.851792 0.962500 0.870513 0.962500 0.872593 0.960938 0.874673 0.960938 0.878833 0.957812 0.885073 0.957812 0.885073 0.835938 0.878833 0.835938 0.874673 0.832812 0.874673 0.831250 0.872593 0.829687 0.872593 0.828125 0.868433 0.825000 0.866352 0.825000 0.862192 0.821875 0.860112 0.821875 0.858032 0.820312 0.824751 0.820312 0.822671 0.818750 0.791470 0.818750 0.789390 0.820312 0.783149 0.820312 0.781069 0.821875 0.776909 0.821875 0.774829 0.820312 0.770669 0.820312 0.768589 0.818750 0.764429 0.818750 0.762349 0.817187 0.747788 0.817187 0.745708 0.815625 0.726987 0.815625 0.724907 0.814062 0.720747 0.814062 0.718667 0.812500 0.712427 0.812500 0.710347 0.810937 0.702026 0.810937 0.699946 0.809375 0.691626 0.809375 0.689546 0.807812 0.674985 0.807812 0.672905 0.806250 0.662505 0.806250 0.660425 0.804688 0.643784 0.804688 0.641704 0.803125 0.637544 0.803125 0.635464 0.801562 0.635464 0.796875 0.593862 0.796875 0.593862 0.803125 0.585542 0.809375 0.585542 0.812500 0.583462 0.814062 0.583462 0.815625 0.581382 0.817187 0.581382 0.820312 0.579302 0.821875 0.579302 0.823437 0.577222 0.825000 0.577222 0.831250 0.575142 0.832812 0.575142 0.837500 0.573062 0.839062 0.573062 0.845312 0.570981 0.846875 0.570981 0.848437 0.568901 0.850000 0.562661 0.850000 0.562661 0.920312 0.568901 0.920312 0.570981 0.921875 0.573062 0.921875 0.579302 0.926562 0.579302 0.928125 0.589702 0.935937 0.589702 0.937500 0.593862 0.940625 0.595942 0.940625 0.598022 0.942187 0.600103 0.942187 0.602183 0.943750 0.604263 0.943750 0.610503 0.948437 0.614663 0.948437 0.616743 0.950000 0.618823 0.950000 0.620903 0.951562 0.622983 0.951562 0.625063 0.953125 0.627144 0.953125 0.629224 0.954687 0.652104 0.954687 0.654185 0.953125 0.658345 0.953125 0.660425 0.951562 0.666665 0.951562 0.668745 0.953125 0.672905 0.953125 0.674985 0.951562 0.685386 0.951562 0.687466 0.950000 0.729067 0.950000 0.731147 0.951562 0.702026 0.970312 0.702026 0.965625 0.712427 0.965625 0.714507 0.964062 0.718667 0.964062 0.720747 0.962500 0.726987 0.962500 0.729067 0.960938 0.731147 0.960938 0.733227 0.959375 0.735308 0.959375 0.737388 0.957812 0.739468 0.957812
1 0.641704 0.978125 0.641704 0.982812 0.639624 0.984375 0.639624 0.985937 0.627144 0.995312 0.625063 0.995312 0.622983 0.996875 0.622983 0.998437 0.735308 0.998437 0.735308 0.995312 0.724907 0.995312 0.722827 0.993750 0.720747 0.993750 0.718667 0.992188 0.716587 0.992188 0.714507 0.990625 0.710347 0.990625 0.708267 0.989062 0.704106 0.989062 0.702026 0.987500 0.699946 0.987500 0.697866 0.985937 0.695786 0.985937 0.691626 0.982812 0.691626 0.978125