1 0.523140 0.578125 0.523140 0.584375 0.521060 0.585937 0.518979 0.585937 0.516899 0.587500 0.514819 0.587500 0.500259 0.598437 0.500259 0.600000 0.496099 0.603125 0.496099 0.604687 0.489858 0.609375 0.489858 0.610937 0.485698 0.614062 0.479458 0.614062 0.479458 0.662500 0.485698 0.662500 0.494019 0.668750 0.494019 0.670312 0.500259 0.675000 0.502339 0.675000 0.504419 0.676562 0.504419 0.682812 0.595942 0.682812 0.595942 0.678125 0.600103 0.675000 0.604263 0.675000 0.608423 0.671875 0.610503 0.671875 0.618823 0.665625 0.620903 0.665625 0.620903 0.664062 0.629224 0.657812 0.635464 0.657812 0.635464 0.615625 0.629224 0.615625 0.620903 0.609375 0.620903 0.607813 0.618823 0.606250 0.618823 0.604687 0.612583 0.600000 0.612583 0.598437 0.606343 0.593750 0.604263 0.593750 0.595942 0.587500 0.593862 0.587500 0.587622 0.582812 0.587622 0.578125
0 0.523140 0.484375 0.523140 0.489062 0.518979 0.492188 0.516899 0.492188 0.514819 0.493750 0.512739 0.493750 0.508579 0.496875 0.506499 0.496875 0.491938 0.507812 0.491938 0.509375 0.489858 0.510937 0.489858 0.512500 0.485698 0.515625 0.479458 0.515625 0.479458 0.548437 0.485698 0.548437 0.489858 0.551562 0.489858 0.553125 0.491938 0.554687 0.491938 0.557812 0.494019 0.559375 0.494019 0.560937 0.506499 0.570312 0.506499 0.576562 0.583462 0.576562 0.583462 0.570312 0.585542 0.568750 0.587622 0.568750 0.600103 0.559375 0.600103 0.556250 0.604263 0.553125 0.610503 0.553125 0.610503 0.515625 0.604263 0.515625 0.600103 0.512500 0.600103 0.510937 0.598022 0.509375 0.598022 0.507812 0.589702 0.501562 0.589702 0.500000 0.587622 0.500000 0.579302 0.493750 0.577222 0.493750 0.575142 0.492188 0.573062 0.492188 0.568901 0.489062 0.568901 0.484375
0 0.371294 0.315625 0.371294 0.320312 0.367134 0.323437 0.365054 0.323437 0.362974 0.325000 0.360894 0.325000 0.358813 0.326562 0.358813 0.328125 0.354653 0.331250 0.352573 0.331250 0.352573 0.332812 0.348413 0.335938 0.348413 0.337500 0.346333 0.339062 0.338013 0.339062 0.338013 0.384375 0.344253 0.384375 0.350493 0.389062 0.350493 0.390625 0.362974 0.400000 0.365054 0.400000 0.367134 0.401562 0.367134 0.407812 0.425376 0.407812 0.425376 0.403125 0.429536 0.400000 0.431616 0.400000 0.439936 0.393750 0.439936 0.392187 0.448257 0.385937 0.448257 0.384375 0.450337 0.382812 0.450337 0.379687 0.452417 0.378125 0.452417 0.376562 0.454497 0.375000 0.460737 0.375000 0.460737 0.351562 0.454497 0.351562 0.450337 0.348437 0.450337 0.345312 0.448257 0.343750 0.448257 0.342187 0.446177 0.340625 0.446177 0.339062 0.427456 0.325000 0.425376 0.325000 0.423296 0.323437 0.421216 0.323437 0.417056 0.320312 0.417056 0.315625
0 0.279770 0.509375 0.279770 0.515625 0.277690 0.517187 0.275610 0.517187 0.273530 0.518750 0.271450 0.518750 0.267290 0.521875 0.265210 0.521875 0.261050 0.525000 0.258970 0.525000 0.250649 0.531250 0.250649 0.532812 0.244409 0.537500 0.244409 0.539062 0.242329 0.540625 0.242329 0.542187 0.240249 0.543750 0.240249 0.546875 0.236089 0.550000 0.229849 0.550000 0.229849 0.581250 0.236089 0.581250 0.238169 0.582812 0.238169 0.584375 0.240249 0.585937 0.240249 0.587500 0.242329 0.589062 0.242329 0.590625 0.246489 0.593750 0.246489 0.595312 0.250649 0.598437 0.250649 0.600000 0.265210 0.610937 0.267290 0.610937 0.273530 0.615625 0.273530 0.620312 0.340093 0.620312 0.340093 0.615625 0.344253 0.612500 0.346333 0.612500 0.350493 0.609375 0.352573 0.609375 0.365054 0.600000 0.365054 0.598437 0.369214 0.595312 0.369214 0.593750 0.371294 0.592187 0.371294 0.589062 0.373374 0.587500 0.373374 0.585937 0.377534 0.582812 0.377534 0.581250 0.379614 0.579687 0.385854 0.579687 0.385854 0.545312 0.379614 0.545312 0.375454 0.542187 0.375454 0.540625 0.373374 0.539062 0.373374 0.537500 0.371294 0.535937 0.371294 0.534375 0.365054 0.529687 0.365054 0.528125 0.360894 0.525000 0.358813 0.525000 0.352573 0.520312 0.350493 0.520312 0.348413 0.518750 0.346333 0.518750 0.344253 0.517187 0.342173 0.517187 0.338013 0.514062 0.338013 0.509375
1 0.937075 0.665625 0.937075 0.670312 0.932915 0.673437 0.930835 0.673437 0.928755 0.675000 0.926675 0.675000 0.920435 0.679688 0.918354 0.679688 0.907954 0.687500 0.907954 0.689062 0.905874 0.690625 0.905874 0.692187 0.901714 0.695312 0.901714 0.696875 0.897554 0.700000 0.897554 0.703125 0.893394 0.706250 0.887153 0.706250 0.887153 0.768750 0.893394 0.768750 0.895474 0.770312 0.895474 0.771875 0.897554 0.773438 0.897554 0.776562 0.899634 0.778125 0.899634 0.779687 0.903794 0.782812 0.903794 0.785937 0.905874 0.787500 0.905874 0.789062 0.907954 0.790625 0.907954 0.792187 0.912114 0.795312 0.912114 0.796875 0.922515 0.804688 0.924595 0.804688 0.934995 0.812500 0.937075 0.812500 0.941235 0.815625 0.943315 0.815625 0.949556 0.820312 0.951636 0.820312 0.953716 0.821875 0.955796 0.821875 0.957876 0.823437 0.959956 0.823437 0.962036 0.825000 0.964116 0.825000 0.968276 0.828125 0.968276 0.832812 1.000000 0.832812 1.000000 0.665625
2 0.496099 0.390625 0.496099 0.395312 0.491938 0.398438 0.489858 0.398438 0.485698 0.401562 0.483618 0.401562 0.483618 0.403125 0.479458 0.406250 0.477378 0.406250 0.475298 0.407812 0.475298 0.409375 0.471138 0.412500 0.462817 0.412500 0.462817 0.457812 0.469058 0.457812 0.475298 0.462500 0.475298 0.464062 0.487778 0.473437 0.489858 0.473437 0.496099 0.478125 0.496099 0.482812 0.548101 0.482812 0.548101 0.478125 0.552261 0.475000 0.554341 0.475000 0.556421 0.473437 0.558501 0.473437 0.566821 0.467187 0.566821 0.465625 0.570981 0.462500 0.577222 0.462500 0.577222 0.407812 0.568901 0.407812 0.560581 0.401562 0.558501 0.401562 0.554341 0.398438 0.552261 0.398438 0.550181 0.396875 0.550181 0.390625
2 0.390015 0.557812 0.390015 0.562500 0.383774 0.567187 0.381694 0.567187 0.377534 0.570312 0.377534 0.571875 0.375454 0.573437 0.375454 0.575000 0.373374 0.576562 0.373374 0.578125 0.369214 0.581250 0.362974 0.581250 0.362974 0.607813 0.369214 0.607813 0.373374 0.610937 0.373374 0.614062 0.375454 0.615625 0.375454 0.618750 0.377534 0.620312 0.377534 0.621875 0.379614 0.623438 0.379614 0.625000 0.392095 0.634375 0.394175 0.634375 0.396255 0.635937 0.398335 0.635937 0.404575 0.640625 0.404575 0.645312 0.456577 0.645312 0.456577 0.640625 0.460737 0.637500 0.462817 0.637500 0.469058 0.632812 0.469058 0.631250 0.471138 0.629687 0.471138 0.628125 0.479458 0.621875 0.479458 0.620312 0.481538 0.618750 0.481538 0.617188 0.483618 0.615625 0.483618 0.614062 0.487778 0.610937 0.494019 0.610937 0.494019 0.562500 0.487778 0.562500 0.483618 0.559375 0.483618 0.557812 0.471138 0.548437 0.469058 0.548437 0.460737 0.542187 0.458657 0.542187 0.456577 0.540625 0.456577 0.534375 0.408735 0.534375 0.408735 0.539062 0.400415 0.545312 0.398335 0.545312 0.398335 0.546875 0.392095 0.551562 0.392095 0.556250 0.390015 0.557812 0.379614 0.556250 0.379614 0.551562 0.373374 0.546875 0.373374 0.545312 0.371294 0.543750 0.371294 0.534375 0.362974 0.534375 0.362974 0.556250 0.375454 0.556250 0.377534 0.557812 0.379614 0.556250
2 0.662505 0.528125 0.662505 0.532812 0.658345 0.535937 0.654185 0.535937 0.652104 0.537500 0.650024 0.537500 0.645864 0.540625 0.643784 0.540625 0.625063 0.554687 0.625063 0.556250 0.618823 0.560937 0.612583 0.560937 0.612583 0.603125 0.620903 0.603125 0.622983 0.604687 0.622983 0.606250 0.625063 0.607813 0.625063 0.609375 0.635464 0.617188 0.635464 0.618750 0.643784 0.625000 0.645864 0.625000 0.652104 0.629687 0.654185 0.629687 0.656265 0.631250 0.658345 0.631250 0.662505 0.634375 0.662505 0.639062 0.706186 0.639062 0.706186 0.634375 0.710347 0.631250 0.712427 0.631250 0.714507 0.629687 0.716587 0.629687 0.718667 0.628125 0.720747 0.628125 0.726987 0.623438 0.729067 0.623438 0.729067 0.621875 0.737388 0.615625 0.737388 0.614062 0.739468 0.612500 0.739468 0.610937 0.741548 0.609375 0.741548 0.607813 0.743628 0.606250 0.743628 0.604687 0.745708 0.603125 0.751948 0.603125 0.751948 0.568750 0.745708 0.568750 0.741548 0.565625 0.741548 0.564062 0.739468 0.562500 0.739468 0.560937 0.737388 0.559375 0.737388 0.557812 0.731147 0.553125 0.731147 0.551562 0.720747 0.543750 0.718667 0.543750 0.712427 0.539062 0.710347 0.539062 0.708267 0.537500 0.706186 0.537500 0.704106 0.535937 0.699946 0.535937 0.695786 0.532812 0.695786 0.528125
1 0.494019 0.896875 0.494019 0.901562 0.487778 0.906250 0.485698 0.906250 0.479458 0.910937 0.477378 0.910937 0.473218 0.914062 0.471138 0.914062 0.466978 0.917187 0.464897 0.917187 0.462817 0.918750 0.458657 0.918750 0.456577 0.920312 0.454497 0.920312 0.452417 0.921875 0.448257 0.921875 0.446177 0.923437 0.442017 0.923437 0.439936 0.925000 0.435776 0.925000 0.433696 0.926562 0.431616 0.926562 0.429536 0.928125 0.427456 0.928125 0.425376 0.929688 0.421216 0.929688 0.419136 0.931250 0.414976 0.931250 0.412896 0.932812 0.410815 0.932812 0.408735 0.934375 0.406655 0.934375 0.404575 0.935937 0.402495 0.935937 0.400415 0.937500 0.398335 0.937500 0.394175 0.940625 0.392095 0.940625 0.383774 0.946875 0.383774 0.948437 0.381694 0.950000 0.381694 0.951562 0.377534 0.954687 0.371294 0.954687 0.371294 0.998437 0.635464 0.998437 0.635464 0.937500 0.627144 0.937500 0.625063 0.939062 0.625063 0.940625 0.622983 0.942187 0.622983 0.945312 0.618823 0.948437 0.616743 0.946875 0.614663 0.946875 0.612583 0.945312 0.612583 0.943750 0.610503 0.942187 0.610503 0.940625 0.604263 0.935937 0.602183 0.935937 0.595942 0.931250 0.595942 0.921875 0.583462 0.912500 0.581382 0.912500 0.579302 0.910937 0.577222 0.910937 0.575142 0.909375 0.573062 0.909375 0.570981 0.907812 0.566821 0.907812 0.564741 0.906250 0.560581 0.906250 0.558501 0.904687 0.554341 0.904687 0.550181 0.901562 0.550181 0.896875
2 0.656265 0.915625 0.656265 0.920312 0.652104 0.923437 0.650024 0.923437 0.647944 0.925000 0.645864 0.925000 0.637544 0.931250 0.635464 0.931250 0.631304 0.934375 0.631304 0.935937 0.625063 0.940625 0.625063 0.942187 0.622983 0.943750 0.622983 0.946875 0.620903 0.948437 0.620903 0.950000 0.618823 0.951562 0.618823 0.953125 0.616743 0.954687 0.616743 0.957812 0.614663 0.959375 0.614663 0.962500 0.612583 0.964062 0.612583 0.965625 0.610503 0.967187 0.604263 0.967187 0.604263 0.998437 0.818511 0.998437 0.818511 0.993750 0.810190 0.993750 0.808110 0.992188 0.808110 0.989062 0.806030 0.987500 0.806030 0.985937 0.803950 0.984375 0.803950 0.982812 0.801870 0.981250 0.801870 0.979687 0.797710 0.976562 0.797710 0.975000 0.783149 0.964062 0.783149 0.962500 0.772749 0.954687 0.772749 0.953125 0.751948 0.937500 0.749868 0.937500 0.747788 0.935937 0.745708 0.935937 0.743628 0.934375 0.741548 0.934375 0.739468 0.932812 0.737388 0.932812 0.735308 0.931250 0.733227 0.931250 0.731147 0.929688 0.729067 0.929688 0.724907 0.926562 0.722827 0.926562 0.720747 0.925000 0.718667 0.925000 0.716587 0.923437 0.714507 0.923437 0.710347 0.920312 0.710347 0.915625
1 0.367134 0.434375 0.367134 0.439062 0.362974 0.442187 0.360894 0.442187 0.348413 0.451562 0.348413 0.453125 0.344253 0.456250 0.342173 0.456250 0.340093 0.457812 0.340093 0.459375 0.335933 0.462500 0.329692 0.462500 0.329692 0.496875 0.335933 0.496875 0.340093 0.500000 0.340093 0.501562 0.348413 0.507812 0.348413 0.510937 0.358813 0.518750 0.360894 0.518750 0.365054 0.521875 0.367134 0.521875 0.369214 0.523437 0.371294 0.523437 0.373374 0.525000 0.377534 0.525000 0.379614 0.526562 0.381694 0.526562 0.383774 0.528125 0.383774 0.532812 0.390015 0.532812 0.390015 0.528125 0.392095 0.526562 0.396255 0.526562 0.398335 0.525000 0.406655 0.525000 0.408735 0.523437 0.412896 0.523437 0.414976 0.521875 0.417056 0.521875 0.421216 0.518750 0.423296 0.518750 0.427456 0.515625 0.429536 0.515625 0.437856 0.509375 0.437856 0.507812 0.442017 0.504687 0.442017 0.503125 0.446177 0.500000 0.452417 0.500000 0.452417 0.464062 0.446177 0.464062 0.442017 0.460938 0.442017 0.459375 0.427456 0.448437 0.425376 0.448437 0.419136 0.443750 0.417056 0.443750 0.414976 0.442187 0.412896 0.442187 0.408735 0.439062 0.408735 0.434375
1 0.629224 0.390625 0.629224 0.395312 0.625063 0.398438 0.620903 0.398438 0.618823 0.400000 0.616743 0.400000 0.600103 0.412500 0.600103 0.414062 0.593862 0.418750 0.593862 0.420312 0.591782 0.421875 0.591782 0.423437 0.589702 0.425000 0.589702 0.426562 0.585542 0.429688 0.579302 0.429688 0.579302 0.456250 0.585542 0.456250 0.591782 0.460938 0.593862 0.460938 0.598022 0.464062 0.598022 0.465625 0.600103 0.467187 0.602183 0.467187 0.610503 0.473437 0.612583 0.473437 0.614663 0.475000 0.616743 0.475000 0.620903 0.478125 0.620903 0.482812 0.660425 0.482812 0.660425 0.478125 0.664585 0.475000 0.668745 0.475000 0.670825 0.473437 0.674985 0.473437 0.677065 0.471875 0.679145 0.471875 0.681226 0.470312 0.683306 0.470312 0.685386 0.468750 0.687466 0.468750 0.691626 0.465625 0.693706 0.465625 0.695786 0.464062 0.695786 0.462500 0.697866 0.460938 0.697866 0.459375 0.699946 0.457812 0.699946 0.456250 0.704106 0.453125 0.710347 0.453125 0.710347 0.423437 0.704106 0.423437 0.699946 0.420312 0.699946 0.418750 0.697866 0.417187 0.697866 0.414062 0.687466 0.406250 0.685386 0.406250 0.679145 0.401562 0.677065 0.401562 0.674985 0.400000 0.672905 0.400000 0.670825 0.398438 0.668745 0.398438 0.664585 0.395312 0.664585 0.390625
1 0.656265 0.915625 0.656265 0.920312 0.652104 0.923437 0.650024 0.923437 0.647944 0.925000 0.645864 0.925000 0.639624 0.929688 0.637544 0.929688 0.629224 0.935937 0.629224 0.937500 0.625063 0.940625 0.625063 0.942187 0.622983 0.943750 0.622983 0.946875 0.620903 0.948437 0.620903 0.950000 0.618823 0.951562 0.618823 0.953125 0.616743 0.954687 0.616743 0.957812 0.614663 0.959375 0.614663 0.962500 0.612583 0.964062 0.612583 0.965625 0.610503 0.967187 0.604263 0.967187 0.604263 0.998437 0.818511 0.998437 0.818511 0.993750 0.810190 0.993750 0.808110 0.992188 0.808110 0.989062 0.806030 0.987500 0.806030 0.985937 0.803950 0.984375 0.803950 0.982812 0.801870 0.981250 0.801870 0.979687 0.797710 0.976562 0.797710 0.975000 0.783149 0.964062 0.783149 0.962500 0.772749 0.954687 0.772749 0.953125 0.764429 0.946875 0.764429 0.945312 0.762349 0.943750 0.760269 0.943750 0.751948 0.937500 0.749868 0.937500 0.747788 0.935937 0.745708 0.935937 0.743628 0.934375 0.741548 0.934375 0.739468 0.932812 0.737388 0.932812 0.735308 0.931250 0.733227 0.931250 0.731147 0.929688 0.729067 0.929688 0.724907 0.926562 0.722827 0.926562 0.720747 0.925000 0.718667 0.925000 0.716587 0.923437 0.714507 0.923437 0.710347 0.920312 0.710347 0.915625
1 0.914194 0.801562 0.916274 0.803125 0.926675 0.803125 0.926675 0.798437 0.918354 0.798437 0.914194 0.801562 0.910034 0.801562 0.910034 0.796875 0.905874 0.793750 0.903794 0.793750 0.899634 0.790625 0.899634 0.784375 0.849712 0.784375 0.849712 0.790625 0.843472 0.795312 0.843472 0.796875 0.841392 0.798437 0.841392 0.800000 0.839311 0.801562 0.839311 0.803125 0.835151 0.806250 0.828911 0.806250 0.828911 0.821875 0.837231 0.821875 0.839311 0.823437 0.839311 0.825000 0.849712 0.832812 0.849712 0.839062 0.885073 0.839062 0.885073 0.832812 0.887153 0.831250 0.889233 0.831250 0.893394 0.828125 0.895474 0.828125 0.901714 0.823437 0.903794 0.823437 0.905874 0.821875 0.905874 0.818750 0.907954 0.817187 0.907954 0.803125 0.910034 0.801562