1 0.423438 0.495833 0.423438 0.502083 0.421875 0.504167 0.420312 0.504167 0.418750 0.506250 0.417188 0.506250 0.415625 0.508333 0.414062 0.508333 0.410937 0.512500 0.409375 0.512500 0.406250 0.516667 0.404687 0.516667 0.404687 0.518750 0.403125 0.520833 0.401563 0.520833 0.392188 0.533333 0.392188 0.535417 0.389062 0.539583 0.384375 0.539583 0.384375 0.602083 0.389062 0.602083 0.392188 0.606250 0.392188 0.608333 0.395312 0.612500 0.395312 0.614583 0.403125 0.625000 0.403125 0.627083 0.409375 0.635417 0.409375 0.637500 0.412500 0.641667 0.414062 0.641667 0.417188 0.645833 0.417188 0.652083 0.459375 0.652083 0.459375 0.645833 0.462500 0.641667 0.465625 0.641667 0.468750 0.637500 0.470313 0.637500 0.471875 0.635417 0.473437 0.635417 0.490625 0.612500 0.495313 0.612500 0.495313 0.543750 0.490625 0.543750 0.485938 0.537500 0.485938 0.535417 0.484375 0.533333 0.484375 0.531250 0.478125 0.522917 0.478125 0.520833 0.471875 0.512500 0.470313 0.512500 0.467187 0.508333 0.465625 0.508333 0.464063 0.506250 0.460938 0.506250 0.457812 0.502083 0.457812 0.495833
0 0.528125 0.445833 0.528125 0.452083 0.525000 0.456250 0.523438 0.456250 0.521875 0.458333 0.517187 0.458333 0.515625 0.460417 0.507812 0.460417 0.506250 0.462500 0.501562 0.462500 0.500000 0.464583 0.496875 0.464583 0.487500 0.477083 0.487500 0.479167 0.485938 0.481250 0.485938 0.483333 0.484375 0.485417 0.478125 0.485417 0.478125 0.529167 0.482812 0.529167 0.484375 0.531250 0.484375 0.533333 0.485938 0.535417 0.485938 0.539583 0.487500 0.541667 0.487500 0.545833 0.489062 0.547917 0.489062 0.550000 0.490625 0.552083 0.490625 0.554167 0.492188 0.556250 0.492188 0.558333 0.493750 0.560417 0.493750 0.564583 0.495313 0.566667 0.495313 0.568750 0.496875 0.570833 0.496875 0.572917 0.498437 0.575000 0.498437 0.577083 0.506250 0.587500 0.507812 0.587500 0.509375 0.589583 0.510938 0.589583 0.512500 0.591667 0.515625 0.591667 0.518750 0.595833 0.518750 0.602083 0.553125 0.602083 0.553125 0.595833 0.556250 0.591667 0.557813 0.591667 0.559375 0.589583 0.560938 0.589583 0.562500 0.587500 0.564062 0.587500 0.567187 0.583333 0.568750 0.583333 0.579687 0.568750 0.579687 0.566667 0.584375 0.560417 0.584375 0.558333 0.585938 0.556250 0.585938 0.554167 0.587500 0.552083 0.587500 0.550000 0.590625 0.545833 0.595312 0.545833 0.595312 0.500000 0.590625 0.500000 0.589063 0.497917 0.589063 0.495833 0.587500 0.493750 0.587500 0.491667 0.585938 0.489583 0.585938 0.487500 0.582812 0.483333 0.582812 0.481250 0.578125 0.475000 0.578125 0.472917 0.567187 0.458333 0.565625 0.458333 0.562500 0.454167 0.562500 0.445833
1 0.482812 0.320833 0.482812 0.327083 0.478125 0.333333 0.476562 0.333333 0.467187 0.345833 0.467187 0.347917 0.464063 0.352083 0.464063 0.354167 0.462500 0.356250 0.462500 0.358333 0.460938 0.360417 0.460938 0.364583 0.457812 0.368750 0.453125 0.368750 0.453125 0.420833 0.457812 0.420833 0.460938 0.425000 0.460938 0.427083 0.462500 0.429167 0.462500 0.431250 0.468750 0.439583 0.468750 0.441667 0.470313 0.443750 0.471875 0.443750 0.476562 0.450000 0.478125 0.450000 0.481250 0.454167 0.481250 0.460417 0.526563 0.460417 0.526563 0.454167 0.532812 0.445833 0.534375 0.445833 0.535937 0.443750 0.537500 0.443750 0.542188 0.437500 0.543750 0.437500 0.550000 0.429167 0.550000 0.427083 0.553125 0.422917 0.553125 0.418750 0.554688 0.416667 0.554688 0.414583 0.556250 0.412500 0.556250 0.410417 0.559375 0.406250 0.564062 0.406250 0.564062 0.372917 0.559375 0.372917 0.556250 0.368750 0.556250 0.364583 0.554688 0.362500 0.554688 0.360417 0.553125 0.358333 0.553125 0.356250 0.548437 0.350000 0.548437 0.347917 0.535937 0.331250 0.534375 0.331250 0.532812 0.329167 0.532812 0.320833
0 0.871875 0.000000 0.871875 0.004167 0.878125 0.004167 0.879687 0.006250 0.879687 0.008333 0.881250 0.010417 0.881250 0.012500 0.882812 0.014583 0.882812 0.018750 0.885938 0.022917 0.885938 0.025000 0.887500 0.027083 0.887500 0.029167 0.889063 0.029167 0.893750 0.035417 0.895312 0.035417 0.898438 0.039583 0.900000 0.039583 0.903125 0.043750 0.903125 0.052083 0.934375 0.052083 0.934375 0.045833 0.937500 0.041667 0.940625 0.041667 0.942187 0.039583 0.945312 0.039583 0.946875 0.037500 0.950000 0.037500 0.951563 0.035417 0.953125 0.035417 0.954687 0.033333 0.956250 0.033333 0.957812 0.031250 0.959375 0.031250 0.962500 0.027083 0.964063 0.027083 0.976562 0.010417 0.982813 0.010417 0.982813 0.000000
2 0.392188 0.337500 0.392188 0.343750 0.389062 0.347917 0.384375 0.347917 0.382812 0.350000 0.381250 0.350000 0.379687 0.352083 0.378125 0.352083 0.373437 0.358333 0.371875 0.358333 0.367188 0.364583 0.367188 0.366667 0.360938 0.375000 0.360938 0.377083 0.356250 0.383333 0.356250 0.385417 0.354688 0.387500 0.354688 0.393750 0.351562 0.397917 0.346875 0.397917 0.346875 0.439583 0.351562 0.439583 0.354688 0.443750 0.354688 0.447917 0.356250 0.450000 0.356250 0.452083 0.360938 0.458333 0.360938 0.460417 0.368750 0.470833 0.368750 0.472917 0.373437 0.479167 0.375000 0.479167 0.378125 0.483333 0.379687 0.483333 0.382812 0.487500 0.382812 0.493750 0.423438 0.493750 0.423438 0.487500 0.426562 0.483333 0.428125 0.483333 0.429688 0.481250 0.431250 0.481250 0.432813 0.479167 0.434375 0.479167 0.437500 0.475000 0.439063 0.475000 0.453125 0.456250 0.457812 0.456250 0.457812 0.379167 0.453125 0.379167 0.448438 0.372917 0.448438 0.370833 0.435937 0.354167 0.434375 0.354167 0.431250 0.350000 0.429688 0.350000 0.428125 0.347917 0.426562 0.347917 0.423438 0.343750 0.423438 0.337500
2 0.260938 0.320833 0.260938 0.327083 0.257812 0.331250 0.256250 0.331250 0.254687 0.333333 0.253125 0.333333 0.251563 0.335417 0.250000 0.335417 0.242188 0.345833 0.242188 0.347917 0.239063 0.352083 0.239063 0.354167 0.237500 0.356250 0.237500 0.358333 0.235938 0.360417 0.235938 0.362500 0.232812 0.366667 0.228125 0.366667 0.228125 0.429167 0.232812 0.429167 0.237500 0.435417 0.237500 0.437500 0.253125 0.458333 0.254687 0.458333 0.257812 0.462500 0.259375 0.462500 0.260938 0.464583 0.264062 0.464583 0.265625 0.466667 0.268750 0.466667 0.270312 0.468750 0.271875 0.468750 0.273438 0.470833 0.273438 0.477083 0.306250 0.477083 0.306250 0.470833 0.307813 0.468750 0.309375 0.468750 0.310937 0.466667 0.312500 0.466667 0.314063 0.464583 0.315625 0.464583 0.317187 0.462500 0.318750 0.462500 0.325000 0.454167 0.326562 0.454167 0.328125 0.452083 0.328125 0.450000 0.332812 0.443750 0.332812 0.441667 0.335938 0.437500 0.335938 0.433333 0.337500 0.431250 0.337500 0.427083 0.340625 0.422917 0.345313 0.422917 0.345313 0.381250 0.340625 0.381250 0.339063 0.379167 0.339063 0.377083 0.337500 0.375000 0.337500 0.370833 0.335938 0.368750 0.335938 0.366667 0.334375 0.364583 0.334375 0.360417 0.329688 0.354167 0.329688 0.352083 0.314063 0.331250 0.312500 0.331250 0.309375 0.327083 0.309375 0.320833
2 0.585938 0.345833 0.585938 0.352083 0.582812 0.356250 0.581250 0.356250 0.579687 0.358333 0.578125 0.358333 0.573438 0.364583 0.571875 0.364583 0.562500 0.377083 0.562500 0.379167 0.560938 0.381250 0.560938 0.385417 0.559375 0.387500 0.559375 0.389583 0.557813 0.391667 0.553125 0.391667 0.553125 0.439583 0.557813 0.439583 0.559375 0.441667 0.559375 0.443750 0.560938 0.445833 0.560938 0.447917 0.582812 0.477083 0.582812 0.479167 0.587500 0.485417 0.587500 0.493750 0.631250 0.493750 0.631250 0.487500 0.635938 0.481250 0.637500 0.481250 0.648438 0.466667 0.648438 0.464583 0.653125 0.458333 0.657812 0.458333 0.657812 0.383333 0.651563 0.383333 0.650000 0.381250 0.650000 0.379167 0.632812 0.356250 0.631250 0.356250 0.628125 0.352083 0.628125 0.345833
1 0.975000 0.085417 0.981250 0.093750 0.981250 0.095833 0.982813 0.097917 0.984375 0.097917 0.984375 0.095833 0.985937 0.093750 0.985937 0.085417 0.979688 0.077083 0.979688 0.062500 0.968750 0.062500 0.968750 0.070833 0.970312 0.072917 0.970312 0.075000 0.973437 0.079167 0.973437 0.081250 0.975000 0.083333 0.975000 0.085417 0.950000 0.108333 0.948438 0.108333 0.942187 0.100000 0.940625 0.100000 0.939062 0.097917 0.937500 0.097917 0.934375 0.093750 0.932813 0.093750 0.929688 0.089583 0.928125 0.089583 0.925000 0.085417 0.923437 0.085417 0.921875 0.083333 0.920313 0.083333 0.917188 0.079167 0.915625 0.079167 0.912500 0.075000 0.910937 0.075000 0.909375 0.072917 0.907812 0.072917 0.904688 0.068750 0.904688 0.062500 0.831250 0.062500 0.831250 0.068750 0.829687 0.070833 0.828125 0.070833 0.826563 0.072917 0.823438 0.072917 0.821875 0.075000 0.820312 0.075000 0.818750 0.077083 0.815625 0.077083 0.812500 0.081250 0.810938 0.081250 0.807813 0.085417 0.806250 0.085417 0.803125 0.089583 0.801562 0.089583 0.800000 0.091667 0.798437 0.091667 0.795313 0.095833 0.784375 0.095833 0.784375 0.158333 0.789062 0.158333 0.792188 0.162500 0.792188 0.168750 0.793750 0.170833 0.793750 0.172917 0.795313 0.175000 0.796875 0.175000 0.815625 0.200000 0.815625 0.202083 0.821875 0.210417 0.821875 0.212500 0.826563 0.218750 0.826563 0.220833 0.829687 0.225000 0.829687 0.227083 0.831250 0.229167 0.831250 0.233333 0.832812 0.235417 0.832812 0.237500 0.834375 0.239583 0.834375 0.241667 0.837500 0.245833 0.837500 0.247917 0.842188 0.254167 0.842188 0.256250 0.843750 0.258333 0.843750 0.260417 0.846875 0.264583 0.846875 0.266667 0.859375 0.283333 0.859375 0.285417 0.860937 0.285417 0.867188 0.293750 0.868750 0.293750 0.871875 0.297917 0.873438 0.297917 0.875000 0.300000 0.876562 0.300000 0.879687 0.304167 0.881250 0.304167 0.882812 0.306250 0.884375 0.306250 0.885938 0.308333 0.887500 0.308333 0.889063 0.310417 0.890625 0.310417 0.893750 0.314583 0.896875 0.314583 0.898438 0.316667 0.900000 0.316667 0.903125 0.320833 0.903125 0.327083 0.943750 0.327083 0.943750 0.320833 0.945312 0.318750 0.946875 0.318750 0.948438 0.316667 0.951563 0.316667 0.953125 0.314583 0.956250 0.314583 0.957812 0.312500 0.959375 0.312500 0.960938 0.310417 0.962500 0.310417 0.964063 0.308333 0.965625 0.308333 0.967188 0.306250 0.968750 0.306250 0.971875 0.302083 0.973437 0.302083 0.981250 0.291667 0.981250 0.289583 0.984375 0.285417 0.984375 0.283333 0.987500 0.279167 0.987500 0.275000 0.990625 0.270833 0.995313 0.270833 0.995313 0.181250 0.990625 0.181250 0.989062 0.179167 0.989062 0.177083 0.987500 0.175000 0.987500 0.166667 0.985937 0.164583 0.985937 0.162500 0.982813 0.158333 0.982813 0.156250 0.981250 0.154167 0.981250 0.152083 0.979688 0.150000 0.979688 0.147917 0.975000 0.141667 0.975000 0.139583 0.973437 0.139583 0.950000 0.108333
2 0.337500 0.570833 0.337500 0.577083 0.335938 0.579167 0.334375 0.579167 0.332812 0.581250 0.329688 0.581250 0.328125 0.583333 0.326562 0.583333 0.325000 0.585417 0.323438 0.585417 0.321875 0.587500 0.320312 0.587500 0.318750 0.589583 0.317187 0.589583 0.314063 0.593750 0.312500 0.593750 0.312500 0.595833 0.310937 0.597917 0.309375 0.597917 0.306250 0.602083 0.306250 0.604167 0.300000 0.612500 0.300000 0.614583 0.298438 0.616667 0.298438 0.618750 0.295312 0.622917 0.290625 0.622917 0.290625 0.687500 0.296875 0.687500 0.298438 0.689583 0.298438 0.691667 0.300000 0.693750 0.300000 0.695833 0.303125 0.700000 0.303125 0.702083 0.307813 0.708333 0.307813 0.710417 0.315625 0.720833 0.317187 0.720833 0.320312 0.725000 0.321875 0.725000 0.325000 0.729167 0.325000 0.735417 0.371875 0.735417 0.371875 0.729167 0.375000 0.725000 0.376563 0.725000 0.378125 0.722917 0.379687 0.722917 0.381250 0.720833 0.382812 0.720833 0.387500 0.714583 0.389062 0.714583 0.396875 0.704167 0.396875 0.702083 0.401563 0.695833 0.401563 0.693750 0.403125 0.691667 0.403125 0.689583 0.404687 0.687500 0.404687 0.683333 0.406250 0.681250 0.406250 0.679167 0.409375 0.675000 0.414062 0.675000 0.414062 0.637500 0.409375 0.637500 0.400000 0.625000 0.400000 0.622917 0.392188 0.612500 0.392188 0.610417 0.390625 0.608333 0.390625 0.606250 0.389062 0.604167 0.389062 0.602083 0.385938 0.597917 0.385938 0.595833 0.378125 0.585417 0.376563 0.585417 0.375000 0.583333 0.373437 0.583333 0.371875 0.581250 0.368750 0.581250 0.365625 0.577083 0.365625 0.570833
2 0.471875 0.629167 0.471875 0.637500 0.470313 0.639583 0.468750 0.639583 0.465625 0.643750 0.462500 0.643750 0.460938 0.645833 0.457812 0.645833 0.454688 0.650000 0.453125 0.650000 0.446875 0.658333 0.445312 0.658333 0.445312 0.660417 0.442187 0.664583 0.442187 0.666667 0.439063 0.670833 0.434375 0.670833 0.434375 0.733333 0.439063 0.733333 0.443750 0.739583 0.443750 0.741667 0.451562 0.752083 0.451562 0.754167 0.453125 0.756250 0.454688 0.756250 0.460938 0.764583 0.462500 0.764583 0.467187 0.770833 0.467187 0.777083 0.515625 0.777083 0.515625 0.770833 0.520312 0.764583 0.521875 0.764583 0.523438 0.762500 0.525000 0.762500 0.534375 0.750000 0.534375 0.747917 0.539062 0.741667 0.539062 0.739583 0.540625 0.737500 0.540625 0.735417 0.542188 0.733333 0.542188 0.731250 0.543750 0.729167 0.543750 0.727083 0.546875 0.722917 0.551562 0.722917 0.551562 0.685417 0.546875 0.685417 0.543750 0.681250 0.543750 0.677083 0.542188 0.675000 0.542188 0.670833 0.540625 0.668750 0.540625 0.666667 0.539062 0.664583 0.539062 0.662500 0.523438 0.641667 0.521875 0.641667 0.517187 0.635417 0.517187 0.629167
2 0.000000 0.000000 0.000000 0.168750 0.093750 0.168750 0.093750 0.162500 0.101562 0.152083 0.107813 0.152083 0.107813 0.089583 0.101562 0.089583 0.098438 0.093750 0.098438 0.095833 0.100000 0.097917 0.100000 0.100000 0.101562 0.102083 0.101562 0.104167 0.100000 0.106250 0.100000 0.110417 0.092188 0.120833 0.090625 0.120833 0.089062 0.122917 0.085938 0.118750 0.085938 0.110417 0.087500 0.108333 0.087500 0.106250 0.095312 0.095833 0.095312 0.083333 0.096875 0.081250 0.096875 0.077083 0.098438 0.075000 0.098438 0.033333 0.096875 0.031250 0.096875 0.027083 0.095312 0.025000 0.095312 0.018750 0.093750 0.016667 0.093750 0.000000
1 0.971875 0.000000 0.971875 0.045833 0.978125 0.045833 0.979688 0.047917 0.979688 0.050000 0.982813 0.054167 0.982813 0.056250 0.985937 0.060417 0.985937 0.064583 0.989062 0.068750 0.989062 0.072917 0.990625 0.075000 0.990625 0.077083 0.992188 0.079167 0.992188 0.081250 0.993750 0.083333 0.993750 0.087500 0.995313 0.089583 0.995313 0.102083 0.998438 0.102083 0.998438 0.000000
2 0.185937 0.952083 0.187500 0.954167 0.187500 0.958333 0.189063 0.960417 0.189063 0.962500 0.193750 0.968750 0.195312 0.968750 0.196875 0.970833 0.198437 0.970833 0.200000 0.972917 0.207813 0.972917 0.209375 0.975000 0.212500 0.975000 0.214062 0.977083 0.214062 0.979167 0.212500 0.981250 0.210938 0.981250 0.209375 0.983333 0.206250 0.983333 0.204688 0.985417 0.198437 0.985417 0.198437 0.987500 0.201562 0.987500 0.203125 0.989583 0.204688 0.989583 0.207813 0.993750 0.207813 0.997917 0.220313 0.997917 0.220313 0.902083 0.214062 0.902083 0.212500 0.904167 0.210938 0.904167 0.204688 0.912500 0.203125 0.912500 0.198437 0.918750 0.196875 0.918750 0.192188 0.925000 0.192188 0.927083 0.190625 0.929167 0.190625 0.931250 0.189063 0.933333 0.189063 0.939583 0.187500 0.941667 0.187500 0.950000 0.185937 0.952083 0.181250 0.954167 0.181250 0.950000 0.179688 0.947917 0.179688 0.941667 0.178125 0.939583 0.178125 0.937500 0.176563 0.935417 0.173438 0.939583 0.162500 0.939583 0.159375 0.943750 0.157813 0.943750 0.156250 0.941667 0.156250 0.939583 0.154687 0.937500 0.154687 0.935417 0.153125 0.933333 0.153125 0.931250 0.146875 0.931250 0.145313 0.929167 0.145313 0.927083 0.148438 0.922917 0.150000 0.922917 0.150000 0.916667 0.148438 0.914583 0.148438 0.910417 0.150000 0.908333 0.150000 0.906250 0.151562 0.904167 0.151562 0.902083 0.154687 0.897917 0.154687 0.895833 0.156250 0.893750 0.156250 0.891667 0.157813 0.889583 0.157813 0.887500 0.159375 0.885417 0.160938 0.885417 0.162500 0.883333 0.162500 0.881250 0.168750 0.872917 0.168750 0.870833 0.171875 0.866667 0.173438 0.866667 0.173438 0.864583 0.179688 0.856250 0.179688 0.854167 0.184375 0.847917 0.184375 0.845833 0.193750 0.833333 0.193750 0.831250 0.198437 0.825000 0.200000 0.825000 0.212500 0.808333 0.212500 0.806250 0.215625 0.802083 0.220313 0.802083 0.220313 0.716667 0.215625 0.716667 0.214062 0.714583 0.214062 0.710417 0.212500 0.708333 0.212500 0.702083 0.210938 0.700000 0.210938 0.695833 0.209375 0.693750 0.209375 0.685417 0.207813 0.683333 0.207813 0.685417 0.206250 0.687500 0.206250 0.689583 0.204688 0.691667 0.204688 0.693750 0.203125 0.695833 0.196875 0.695833 0.195312 0.693750 0.193750 0.693750 0.192188 0.691667 0.190625 0.691667 0.189063 0.689583 0.179688 0.689583 0.178125 0.691667 0.171875 0.691667 0.167187 0.685417 0.167187 0.670833 0.137500 0.670833 0.137500 0.679167 0.134375 0.683333 0.132812 0.683333 0.131250 0.685417 0.129688 0.685417 0.128125 0.687500 0.121875 0.687500 0.120312 0.685417 0.120312 0.683333 0.121875 0.681250 0.121875 0.670833 0.000000 0.670833 0.000000 0.689583 0.004688 0.689583 0.006250 0.691667 0.007812 0.691667 0.010937 0.695833 0.010937 0.697917 0.009375 0.700000 0.009375 0.702083 0.007812 0.704167 0.004688 0.704167 0.003125 0.706250 0.000000 0.706250 0.000000 0.991667 0.003125 0.991667 0.004688 0.993750 0.004688 0.997917 0.120312 0.997917 0.120312 0.985417 0.118750 0.985417 0.115625 0.981250 0.114063 0.981250 0.112500 0.979167 0.109375 0.979167 0.106250 0.975000 0.104687 0.975000 0.101562 0.970833 0.101562 0.968750 0.098438 0.964583 0.098438 0.960417 0.101562 0.956250 0.103125 0.956250 0.104687 0.954167 0.114063 0.954167 0.115625 0.956250 0.123438 0.956250 0.125000 0.958333 0.129688 0.958333 0.131250 0.960417 0.134375 0.960417 0.135937 0.962500 0.140625 0.962500 0.142188 0.964583 0.146875 0.964583 0.148438 0.966667 0.150000 0.966667 0.151562 0.968750 0.154687 0.968750 0.156250 0.970833 0.165625 0.970833 0.167187 0.968750 0.170312 0.968750 0.173438 0.964583 0.173438 0.962500 0.178125 0.956250 0.179688 0.956250 0.181250 0.954167
2 0.279687 0.020833 0.279687 0.027083 0.276563 0.031250 0.273438 0.031250 0.271875 0.033333 0.268750 0.033333 0.267188 0.035417 0.265625 0.035417 0.262500 0.039583 0.260938 0.039583 0.259375 0.041667 0.257812 0.041667 0.256250 0.043750 0.254687 0.043750 0.251563 0.047917 0.250000 0.047917 0.248437 0.050000 0.246875 0.050000 0.243750 0.054167 0.242188 0.054167 0.239063 0.058333 0.237500 0.058333 0.232812 0.064583 0.231250 0.064583 0.225000 0.072917 0.225000 0.075000 0.218750 0.083333 0.218750 0.085417 0.217187 0.087500 0.217187 0.089583 0.214062 0.093750 0.209375 0.093750 0.209375 0.133333 0.214062 0.133333 0.217187 0.137500 0.217187 0.141667 0.218750 0.143750 0.218750 0.145833 0.223438 0.152083 0.223438 0.154167 0.225000 0.156250 0.226562 0.156250 0.232812 0.164583 0.234375 0.164583 0.239063 0.170833 0.239063 0.177083 0.285937 0.177083 0.285937 0.170833 0.289062 0.166667 0.293750 0.166667 0.295312 0.164583 0.301562 0.164583 0.303125 0.162500 0.307813 0.162500 0.309375 0.160417 0.310937 0.160417 0.312500 0.158333 0.315625 0.158333 0.317187 0.156250 0.320312 0.156250 0.321875 0.154167 0.328125 0.154167 0.329688 0.152083 0.332812 0.152083 0.335938 0.147917 0.337500 0.147917 0.339063 0.145833 0.340625 0.145833 0.342187 0.143750 0.343750 0.143750 0.348437 0.137500 0.350000 0.137500 0.351562 0.135417 0.350000 0.133333 0.350000 0.129167 0.353125 0.125000 0.359375 0.125000 0.360938 0.122917 0.364062 0.122917 0.365625 0.120833 0.370313 0.120833 0.371875 0.118750 0.376563 0.118750 0.378125 0.116667 0.384375 0.116667 0.387500 0.112500 0.387500 0.110417 0.389062 0.108333 0.395312 0.108333 0.395312 0.075000 0.390625 0.075000 0.387500 0.070833 0.387500 0.066667 0.385938 0.064583 0.385938 0.060417 0.381250 0.054167 0.381250 0.052083 0.376563 0.045833 0.376563 0.043750 0.371875 0.037500 0.371875 0.035417 0.370313 0.035417 0.368750 0.033333 0.367188 0.033333 0.364062 0.029167 0.362500 0.029167 0.360938 0.027083 0.360938 0.020833