0 0.360894 0.296875 0.360894 0.301562 0.354653 0.306250 0.350493 0.306250 0.346333 0.309375 0.344253 0.309375 0.340093 0.312500 0.338013 0.312500 0.329692 0.318750 0.327612 0.318750 0.327612 0.320312 0.323452 0.323437 0.323452 0.325000 0.319292 0.328125 0.319292 0.329687 0.317212 0.331250 0.317212 0.332812 0.315132 0.334375 0.315132 0.335938 0.310972 0.339062 0.304731 0.339062 0.304731 0.367188 0.310972 0.367188 0.315132 0.370312 0.315132 0.371875 0.317212 0.373437 0.317212 0.375000 0.319292 0.376562 0.319292 0.378125 0.323452 0.381250 0.323452 0.382812 0.338013 0.393750 0.340093 0.393750 0.344253 0.396875 0.346333 0.396875 0.348413 0.398438 0.350493 0.398438 0.352573 0.400000 0.354653 0.400000 0.358813 0.403125 0.358813 0.407812 0.402495 0.407812 0.402495 0.403125 0.406655 0.400000 0.410815 0.400000 0.412896 0.398438 0.414976 0.398438 0.417056 0.396875 0.419136 0.396875 0.425376 0.392187 0.427456 0.392187 0.437856 0.384375 0.437856 0.382812 0.439936 0.381250 0.439936 0.379687 0.446177 0.375000 0.452417 0.375000 0.452417 0.329687 0.446177 0.329687 0.439936 0.325000 0.439936 0.323437 0.437856 0.321875 0.437856 0.320312 0.425376 0.310937 0.423296 0.310937 0.417056 0.306250 0.414976 0.306250 0.412896 0.304688 0.408735 0.304688 0.404575 0.301562 0.404575 0.296875
0 0.252729 0.515625 0.252729 0.520312 0.248569 0.523437 0.244409 0.523437 0.242329 0.525000 0.240249 0.525000 0.231929 0.531250 0.229849 0.531250 0.217368 0.540625 0.217368 0.542187 0.211128 0.546875 0.211128 0.548437 0.206968 0.551562 0.206968 0.554687 0.202808 0.557812 0.196567 0.557812 0.196567 0.593750 0.202808 0.593750 0.206968 0.596875 0.206968 0.598437 0.209048 0.600000 0.209048 0.601562 0.211128 0.603125 0.211128 0.604687 0.217368 0.609375 0.217368 0.610937 0.227769 0.618750 0.229849 0.618750 0.236089 0.623438 0.238169 0.623438 0.240249 0.625000 0.242329 0.625000 0.246489 0.628125 0.246489 0.632812 0.308892 0.632812 0.308892 0.628125 0.313052 0.625000 0.315132 0.625000 0.317212 0.623438 0.319292 0.623438 0.323452 0.620312 0.325532 0.620312 0.335933 0.612500 0.335933 0.610937 0.340093 0.607813 0.340093 0.606250 0.346333 0.601562 0.352573 0.601562 0.352573 0.546875 0.346333 0.546875 0.342173 0.543750 0.342173 0.542187 0.340093 0.540625 0.340093 0.539062 0.327612 0.529687 0.325532 0.529687 0.319292 0.525000 0.317212 0.525000 0.315132 0.523437 0.313052 0.523437 0.308892 0.520312 0.308892 0.515625
0 0.510659 0.490625 0.510659 0.495312 0.506499 0.498437 0.504419 0.498437 0.502339 0.500000 0.500259 0.500000 0.477378 0.517187 0.477378 0.518750 0.475298 0.520312 0.475298 0.521875 0.473218 0.523437 0.473218 0.525000 0.469058 0.528125 0.462817 0.528125 0.462817 0.562500 0.469058 0.562500 0.473218 0.565625 0.473218 0.567187 0.475298 0.568750 0.475298 0.570312 0.477378 0.571875 0.477378 0.573437 0.481538 0.576562 0.481538 0.578125 0.483618 0.579687 0.483618 0.581250 0.485698 0.582812 0.485698 0.584375 0.500259 0.595312 0.500259 0.601562 0.575142 0.601562 0.575142 0.596875 0.583462 0.590625 0.585542 0.590625 0.595942 0.582812 0.595942 0.581250 0.600103 0.578125 0.600103 0.576562 0.602183 0.575000 0.610503 0.575000 0.610503 0.518750 0.604263 0.518750 0.598022 0.514062 0.598022 0.512500 0.593862 0.509375 0.591782 0.509375 0.585542 0.504687 0.583462 0.504687 0.577222 0.500000 0.575142 0.500000 0.573062 0.498437 0.570981 0.498437 0.568901 0.496875 0.568901 0.490625
1 0.510659 0.603125 0.510659 0.607813 0.504419 0.612500 0.502339 0.612500 0.498179 0.615625 0.496099 0.615625 0.485698 0.623438 0.485698 0.625000 0.477378 0.631250 0.477378 0.632812 0.475298 0.634375 0.475298 0.635937 0.471138 0.639062 0.471138 0.640625 0.469058 0.642187 0.469058 0.643750 0.466978 0.645312 0.466978 0.646875 0.464897 0.648438 0.464897 0.650000 0.460737 0.653125 0.454497 0.653125 0.454497 0.689062 0.460737 0.689062 0.466978 0.693750 0.466978 0.695312 0.473218 0.700000 0.473218 0.701562 0.489858 0.714062 0.489858 0.720312 0.581382 0.720312 0.581382 0.715625 0.585542 0.712500 0.587622 0.712500 0.616743 0.690625 0.616743 0.689062 0.620903 0.685937 0.627144 0.685937 0.627144 0.643750 0.620903 0.643750 0.618823 0.642187 0.618823 0.640625 0.616743 0.639062 0.616743 0.637500 0.614663 0.635937 0.614663 0.634375 0.612583 0.632812 0.612583 0.631250 0.608423 0.628125 0.608423 0.626562 0.602183 0.621875 0.600103 0.621875 0.593862 0.617188 0.591782 0.617188 0.585542 0.612500 0.583462 0.612500 0.581382 0.610937 0.579302 0.610937 0.575142 0.607813 0.575142 0.603125
1 0.338013 0.434375 0.338013 0.439062 0.331772 0.443750 0.329692 0.443750 0.325532 0.446875 0.323452 0.446875 0.310972 0.456250 0.310972 0.457812 0.306812 0.460938 0.306812 0.462500 0.302651 0.465625 0.296411 0.465625 0.296411 0.504687 0.304731 0.504687 0.306812 0.506250 0.306812 0.507812 0.310972 0.510937 0.310972 0.512500 0.319292 0.518750 0.319292 0.520312 0.321372 0.520312 0.329692 0.526562 0.331772 0.526562 0.335933 0.529687 0.338013 0.529687 0.340093 0.531250 0.342173 0.531250 0.346333 0.534375 0.346333 0.539062 0.396255 0.539062 0.396255 0.534375 0.400415 0.531250 0.402495 0.531250 0.404575 0.529687 0.406655 0.529687 0.408735 0.528125 0.410815 0.528125 0.423296 0.518750 0.423296 0.517187 0.429536 0.512500 0.435776 0.512500 0.435776 0.460938 0.427456 0.460938 0.425376 0.459375 0.425376 0.457812 0.423296 0.456250 0.423296 0.454687 0.408735 0.443750 0.406655 0.443750 0.400415 0.439062 0.400415 0.434375
1 0.974517 0.721875 0.974517 0.726562 0.970356 0.729687 0.968276 0.729687 0.966196 0.731250 0.964116 0.731250 0.962036 0.732812 0.959956 0.732812 0.955796 0.735937 0.953716 0.735937 0.945395 0.742188 0.943315 0.742188 0.922515 0.757812 0.922515 0.759375 0.920435 0.760937 0.918354 0.760937 0.916274 0.762500 0.916274 0.764062 0.901714 0.775000 0.895474 0.775000 0.895474 0.829687 0.901714 0.829687 0.905874 0.832812 0.905874 0.835938 0.907954 0.837500 0.907954 0.839062 0.912114 0.842187 0.912114 0.843750 0.914194 0.845312 0.914194 0.848437 0.916274 0.850000 0.916274 0.854687 0.918354 0.856250 0.918354 0.859375 0.922515 0.862500 0.922515 0.864062 0.924595 0.865625 0.924595 0.867188 0.928755 0.870312 0.928755 0.871875 0.930835 0.873437 0.930835 0.875000 0.951636 0.890625 0.953716 0.890625 0.959956 0.895312 0.962036 0.895312 0.966196 0.898438 0.968276 0.898438 0.974517 0.903125 0.974517 0.907812 1.000000 0.907812 1.000000 0.721875
1 0.186167 0.940625 0.186167 0.945312 0.182007 0.948437 0.179927 0.948437 0.177847 0.950000 0.175767 0.950000 0.171606 0.953125 0.169526 0.953125 0.167446 0.954687 0.165366 0.954687 0.163286 0.956250 0.161206 0.956250 0.159126 0.957812 0.157046 0.957812 0.152886 0.960938 0.150806 0.960938 0.148726 0.962500 0.146646 0.962500 0.142485 0.965625 0.140405 0.965625 0.138325 0.967187 0.136245 0.967187 0.134165 0.968750 0.132085 0.968750 0.121685 0.976562 0.119604 0.976562 0.119604 0.978125 0.113364 0.982812 0.111284 0.982812 0.111284 0.984375 0.107124 0.987500 0.107124 0.989062 0.102964 0.992188 0.096724 0.992188 0.096724 0.998437 0.261050 0.998437 0.261050 0.979687 0.254810 0.979687 0.252729 0.978125 0.252729 0.976562 0.250649 0.975000 0.250649 0.968750 0.248569 0.967187 0.248569 0.964062 0.246489 0.962500 0.246489 0.960938 0.244409 0.959375 0.244409 0.957812 0.242329 0.956250 0.242329 0.954687 0.238169 0.951562 0.238169 0.950000 0.236089 0.948437 0.236089 0.946875 0.234009 0.945312 0.234009 0.940625
1 0.616743 0.390625 0.616743 0.395312 0.612583 0.398438 0.610503 0.398438 0.593862 0.410937 0.593862 0.412500 0.589702 0.415625 0.589702 0.417187 0.585542 0.420312 0.579302 0.420312 0.579302 0.467187 0.585542 0.467187 0.591782 0.471875 0.591782 0.473437 0.600103 0.479687 0.600103 0.481250 0.606343 0.485937 0.608423 0.485937 0.612583 0.489062 0.612583 0.495312 0.689546 0.495312 0.689546 0.490625 0.693706 0.487500 0.695786 0.487500 0.699946 0.484375 0.702026 0.484375 0.712427 0.476562 0.712427 0.475000 0.716587 0.471875 0.716587 0.470312 0.720747 0.467187 0.726987 0.467187 0.726987 0.418750 0.720747 0.418750 0.716587 0.415625 0.716587 0.414062 0.712427 0.410937 0.712427 0.409375 0.706186 0.404687 0.704106 0.404687 0.695786 0.398438 0.693706 0.398438 0.689546 0.395312 0.689546 0.390625
2 0.352573 0.573437 0.350493 0.575000 0.350493 0.581250 0.352573 0.582812 0.352573 0.589062 0.344253 0.595312 0.338013 0.595312 0.338013 0.606250 0.344253 0.606250 0.348413 0.609375 0.348413 0.610937 0.350493 0.612500 0.350493 0.615625 0.352573 0.617188 0.352573 0.625000 0.350493 0.626562 0.350493 0.635937 0.352573 0.637500 0.352573 0.640625 0.356733 0.643750 0.356733 0.645312 0.362974 0.650000 0.362974 0.651562 0.367134 0.654687 0.369214 0.654687 0.377534 0.660937 0.379614 0.660937 0.385854 0.665625 0.385854 0.670312 0.448257 0.670312 0.448257 0.665625 0.452417 0.662500 0.452417 0.660937 0.458657 0.656250 0.458657 0.654687 0.462817 0.651562 0.462817 0.650000 0.464897 0.648438 0.464897 0.646875 0.466978 0.645312 0.466978 0.643750 0.469058 0.642187 0.469058 0.639062 0.471138 0.637500 0.471138 0.635937 0.475298 0.632812 0.475298 0.631250 0.479458 0.628125 0.479458 0.626562 0.487778 0.620312 0.494019 0.620312 0.494019 0.593750 0.487778 0.593750 0.485698 0.592187 0.485698 0.590625 0.483618 0.589062 0.483618 0.585937 0.481538 0.584375 0.481538 0.582812 0.477378 0.579687 0.477378 0.578125 0.469058 0.571875 0.469058 0.570312 0.464897 0.567187 0.462817 0.567187 0.456577 0.562500 0.454497 0.562500 0.452417 0.560937 0.450337 0.560937 0.448257 0.559375 0.448257 0.553125 0.392095 0.553125 0.392095 0.559375 0.390015 0.560937 0.387935 0.560937 0.385854 0.562500 0.383774 0.562500 0.360894 0.579687 0.358813 0.579687 0.354653 0.576562 0.354653 0.575000 0.352573 0.573437 0.346333 0.564062 0.346333 0.553125 0.338013 0.553125 0.338013 0.564062 0.346333 0.564062
2 0.660425 0.559375 0.660425 0.564062 0.654185 0.568750 0.652104 0.568750 0.643784 0.575000 0.641704 0.575000 0.631304 0.582812 0.631304 0.584375 0.627144 0.587500 0.627144 0.589062 0.625063 0.590625 0.625063 0.592187 0.622983 0.593750 0.622983 0.595312 0.620903 0.596875 0.620903 0.598437 0.618823 0.600000 0.612583 0.600000 0.612583 0.639062 0.618823 0.639062 0.625063 0.643750 0.625063 0.645312 0.629224 0.648438 0.629224 0.650000 0.637544 0.656250 0.637544 0.657812 0.645864 0.664062 0.647944 0.664062 0.650024 0.665625 0.652104 0.665625 0.654185 0.667187 0.656265 0.667187 0.662505 0.671875 0.662505 0.676562 0.710347 0.676562 0.710347 0.671875 0.714507 0.668750 0.716587 0.668750 0.718667 0.667187 0.720747 0.667187 0.722827 0.665625 0.724907 0.665625 0.726987 0.664062 0.729067 0.664062 0.735308 0.659375 0.737388 0.659375 0.745708 0.653125 0.745708 0.651562 0.747788 0.650000 0.747788 0.648438 0.754028 0.643750 0.760269 0.643750 0.760269 0.592187 0.754028 0.592187 0.747788 0.587500 0.747788 0.585937 0.731147 0.573437 0.729067 0.573437 0.722827 0.568750 0.720747 0.568750 0.718667 0.567187 0.716587 0.567187 0.712427 0.564062 0.712427 0.559375
2 0.491938 0.384375 0.491938 0.389062 0.487778 0.392187 0.485698 0.392187 0.483618 0.393750 0.481538 0.393750 0.477378 0.396875 0.475298 0.396875 0.471138 0.400000 0.469058 0.400000 0.466978 0.401562 0.466978 0.403125 0.458657 0.409375 0.458657 0.410937 0.456577 0.412500 0.456577 0.414062 0.454497 0.415625 0.446177 0.415625 0.446177 0.457812 0.452417 0.457812 0.456577 0.460938 0.456577 0.462500 0.458657 0.464062 0.458657 0.465625 0.466978 0.471875 0.466978 0.473437 0.477378 0.481250 0.477378 0.482812 0.479458 0.484375 0.481538 0.484375 0.485698 0.487500 0.487778 0.487500 0.489858 0.489062 0.491938 0.489062 0.494019 0.490625 0.494019 0.495312 0.525220 0.495312 0.525220 0.490625 0.527300 0.489062 0.531460 0.489062 0.533540 0.487500 0.539780 0.487500 0.541860 0.485937 0.546021 0.485937 0.552261 0.481250 0.554341 0.481250 0.558501 0.478125 0.560581 0.478125 0.568901 0.471875 0.568901 0.470312 0.573062 0.467187 0.573062 0.464062 0.575142 0.462500 0.575142 0.460938 0.579302 0.457812 0.585542 0.457812 0.585542 0.415625 0.579302 0.415625 0.575142 0.412500 0.575142 0.410937 0.570981 0.407812 0.570981 0.406250 0.562661 0.400000 0.560581 0.400000 0.552261 0.393750 0.550181 0.393750 0.548101 0.392187 0.546021 0.392187 0.541860 0.389062 0.541860 0.384375
1 0.860112 0.834375 0.860112 0.839062 0.858032 0.840625 0.858032 0.843750 0.855952 0.845312 0.855952 0.846875 0.851792 0.850000 0.851792 0.851562 0.849712 0.853125 0.849712 0.854687 0.847632 0.856250 0.847632 0.857812 0.843472 0.860937 0.837231 0.860937 0.837231 0.893750 0.843472 0.893750 0.849712 0.898438 0.849712 0.900000 0.860112 0.907812 0.860112 0.914062 0.891313 0.914062 0.891313 0.909375 0.895474 0.906250 0.897554 0.906250 0.899634 0.904687 0.901714 0.904687 0.914194 0.895312 0.914194 0.893750 0.912114 0.892187 0.912114 0.889062 0.910034 0.887500 0.910034 0.884375 0.901714 0.878125 0.901714 0.865625 0.903794 0.864062 0.903794 0.862500 0.905874 0.860937 0.905874 0.857812 0.907954 0.856250 0.907954 0.846875 0.905874 0.845312 0.905874 0.834375
1 0.756108 0.784375 0.756108 0.789062 0.754028 0.790625 0.754028 0.792187 0.751948 0.793750 0.751948 0.809375 0.754028 0.810937 0.754028 0.814062 0.751948 0.815625 0.751948 0.818750 0.749868 0.820312 0.749868 0.821875 0.745708 0.825000 0.743628 0.825000 0.743628 0.826562 0.735308 0.832812 0.729067 0.832812 0.729067 0.860937 0.737388 0.860937 0.741548 0.864062 0.741548 0.870312 0.783149 0.870312 0.783149 0.865625 0.787310 0.862500 0.791470 0.862500 0.793550 0.860937 0.799790 0.860937 0.801870 0.859375 0.808110 0.859375 0.810190 0.857812 0.812270 0.857812 0.814351 0.859375 0.822671 0.859375 0.824751 0.860937 0.841392 0.860937 0.843472 0.862500 0.843472 0.864062 0.843472 0.862500 0.845552 0.860937 0.845552 0.857812 0.851792 0.853125 0.851792 0.851562 0.853872 0.850000 0.853872 0.846875 0.855952 0.845312 0.855952 0.843750 0.860112 0.840625 0.868433 0.840625 0.868433 0.812500 0.862192 0.812500 0.858032 0.809375 0.858032 0.806250 0.855952 0.804688 0.855952 0.803125 0.853872 0.801562 0.853872 0.800000 0.849712 0.796875 0.849712 0.795312 0.847632 0.793750 0.847632 0.792187 0.845552 0.792187 0.843472 0.790625 0.841392 0.790625 0.839311 0.789062 0.839311 0.784375
1 0.814351 0.703125 0.814351 0.707812 0.810190 0.710938 0.806030 0.710938 0.803950 0.712500 0.801870 0.712500 0.799790 0.714062 0.797710 0.714062 0.793550 0.717187 0.791470 0.717187 0.789390 0.718750 0.787310 0.718750 0.760269 0.739062 0.760269 0.740625 0.758188 0.742188 0.758188 0.745312 0.756108 0.746875 0.756108 0.748437 0.751948 0.751562 0.745708 0.751562 0.745708 0.782812 0.756108 0.782812 0.758188 0.784375 0.758188 0.789062 0.826831 0.789062 0.826831 0.784375 0.828911 0.782812 0.843472 0.782812 0.845552 0.781250 0.851792 0.781250 0.858032 0.776562 0.858032 0.771875 0.866352 0.765625 0.866352 0.764062 0.868433 0.762500 0.868433 0.760937 0.870513 0.759375 0.870513 0.753125 0.872593 0.751562 0.872593 0.743750 0.874673 0.742188 0.874673 0.734375 0.872593 0.732812 0.872593 0.717187 0.870513 0.715625 0.870513 0.714062 0.866352 0.710938 0.864272 0.710938 0.860112 0.707812 0.860112 0.703125
1 0.631304 0.971875 0.631304 0.976562 0.627144 0.979687 0.625063 0.979687 0.608423 0.992188 0.606343 0.992188 0.604263 0.993750 0.595942 0.993750 0.595942 0.998437 0.735308 0.998437 0.735308 0.995312 0.726987 0.995312 0.724907 0.993750 0.722827 0.993750 0.720747 0.992188 0.718667 0.992188 0.714507 0.989062 0.712427 0.989062 0.710347 0.987500 0.708267 0.987500 0.704106 0.984375 0.702026 0.984375 0.697866 0.981250 0.695786 0.981250 0.693706 0.979687 0.691626 0.979687 0.689546 0.978125 0.689546 0.971875