0 0.315132 0.403125 0.315132 0.407812 0.310972 0.410937 0.308892 0.410937 0.304731 0.414062 0.302651 0.414062 0.286011 0.426562 0.286011 0.428125 0.281851 0.431250 0.281851 0.432812 0.279770 0.434375 0.271450 0.434375 0.271450 0.479687 0.277690 0.479687 0.281851 0.482812 0.281851 0.484375 0.283931 0.485937 0.283931 0.487500 0.286011 0.489062 0.286011 0.490625 0.300571 0.501562 0.300571 0.503125 0.302651 0.504687 0.304731 0.504687 0.310972 0.509375 0.310972 0.514062 0.377534 0.514062 0.377534 0.507812 0.379614 0.506250 0.381694 0.506250 0.383774 0.504687 0.385854 0.504687 0.387935 0.503125 0.390015 0.503125 0.394175 0.500000 0.396255 0.500000 0.408735 0.490625 0.408735 0.489062 0.412896 0.485937 0.419136 0.485937 0.419136 0.431250 0.410815 0.431250 0.408735 0.429688 0.408735 0.428125 0.387935 0.412500 0.385854 0.412500 0.379614 0.407812 0.379614 0.403125
1 0.444097 0.465625 0.444097 0.470312 0.439936 0.473437 0.437856 0.473437 0.435776 0.475000 0.433696 0.475000 0.429536 0.478125 0.427456 0.478125 0.417056 0.485937 0.417056 0.487500 0.412896 0.490625 0.404575 0.490625 0.404575 0.548437 0.410815 0.548437 0.414976 0.551562 0.414976 0.553125 0.433696 0.567187 0.435776 0.567187 0.437856 0.568750 0.439936 0.568750 0.444097 0.571875 0.444097 0.576562 0.485698 0.576562 0.485698 0.571875 0.489858 0.568750 0.491938 0.568750 0.494019 0.567187 0.496099 0.567187 0.498179 0.565625 0.502339 0.565625 0.504419 0.564062 0.506499 0.564062 0.508579 0.562500 0.510659 0.562500 0.514819 0.559375 0.516899 0.559375 0.533540 0.546875 0.533540 0.545312 0.535620 0.543750 0.543940 0.543750 0.543940 0.501562 0.537700 0.501562 0.533540 0.498437 0.533540 0.496875 0.531460 0.495312 0.531460 0.493750 0.529380 0.492188 0.529380 0.490625 0.521060 0.484375 0.521060 0.482812 0.516899 0.479687 0.514819 0.479687 0.508579 0.475000 0.506499 0.475000 0.500259 0.470312 0.500259 0.465625
0 0.587622 0.428125 0.587622 0.432812 0.585542 0.434375 0.583462 0.434375 0.581382 0.435937 0.575142 0.435937 0.573062 0.437500 0.566821 0.437500 0.564741 0.439062 0.562661 0.439062 0.556421 0.443750 0.554341 0.443750 0.552261 0.445312 0.550181 0.445312 0.535620 0.456250 0.535620 0.457812 0.531460 0.460938 0.531460 0.462500 0.529380 0.464062 0.521060 0.464062 0.521060 0.490625 0.527300 0.490625 0.531460 0.493750 0.531460 0.495312 0.533540 0.496875 0.533540 0.498437 0.535620 0.500000 0.535620 0.501562 0.537700 0.503125 0.537700 0.506250 0.539780 0.507812 0.539780 0.512500 0.541860 0.514062 0.541860 0.518750 0.543940 0.520312 0.543940 0.523437 0.546021 0.525000 0.546021 0.526562 0.556421 0.534375 0.558501 0.534375 0.560581 0.535937 0.562661 0.535937 0.564741 0.537500 0.566821 0.537500 0.568901 0.539062 0.568901 0.545312 0.622983 0.545312 0.622983 0.540625 0.627144 0.537500 0.629224 0.537500 0.631304 0.535937 0.633384 0.535937 0.637544 0.532812 0.639624 0.532812 0.645864 0.528125 0.647944 0.528125 0.654185 0.523437 0.654185 0.521875 0.658345 0.518750 0.658345 0.517187 0.660425 0.515625 0.668745 0.515625 0.668745 0.464062 0.660425 0.464062 0.658345 0.462500 0.658345 0.460938 0.656265 0.459375 0.656265 0.457812 0.652104 0.454687 0.652104 0.453125 0.641704 0.445312 0.639624 0.445312 0.629224 0.437500 0.627144 0.437500 0.625063 0.435937 0.622983 0.435937 0.618823 0.432812 0.618823 0.428125
2 0.668745 0.365625 0.668745 0.370312 0.662505 0.375000 0.660425 0.375000 0.658345 0.376562 0.656265 0.376562 0.645864 0.384375 0.645864 0.385937 0.641704 0.389062 0.641704 0.390625 0.635464 0.395312 0.629224 0.395312 0.629224 0.439062 0.635464 0.439062 0.660425 0.457812 0.660425 0.459375 0.662505 0.460938 0.662505 0.464062 0.670825 0.470312 0.670825 0.476562 0.733227 0.476562 0.733227 0.471875 0.739468 0.467187 0.741548 0.467187 0.745708 0.464062 0.747788 0.464062 0.760269 0.454687 0.760269 0.453125 0.764429 0.450000 0.764429 0.448437 0.766509 0.446875 0.766509 0.445312 0.770669 0.442187 0.776909 0.442187 0.776909 0.398438 0.770669 0.398438 0.766509 0.395312 0.766509 0.393750 0.762349 0.390625 0.762349 0.389062 0.756108 0.384375 0.756108 0.382812 0.754028 0.381250 0.751948 0.381250 0.741548 0.373437 0.739468 0.373437 0.735308 0.370312 0.735308 0.365625
1 0.423296 0.671875 0.423296 0.676562 0.419136 0.679688 0.414976 0.679688 0.412896 0.681250 0.410815 0.681250 0.404575 0.685937 0.402495 0.685937 0.381694 0.701562 0.381694 0.703125 0.379614 0.704687 0.371294 0.704687 0.371294 0.779687 0.377534 0.779687 0.381694 0.782812 0.381694 0.789062 0.483618 0.789062 0.483618 0.784375 0.489858 0.779687 0.491938 0.779687 0.498179 0.775000 0.500259 0.775000 0.510659 0.767187 0.518979 0.767187 0.518979 0.734375 0.512739 0.734375 0.510659 0.732812 0.510659 0.729687 0.508579 0.728125 0.508579 0.718750 0.506499 0.717187 0.506499 0.712500 0.504419 0.710938 0.504419 0.707812 0.502339 0.706250 0.502339 0.703125 0.498179 0.700000 0.498179 0.698437 0.491938 0.693750 0.491938 0.692187 0.487778 0.689062 0.485698 0.689062 0.475298 0.681250 0.473218 0.681250 0.466978 0.676562 0.466978 0.671875
2 0.521060 0.553125 0.521060 0.557812 0.514819 0.562500 0.512739 0.562500 0.510659 0.564062 0.508579 0.564062 0.506499 0.565625 0.504419 0.565625 0.502339 0.567187 0.500259 0.567187 0.498179 0.568750 0.496099 0.568750 0.494019 0.570312 0.489858 0.570312 0.487778 0.571875 0.481538 0.571875 0.479458 0.573437 0.475298 0.573437 0.473218 0.571875 0.464897 0.571875 0.462817 0.573437 0.460737 0.573437 0.456577 0.576562 0.456577 0.578125 0.454497 0.579687 0.446177 0.579687 0.446177 0.628125 0.452417 0.628125 0.458657 0.632812 0.458657 0.634375 0.462817 0.637500 0.462817 0.639062 0.475298 0.648438 0.475298 0.650000 0.479458 0.653125 0.481538 0.653125 0.489858 0.659375 0.491938 0.659375 0.494019 0.660937 0.496099 0.660937 0.498179 0.662500 0.500259 0.662500 0.502339 0.664062 0.502339 0.670312 0.558501 0.670312 0.558501 0.664062 0.560581 0.662500 0.562661 0.662500 0.564741 0.660937 0.566821 0.660937 0.568901 0.659375 0.570981 0.659375 0.570981 0.657812 0.575142 0.654687 0.577222 0.654687 0.581382 0.651562 0.581382 0.650000 0.589702 0.643750 0.589702 0.642187 0.591782 0.640625 0.591782 0.639062 0.595942 0.635937 0.602183 0.635937 0.602183 0.590625 0.595942 0.590625 0.593862 0.589062 0.593862 0.587500 0.591782 0.585937 0.591782 0.584375 0.589702 0.582812 0.589702 0.581250 0.587622 0.579687 0.587622 0.576562 0.579302 0.570312 0.579302 0.568750 0.564741 0.557812 0.564741 0.553125
2 0.410815 0.334375 0.410815 0.340625 0.408735 0.342187 0.406655 0.342187 0.404575 0.343750 0.402495 0.343750 0.396255 0.348437 0.394175 0.348437 0.390015 0.351562 0.390015 0.353125 0.387935 0.354687 0.385854 0.354687 0.383774 0.356250 0.383774 0.357812 0.381694 0.359375 0.381694 0.360937 0.377534 0.364062 0.371294 0.364062 0.371294 0.404687 0.379614 0.404687 0.385854 0.409375 0.387935 0.409375 0.414976 0.429688 0.417056 0.429688 0.419136 0.431250 0.421216 0.431250 0.425376 0.434375 0.425376 0.439062 0.475298 0.439062 0.475298 0.434375 0.481538 0.429688 0.483618 0.429688 0.489858 0.425000 0.491938 0.425000 0.508579 0.412500 0.508579 0.410937 0.510659 0.409375 0.518979 0.409375 0.518979 0.367188 0.512739 0.367188 0.508579 0.364062 0.508579 0.362500 0.506499 0.360937 0.506499 0.359375 0.500259 0.354687 0.500259 0.353125 0.496099 0.350000 0.494019 0.350000 0.487778 0.345312 0.485698 0.345312 0.481538 0.342187 0.479458 0.342187 0.475298 0.339062 0.475298 0.334375
2 0.321372 0.515625 0.321372 0.520312 0.317212 0.523437 0.313052 0.523437 0.310972 0.525000 0.308892 0.525000 0.304731 0.528125 0.302651 0.528125 0.298491 0.531250 0.296411 0.531250 0.292251 0.534375 0.292251 0.535937 0.286011 0.540625 0.286011 0.542187 0.283931 0.543750 0.283931 0.545312 0.277690 0.550000 0.271450 0.550000 0.271450 0.596875 0.277690 0.596875 0.283931 0.601562 0.283931 0.603125 0.286011 0.604687 0.286011 0.606250 0.294331 0.612500 0.294331 0.614062 0.296411 0.615625 0.298491 0.615625 0.300571 0.617188 0.302651 0.617188 0.308892 0.621875 0.310972 0.621875 0.313052 0.623438 0.317212 0.623438 0.319292 0.625000 0.321372 0.625000 0.325532 0.628125 0.325532 0.632812 0.367134 0.632812 0.367134 0.628125 0.371294 0.625000 0.373374 0.625000 0.375454 0.623438 0.377534 0.623438 0.379614 0.621875 0.381694 0.621875 0.383774 0.620312 0.385854 0.620312 0.390015 0.617188 0.392095 0.617188 0.394175 0.615625 0.396255 0.615625 0.406655 0.607813 0.406655 0.606250 0.412896 0.601562 0.412896 0.598437 0.414976 0.596875 0.414976 0.595312 0.417056 0.593750 0.417056 0.590625 0.421216 0.587500 0.427456 0.587500 0.427456 0.559375 0.421216 0.559375 0.414976 0.554687 0.414976 0.553125 0.406655 0.546875 0.406655 0.545312 0.396255 0.537500 0.394175 0.537500 0.390015 0.534375 0.387935 0.534375 0.381694 0.529687 0.379614 0.529687 0.369214 0.521875 0.367134 0.521875 0.365054 0.520312 0.365054 0.515625
2 0.308892 0.078125 0.308892 0.082812 0.306812 0.084375 0.302651 0.084375 0.300571 0.085938 0.294331 0.085938 0.292251 0.087500 0.288091 0.087500 0.286011 0.089062 0.283931 0.089062 0.279770 0.092187 0.277690 0.092187 0.275610 0.093750 0.271450 0.093750 0.269370 0.095312 0.265210 0.095312 0.263130 0.096875 0.261050 0.096875 0.258970 0.098437 0.256890 0.098437 0.254810 0.100000 0.250649 0.100000 0.246489 0.103125 0.244409 0.103125 0.242329 0.104687 0.240249 0.104687 0.238169 0.106250 0.236089 0.106250 0.227769 0.112500 0.225688 0.112500 0.215288 0.120312 0.215288 0.121875 0.206968 0.128125 0.206968 0.129687 0.202808 0.132812 0.196567 0.132812 0.196567 0.157812 0.202808 0.157812 0.204888 0.159375 0.204888 0.160937 0.206968 0.162500 0.206968 0.165625 0.209048 0.167187 0.209048 0.168750 0.213208 0.171875 0.213208 0.173437 0.217368 0.176562 0.217368 0.178125 0.236089 0.192187 0.238169 0.192187 0.240249 0.193750 0.242329 0.193750 0.244409 0.195312 0.244409 0.201562 0.306812 0.201562 0.306812 0.196875 0.310972 0.193750 0.321372 0.193750 0.323452 0.192187 0.335933 0.192187 0.338013 0.190625 0.348413 0.190625 0.350493 0.189062 0.360894 0.189062 0.362974 0.187500 0.381694 0.187500 0.383774 0.185937 0.408735 0.185937 0.410815 0.184375 0.414976 0.184375 0.417056 0.182812 0.421216 0.182812 0.423296 0.181250 0.425376 0.181250 0.427456 0.179688 0.429536 0.179688 0.439936 0.171875 0.439936 0.170312 0.442017 0.168750 0.442017 0.167187 0.446177 0.164062 0.452417 0.164062 0.452417 0.125000 0.446177 0.125000 0.442017 0.121875 0.442017 0.120312 0.439936 0.118750 0.439936 0.117188 0.437856 0.115625 0.437856 0.114062 0.435776 0.112500 0.435776 0.110937 0.433696 0.109375 0.433696 0.107812 0.431616 0.106250 0.431616 0.104687 0.429536 0.103125 0.429536 0.101562 0.419136 0.093750 0.417056 0.093750 0.414976 0.092187 0.410815 0.092187 0.408735 0.090625 0.406655 0.090625 0.404575 0.089062 0.400415 0.089062 0.398335 0.087500 0.392095 0.087500 0.390015 0.085938 0.383774 0.085938 0.381694 0.084375 0.379614 0.084375 0.377534 0.082812 0.377534 0.078125
2 0.256890 0.315625 0.256890 0.320312 0.252729 0.323437 0.250649 0.323437 0.248569 0.325000 0.244409 0.325000 0.242329 0.326562 0.240249 0.326562 0.238169 0.328125 0.236089 0.328125 0.231929 0.331250 0.229849 0.331250 0.217368 0.340625 0.217368 0.342187 0.211128 0.346875 0.211128 0.348437 0.206968 0.351562 0.206968 0.353125 0.202808 0.356250 0.196567 0.356250 0.196567 0.392187 0.202808 0.392187 0.206968 0.395312 0.206968 0.396875 0.209048 0.398438 0.209048 0.400000 0.211128 0.401562 0.211128 0.403125 0.217368 0.407812 0.217368 0.409375 0.219448 0.410937 0.221528 0.410937 0.229849 0.417187 0.231929 0.417187 0.238169 0.421875 0.238169 0.426562 0.286011 0.426562 0.286011 0.421875 0.292251 0.417187 0.294331 0.417187 0.296411 0.415625 0.298491 0.415625 0.302651 0.412500 0.304731 0.412500 0.308892 0.409375 0.313052 0.409375 0.315132 0.407812 0.317212 0.407812 0.321372 0.404687 0.323452 0.404687 0.325532 0.403125 0.327612 0.403125 0.329692 0.401562 0.331772 0.401562 0.338013 0.396875 0.338013 0.395312 0.340093 0.393750 0.340093 0.392187 0.342173 0.390625 0.342173 0.389062 0.346333 0.385937 0.352573 0.385937 0.352573 0.368750 0.346333 0.368750 0.344253 0.367188 0.344253 0.365625 0.342173 0.364062 0.342173 0.360937 0.340093 0.359375 0.340093 0.356250 0.338013 0.354687 0.338013 0.353125 0.335933 0.351562 0.335933 0.350000 0.333853 0.348437 0.333853 0.346875 0.331772 0.345312 0.331772 0.343750 0.315132 0.331250 0.313052 0.331250 0.308892 0.328125 0.306812 0.328125 0.302651 0.325000 0.300571 0.325000 0.298491 0.323437 0.294331 0.323437 0.290171 0.320312 0.290171 0.315625
1 0.556421 0.340625 0.556421 0.345312 0.550181 0.350000 0.548101 0.350000 0.535620 0.359375 0.535620 0.360937 0.531460 0.364062 0.531460 0.365625 0.529380 0.367188 0.529380 0.368750 0.525220 0.371875 0.525220 0.373437 0.518979 0.378125 0.512739 0.378125 0.512739 0.417187 0.518979 0.417187 0.523140 0.420312 0.523140 0.421875 0.525220 0.423437 0.525220 0.426562 0.531460 0.431250 0.533540 0.431250 0.535620 0.432812 0.535620 0.439062 0.620903 0.439062 0.620903 0.432812 0.622983 0.431250 0.622983 0.429688 0.625063 0.428125 0.625063 0.420312 0.627144 0.418750 0.627144 0.414062 0.629224 0.412500 0.629224 0.409375 0.631304 0.407812 0.631304 0.404687 0.633384 0.403125 0.633384 0.401562 0.637544 0.398438 0.643784 0.398438 0.643784 0.370312 0.635464 0.370312 0.633384 0.368750 0.633384 0.367188 0.631304 0.365625 0.631304 0.364062 0.625063 0.359375 0.625063 0.357812 0.614663 0.350000 0.612583 0.350000 0.610503 0.348437 0.608423 0.348437 0.606343 0.346875 0.604263 0.346875 0.602183 0.345312 0.602183 0.340625
1 0.512739 0.000000 0.512739 0.020312 0.521060 0.020312 0.523140 0.021875 0.523140 0.023438 0.525220 0.025000 0.525220 0.028125 0.531460 0.032812 0.531460 0.034375 0.541860 0.042187 0.543940 0.042187 0.550181 0.046875 0.550181 0.051562 0.604263 0.051562 0.604263 0.045312 0.608423 0.042187 0.608423 0.040625 0.612583 0.037500 0.618823 0.037500 0.618823 0.000000