1 0.437856 0.496875 0.437856 0.503125 0.431616 0.507812 0.431616 0.509375 0.406655 0.528125 0.406655 0.529687 0.404575 0.531250 0.396255 0.531250 0.396255 0.587500 0.402495 0.587500 0.406655 0.590625 0.406655 0.593750 0.408735 0.595312 0.408735 0.596875 0.427456 0.610937 0.429536 0.610937 0.433696 0.614062 0.435776 0.614062 0.439936 0.617188 0.442017 0.617188 0.444097 0.618750 0.446177 0.618750 0.450337 0.621875 0.450337 0.626562 0.504419 0.626562 0.504419 0.621875 0.508579 0.618750 0.510659 0.618750 0.512739 0.617188 0.514819 0.617188 0.516899 0.615625 0.518979 0.615625 0.521060 0.614062 0.523140 0.614062 0.525220 0.612500 0.527300 0.612500 0.531460 0.609375 0.533540 0.609375 0.550181 0.596875 0.550181 0.595312 0.554341 0.592187 0.554341 0.590625 0.558501 0.587500 0.558501 0.585937 0.562661 0.582812 0.568901 0.582812 0.568901 0.534375 0.562661 0.534375 0.558501 0.531250 0.558501 0.529687 0.556421 0.528125 0.556421 0.526562 0.550181 0.521875 0.550181 0.520312 0.537700 0.510937 0.535620 0.510937 0.527300 0.504687 0.525220 0.504687 0.521060 0.501562 0.521060 0.496875
0 0.650024 0.496875 0.650024 0.501562 0.645864 0.504687 0.643784 0.504687 0.641704 0.506250 0.639624 0.506250 0.637544 0.507812 0.635464 0.507812 0.633384 0.509375 0.631304 0.509375 0.629224 0.510937 0.627144 0.510937 0.622983 0.514062 0.620903 0.514062 0.604263 0.526562 0.604263 0.528125 0.600103 0.531250 0.600103 0.532812 0.593862 0.537500 0.587622 0.537500 0.587622 0.595312 0.595942 0.595312 0.598022 0.596875 0.598022 0.598437 0.600103 0.600000 0.600103 0.601562 0.604263 0.604687 0.604263 0.606250 0.625063 0.621875 0.627144 0.621875 0.631304 0.625000 0.633384 0.625000 0.635464 0.626562 0.635464 0.632812 0.710347 0.632812 0.710347 0.626562 0.712427 0.625000 0.714507 0.625000 0.716587 0.623438 0.718667 0.623438 0.722827 0.620312 0.724907 0.620312 0.733227 0.614062 0.735308 0.614062 0.747788 0.604687 0.747788 0.603125 0.751948 0.600000 0.751948 0.598437 0.756108 0.595312 0.756108 0.593750 0.758188 0.592187 0.758188 0.589062 0.762349 0.585937 0.768589 0.585937 0.768589 0.550000 0.762349 0.550000 0.760269 0.548437 0.760269 0.546875 0.758188 0.545312 0.758188 0.542187 0.756108 0.540625 0.756108 0.539062 0.754028 0.537500 0.754028 0.535937 0.751948 0.534375 0.751948 0.532812 0.749868 0.531250 0.749868 0.529687 0.745708 0.526562 0.745708 0.525000 0.731147 0.514062 0.729067 0.514062 0.724907 0.510937 0.722827 0.510937 0.716587 0.506250 0.714507 0.506250 0.712427 0.504687 0.708267 0.504687 0.706186 0.503125 0.704106 0.503125 0.702026 0.501562 0.702026 0.496875
0 0.641704 0.365625 0.641704 0.370312 0.639624 0.371875 0.637544 0.371875 0.635464 0.373437 0.631304 0.373437 0.629224 0.375000 0.627144 0.375000 0.618823 0.381250 0.616743 0.381250 0.606343 0.389062 0.606343 0.390625 0.602183 0.393750 0.602183 0.395312 0.600103 0.396875 0.600103 0.398438 0.598022 0.400000 0.598022 0.403125 0.593862 0.406250 0.587622 0.406250 0.587622 0.440625 0.593862 0.440625 0.598022 0.443750 0.598022 0.445312 0.600103 0.446875 0.600103 0.448437 0.604263 0.451562 0.604263 0.453125 0.610503 0.457812 0.610503 0.459375 0.612583 0.460938 0.614663 0.460938 0.625063 0.468750 0.627144 0.468750 0.631304 0.471875 0.631304 0.476562 0.699946 0.476562 0.699946 0.471875 0.704106 0.468750 0.706186 0.468750 0.710347 0.465625 0.712427 0.465625 0.722827 0.457812 0.722827 0.456250 0.729067 0.451562 0.729067 0.450000 0.731147 0.448437 0.731147 0.446875 0.733227 0.445312 0.733227 0.442187 0.735308 0.440625 0.735308 0.439062 0.737388 0.437500 0.743628 0.437500 0.743628 0.406250 0.737388 0.406250 0.733227 0.403125 0.733227 0.401562 0.731147 0.400000 0.731147 0.396875 0.724907 0.392187 0.724907 0.390625 0.716587 0.384375 0.716587 0.382812 0.714507 0.381250 0.712427 0.381250 0.706186 0.376562 0.704106 0.376562 0.702026 0.375000 0.699946 0.375000 0.693706 0.370312 0.693706 0.365625
0 0.344253 0.803125 0.344253 0.807812 0.340093 0.810937 0.335933 0.810937 0.333853 0.812500 0.329692 0.812500 0.327612 0.814062 0.325532 0.814062 0.321372 0.817187 0.317212 0.817187 0.315132 0.818750 0.313052 0.818750 0.308892 0.821875 0.306812 0.821875 0.302651 0.825000 0.300571 0.825000 0.281851 0.839062 0.281851 0.840625 0.275610 0.845312 0.275610 0.846875 0.271450 0.850000 0.271450 0.851562 0.267290 0.854687 0.267290 0.856250 0.265210 0.857812 0.265210 0.859375 0.261050 0.862500 0.261050 0.864062 0.258970 0.865625 0.258970 0.867188 0.256890 0.868750 0.256890 0.871875 0.252729 0.875000 0.246489 0.875000 0.246489 0.948437 0.252729 0.948437 0.254810 0.950000 0.254810 0.951562 0.256890 0.953125 0.256890 0.956250 0.258970 0.957812 0.258970 0.959375 0.265210 0.964062 0.265210 0.965625 0.273530 0.971875 0.273530 0.973437 0.294331 0.989062 0.296411 0.989062 0.300571 0.992188 0.302651 0.992188 0.304731 0.993750 0.306812 0.993750 0.310972 0.996875 0.310972 0.998437 0.408735 0.998437 0.408735 0.996875 0.410815 0.995312 0.412896 0.995312 0.414976 0.993750 0.417056 0.993750 0.425376 0.987500 0.427456 0.987500 0.448257 0.971875 0.448257 0.970312 0.454497 0.965625 0.454497 0.964062 0.458657 0.960938 0.458657 0.959375 0.460737 0.957812 0.460737 0.956250 0.462817 0.954687 0.462817 0.953125 0.464897 0.951562 0.464897 0.950000 0.466978 0.948437 0.466978 0.946875 0.469058 0.945312 0.469058 0.943750 0.471138 0.942187 0.471138 0.940625 0.473218 0.939062 0.473218 0.937500 0.475298 0.935937 0.475298 0.931250 0.477378 0.929688 0.477378 0.928125 0.479458 0.926562 0.485698 0.926562 0.485698 0.875000 0.479458 0.875000 0.475298 0.871875 0.475298 0.868750 0.473218 0.867188 0.473218 0.864062 0.471138 0.862500 0.471138 0.860937 0.469058 0.859375 0.469058 0.856250 0.466978 0.854687 0.466978 0.853125 0.464897 0.851562 0.464897 0.850000 0.460737 0.846875 0.460737 0.845312 0.458657 0.843750 0.458657 0.842187 0.454497 0.839062 0.454497 0.837500 0.450337 0.834375 0.450337 0.832812 0.446177 0.829687 0.444097 0.829687 0.437856 0.825000 0.435776 0.825000 0.431616 0.821875 0.429536 0.821875 0.425376 0.818750 0.423296 0.818750 0.421216 0.817187 0.419136 0.817187 0.417056 0.815625 0.414976 0.815625 0.412896 0.814062 0.410815 0.814062 0.408735 0.812500 0.406655 0.812500 0.404575 0.810937 0.400415 0.810937 0.396255 0.807812 0.396255 0.803125
1 0.294331 0.578125 0.294331 0.582812 0.290171 0.585937 0.288091 0.585937 0.286011 0.587500 0.283931 0.587500 0.279770 0.590625 0.277690 0.590625 0.273530 0.593750 0.271450 0.593750 0.256890 0.604687 0.256890 0.606250 0.252729 0.609375 0.252729 0.610937 0.248569 0.614062 0.248569 0.615625 0.244409 0.618750 0.238169 0.618750 0.238169 0.676562 0.244409 0.676562 0.250649 0.681250 0.250649 0.682812 0.252729 0.684375 0.252729 0.685937 0.277690 0.704687 0.279770 0.704687 0.281851 0.706250 0.283931 0.706250 0.286011 0.707812 0.286011 0.714062 0.365054 0.714062 0.365054 0.709375 0.369214 0.706250 0.371294 0.706250 0.373374 0.704687 0.375454 0.704687 0.383774 0.698437 0.385854 0.698437 0.396255 0.690625 0.396255 0.689062 0.402495 0.684375 0.402495 0.682812 0.406655 0.679688 0.406655 0.676562 0.412896 0.671875 0.419136 0.671875 0.419136 0.621875 0.412896 0.621875 0.404575 0.615625 0.404575 0.612500 0.402495 0.610937 0.402495 0.609375 0.398335 0.606250 0.398335 0.603125 0.379614 0.589062 0.377534 0.589062 0.375454 0.587500 0.373374 0.587500 0.367134 0.582812 0.367134 0.578125
2 0.348413 0.409375 0.348413 0.414062 0.344253 0.417187 0.342173 0.417187 0.340093 0.418750 0.338013 0.418750 0.333853 0.421875 0.331772 0.421875 0.327612 0.425000 0.325532 0.425000 0.315132 0.432812 0.315132 0.434375 0.308892 0.439062 0.308892 0.440625 0.306812 0.442187 0.306812 0.443750 0.304731 0.445312 0.296411 0.445312 0.296411 0.485937 0.302651 0.485937 0.306812 0.489062 0.306812 0.492188 0.310972 0.495312 0.310972 0.496875 0.317212 0.501562 0.317212 0.503125 0.327612 0.510937 0.329692 0.510937 0.335933 0.515625 0.338013 0.515625 0.340093 0.517187 0.342173 0.517187 0.344253 0.518750 0.348413 0.518750 0.352573 0.521875 0.352573 0.526562 0.396255 0.526562 0.396255 0.521875 0.402495 0.517187 0.408735 0.517187 0.410815 0.515625 0.412896 0.515625 0.414976 0.514062 0.417056 0.514062 0.433696 0.501562 0.433696 0.500000 0.437856 0.496875 0.437856 0.495312 0.439936 0.493750 0.439936 0.492188 0.446177 0.487500 0.452417 0.487500 0.452417 0.445312 0.444097 0.445312 0.442017 0.443750 0.442017 0.442187 0.437856 0.439062 0.437856 0.437500 0.433696 0.434375 0.433696 0.432812 0.421216 0.423437 0.419136 0.423437 0.412896 0.418750 0.410815 0.418750 0.408735 0.417187 0.406655 0.417187 0.404575 0.415625 0.404575 0.409375
1 0.801870 0.434375 0.801870 0.439062 0.797710 0.442187 0.795630 0.442187 0.793550 0.443750 0.791470 0.443750 0.789390 0.445312 0.787310 0.445312 0.783149 0.448437 0.781069 0.448437 0.772749 0.454687 0.770669 0.454687 0.756108 0.465625 0.756108 0.467187 0.754028 0.468750 0.745708 0.468750 0.745708 0.531250 0.751948 0.531250 0.754028 0.532812 0.754028 0.534375 0.756108 0.535937 0.756108 0.537500 0.760269 0.540625 0.760269 0.543750 0.762349 0.545312 0.762349 0.550000 0.764429 0.551562 0.764429 0.554687 0.766509 0.556250 0.766509 0.557812 0.768589 0.559375 0.768589 0.560937 0.770669 0.562500 0.770669 0.565625 0.772749 0.567187 0.772749 0.571875 0.774829 0.573437 0.774829 0.575000 0.776909 0.576562 0.776909 0.578125 0.781069 0.581250 0.781069 0.582812 0.789390 0.589062 0.789390 0.590625 0.816431 0.610937 0.818511 0.610937 0.826831 0.617188 0.828911 0.617188 0.830991 0.618750 0.833071 0.618750 0.835151 0.620312 0.839311 0.620312 0.841392 0.618750 0.860112 0.618750 0.864272 0.621875 0.864272 0.626562 0.901714 0.626562 0.901714 0.554687 0.895474 0.554687 0.889233 0.559375 0.889233 0.562500 0.885073 0.565625 0.882993 0.565625 0.880913 0.564062 0.880913 0.562500 0.878833 0.560937 0.878833 0.550000 0.876753 0.548437 0.876753 0.529687 0.878833 0.528125 0.878833 0.518750 0.880913 0.517187 0.880913 0.507812 0.882993 0.506250 0.882993 0.501562 0.887153 0.498437 0.891313 0.501562 0.891313 0.503125 0.893394 0.503125 0.895474 0.504687 0.901714 0.504687 0.901714 0.434375 0.893394 0.434375 0.893394 0.439062 0.887153 0.443750 0.885073 0.443750 0.882993 0.442187 0.878833 0.442187 0.874673 0.439062 0.874673 0.434375
1 0.348413 0.409375 0.348413 0.414062 0.344253 0.417187 0.342173 0.417187 0.340093 0.418750 0.338013 0.418750 0.331772 0.423437 0.329692 0.423437 0.325532 0.426562 0.323452 0.426562 0.323452 0.428125 0.321372 0.429688 0.319292 0.429688 0.317212 0.431250 0.317212 0.432812 0.310972 0.437500 0.310972 0.439062 0.308892 0.440625 0.308892 0.442187 0.302651 0.446875 0.296411 0.446875 0.296411 0.485937 0.302651 0.485937 0.306812 0.489062 0.306812 0.490625 0.308892 0.492188 0.308892 0.493750 0.310972 0.495312 0.310972 0.496875 0.317212 0.501562 0.317212 0.503125 0.329692 0.512500 0.331772 0.512500 0.335933 0.515625 0.338013 0.515625 0.340093 0.517187 0.342173 0.517187 0.344253 0.518750 0.346333 0.518750 0.348413 0.520312 0.350493 0.520312 0.352573 0.521875 0.352573 0.526562 0.396255 0.526562 0.396255 0.520312 0.398335 0.518750 0.400415 0.518750 0.402495 0.517187 0.408735 0.517187 0.410815 0.515625 0.412896 0.515625 0.414976 0.514062 0.417056 0.514062 0.427456 0.506250 0.427456 0.504687 0.431616 0.501562 0.433696 0.501562 0.433696 0.500000 0.437856 0.496875 0.437856 0.495312 0.439936 0.493750 0.439936 0.492188 0.446177 0.487500 0.452417 0.487500 0.452417 0.446875 0.446177 0.446875 0.439936 0.442187 0.439936 0.440625 0.437856 0.439062 0.437856 0.437500 0.431616 0.432812 0.431616 0.431250 0.421216 0.423437 0.419136 0.423437 0.412896 0.418750 0.410815 0.418750 0.408735 0.417187 0.406655 0.417187 0.402495 0.414062 0.402495 0.409375
2 0.294331 0.578125 0.294331 0.582812 0.290171 0.585937 0.288091 0.585937 0.286011 0.587500 0.283931 0.587500 0.279770 0.590625 0.277690 0.590625 0.273530 0.593750 0.271450 0.593750 0.256890 0.604687 0.256890 0.606250 0.252729 0.609375 0.252729 0.610937 0.248569 0.614062 0.248569 0.615625 0.244409 0.618750 0.238169 0.618750 0.238169 0.676562 0.244409 0.676562 0.250649 0.681250 0.250649 0.682812 0.252729 0.684375 0.252729 0.685937 0.277690 0.704687 0.279770 0.704687 0.281851 0.706250 0.283931 0.706250 0.286011 0.707812 0.286011 0.714062 0.365054 0.714062 0.365054 0.709375 0.369214 0.706250 0.371294 0.706250 0.375454 0.703125 0.377534 0.703125 0.385854 0.696875 0.387935 0.696875 0.396255 0.690625 0.396255 0.689062 0.400415 0.685937 0.400415 0.684375 0.404575 0.681250 0.404575 0.679688 0.406655 0.678125 0.406655 0.676562 0.408735 0.675000 0.408735 0.673437 0.410815 0.671875 0.419136 0.671875 0.419136 0.623438 0.408735 0.623438 0.404575 0.626562 0.402495 0.626562 0.400415 0.625000 0.400415 0.623438 0.396255 0.620312 0.396255 0.617188 0.398335 0.615625 0.396255 0.614062 0.396255 0.612500 0.394175 0.612500 0.392095 0.610937 0.387935 0.610937 0.385854 0.609375 0.390015 0.606250 0.394175 0.606250 0.396255 0.604687 0.396255 0.603125 0.394175 0.601562 0.392095 0.601562 0.387935 0.598437 0.387935 0.595312 0.385854 0.595312 0.375454 0.587500 0.373374 0.587500 0.371294 0.585937 0.369214 0.585937 0.367134 0.584375 0.367134 0.578125
1 0.970356 0.509375 0.970356 0.514062 0.968276 0.515625 0.964116 0.515625 0.962036 0.517187 0.957876 0.517187 0.955796 0.518750 0.953716 0.518750 0.951636 0.520312 0.949556 0.520312 0.947476 0.521875 0.945395 0.521875 0.943315 0.523437 0.939155 0.523437 0.937075 0.525000 0.934995 0.525000 0.928755 0.529687 0.926675 0.529687 0.918354 0.535937 0.916274 0.535937 0.905874 0.543750 0.905874 0.545312 0.893394 0.554687 0.893394 0.556250 0.889233 0.559375 0.889233 0.560937 0.887153 0.562500 0.887153 0.564062 0.880913 0.568750 0.880913 0.570312 0.878833 0.571875 0.878833 0.575000 0.874673 0.578125 0.872593 0.578125 0.872593 0.579687 0.870513 0.581250 0.870513 0.582812 0.868433 0.584375 0.862192 0.584375 0.862192 0.667187 0.868433 0.667187 0.872593 0.670312 0.872593 0.673437 0.876753 0.676562 0.876753 0.679688 0.878833 0.681250 0.878833 0.682812 0.880913 0.684375 0.880913 0.685937 0.885073 0.689062 0.885073 0.690625 0.889233 0.693750 0.889233 0.695312 0.903794 0.706250 0.905874 0.706250 0.991157 0.770312 0.991157 0.776562 1.000000 0.776562 1.000000 0.509375
2 0.806030 0.928125 0.806030 0.932812 0.801870 0.935937 0.801870 0.937500 0.799790 0.939062 0.799790 0.943750 0.797710 0.945312 0.797710 0.948437 0.795630 0.950000 0.795630 0.951562 0.793550 0.953125 0.793550 0.954687 0.791470 0.956250 0.791470 0.960938 0.789390 0.962500 0.789390 0.970312 0.785229 0.973437 0.778989 0.973437 0.778989 0.998437 0.847632 0.998437 0.847632 0.995312 0.849712 0.993750 0.849712 0.984375 0.851792 0.982812 0.851792 0.979687 0.853872 0.978125 0.860112 0.978125 0.860112 0.950000 0.853872 0.950000 0.849712 0.946875 0.849712 0.943750 0.847632 0.942187 0.847632 0.940625 0.837231 0.932812 0.837231 0.928125