0 0.670308 0.396875 0.670308 0.401562 0.674468 0.404687 0.676548 0.404687 0.678628 0.406250 0.682788 0.406250 0.684868 0.407812 0.686948 0.407812 0.689028 0.409375 0.691108 0.409375 0.695269 0.412500 0.697349 0.412500 0.701509 0.415625 0.703589 0.415625 0.709829 0.420312 0.709829 0.421875 0.713989 0.425000 0.713989 0.426562 0.718149 0.429688 0.718149 0.431250 0.722310 0.434375 0.728550 0.434375 0.728550 0.476562 0.720230 0.476562 0.718149 0.478125 0.718149 0.479687 0.716069 0.481250 0.716069 0.482812 0.713989 0.484375 0.713989 0.485937 0.703589 0.493750 0.703589 0.495312 0.697349 0.500000 0.695269 0.500000 0.691108 0.503125 0.689028 0.503125 0.686948 0.504687 0.684868 0.504687 0.678628 0.509375 0.678628 0.514062 0.632866 0.514062 0.632866 0.509375 0.630786 0.507812 0.628706 0.507812 0.626626 0.506250 0.624546 0.506250 0.622466 0.504687 0.620386 0.504687 0.618306 0.503125 0.616226 0.503125 0.614146 0.501562 0.612065 0.501562 0.597505 0.490625 0.597505 0.489062 0.593345 0.485937 0.593345 0.484375 0.589185 0.481250 0.589185 0.479687 0.585024 0.476562 0.585024 0.475000 0.582944 0.473437 0.582944 0.471875 0.580864 0.470312 0.580864 0.468750 0.578784 0.467187 0.572544 0.467187 0.572544 0.442187 0.578784 0.442187 0.580864 0.440625 0.580864 0.439062 0.582944 0.437500 0.582944 0.435937 0.585024 0.434375 0.585024 0.432812 0.587104 0.431250 0.587104 0.429688 0.589185 0.428125 0.589185 0.426562 0.607905 0.412500 0.609985 0.412500 0.616226 0.407812 0.618306 0.407812 0.620386 0.406250 0.622466 0.406250 0.628706 0.401562 0.628706 0.396875
1 0.720230 0.503125 0.720230 0.507812 0.722310 0.509375 0.724390 0.509375 0.726470 0.510937 0.730630 0.510937 0.732710 0.512500 0.734790 0.512500 0.738950 0.515625 0.741030 0.515625 0.757671 0.528125 0.757671 0.529687 0.763911 0.534375 0.770151 0.534375 0.770151 0.585937 0.763911 0.585937 0.759751 0.589062 0.759751 0.590625 0.755591 0.593750 0.755591 0.595312 0.743110 0.604687 0.741030 0.604687 0.734790 0.609375 0.732710 0.609375 0.730630 0.610937 0.728550 0.610937 0.726470 0.612500 0.724390 0.612500 0.722310 0.614062 0.722310 0.620312 0.684868 0.620312 0.684868 0.615625 0.680708 0.612500 0.678628 0.612500 0.676548 0.610937 0.674468 0.610937 0.672388 0.609375 0.668228 0.609375 0.666147 0.607813 0.664067 0.607813 0.661987 0.606250 0.659907 0.606250 0.655747 0.603125 0.653667 0.603125 0.651587 0.601562 0.649507 0.601562 0.643267 0.596875 0.643267 0.595312 0.637026 0.590625 0.637026 0.589062 0.634946 0.587500 0.634946 0.585937 0.628706 0.581250 0.622466 0.581250 0.622466 0.542187 0.628706 0.542187 0.632866 0.539062 0.632866 0.537500 0.634946 0.535937 0.634946 0.534375 0.637026 0.532812 0.637026 0.531250 0.653667 0.518750 0.655747 0.518750 0.659907 0.515625 0.661987 0.515625 0.666147 0.512500 0.670308 0.512500 0.672388 0.510937 0.674468 0.510937 0.676548 0.509375 0.678628 0.509375 0.680708 0.507812 0.680708 0.503125
1 0.470620 0.378125 0.470620 0.382812 0.472700 0.384375 0.474780 0.384375 0.476860 0.385937 0.481021 0.385937 0.483101 0.387500 0.487261 0.387500 0.489341 0.389062 0.495581 0.389062 0.497661 0.390625 0.499741 0.390625 0.516382 0.403125 0.516382 0.404687 0.520542 0.407812 0.528862 0.407812 0.528862 0.456250 0.522622 0.456250 0.514302 0.462500 0.514302 0.464062 0.512222 0.465625 0.510142 0.465625 0.501821 0.471875 0.499741 0.471875 0.495581 0.475000 0.491421 0.475000 0.489341 0.476562 0.487261 0.476562 0.485181 0.478125 0.485181 0.482812 0.431099 0.482812 0.431099 0.476562 0.429019 0.475000 0.426938 0.475000 0.424858 0.473437 0.422778 0.473437 0.420698 0.471875 0.416538 0.471875 0.414458 0.470312 0.412378 0.470312 0.410298 0.468750 0.408218 0.468750 0.404058 0.465625 0.401978 0.465625 0.399897 0.464062 0.397817 0.464062 0.393657 0.460938 0.393657 0.459375 0.391577 0.457812 0.391577 0.454687 0.387417 0.451562 0.381177 0.451562 0.381177 0.418750 0.387417 0.418750 0.389497 0.417187 0.389497 0.415625 0.391577 0.414062 0.391577 0.412500 0.393657 0.410937 0.393657 0.407812 0.395737 0.406250 0.395737 0.404687 0.399897 0.401562 0.399897 0.400000 0.401978 0.398438 0.401978 0.396875 0.408218 0.392187 0.410298 0.392187 0.416538 0.387500 0.418618 0.387500 0.422778 0.384375 0.424858 0.384375 0.426938 0.382812 0.426938 0.378125
0 0.414458 0.465625 0.414458 0.470312 0.418618 0.473437 0.420698 0.473437 0.422778 0.475000 0.424858 0.475000 0.426938 0.476562 0.429019 0.476562 0.431099 0.478125 0.433179 0.478125 0.437339 0.481250 0.439419 0.481250 0.441499 0.482812 0.443579 0.482812 0.447739 0.485937 0.449819 0.485937 0.456060 0.490625 0.456060 0.492188 0.460220 0.495312 0.460220 0.496875 0.464380 0.500000 0.470620 0.500000 0.470620 0.551562 0.464380 0.551562 0.460220 0.554687 0.460220 0.556250 0.449819 0.564062 0.447739 0.564062 0.439419 0.570312 0.437339 0.570312 0.435259 0.571875 0.433179 0.571875 0.431099 0.573437 0.429019 0.573437 0.426938 0.575000 0.424858 0.575000 0.420698 0.578125 0.420698 0.582812 0.368696 0.582812 0.368696 0.578125 0.364536 0.575000 0.362456 0.575000 0.360376 0.573437 0.358296 0.573437 0.356216 0.571875 0.354136 0.571875 0.352056 0.570312 0.349976 0.570312 0.329175 0.554687 0.329175 0.553125 0.327095 0.551562 0.327095 0.550000 0.325015 0.548437 0.325015 0.546875 0.320855 0.543750 0.314614 0.543750 0.314614 0.503125 0.320855 0.503125 0.325015 0.500000 0.325015 0.498437 0.327095 0.496875 0.327095 0.495312 0.329175 0.493750 0.329175 0.492188 0.335415 0.487500 0.335415 0.485937 0.341655 0.481250 0.343735 0.481250 0.352056 0.475000 0.354136 0.475000 0.356216 0.473437 0.358296 0.473437 0.362456 0.470312 0.362456 0.465625
1 0.518462 0.553125 0.518462 0.557812 0.520542 0.559375 0.522622 0.559375 0.526782 0.562500 0.528862 0.562500 0.530942 0.564062 0.533022 0.564062 0.537183 0.567187 0.539263 0.567187 0.555903 0.579687 0.555903 0.581250 0.560064 0.584375 0.560064 0.585937 0.564224 0.589062 0.570464 0.589062 0.570464 0.639062 0.562144 0.639062 0.560064 0.640625 0.560064 0.642187 0.557983 0.643750 0.557983 0.645312 0.543423 0.656250 0.541343 0.656250 0.537183 0.659375 0.535103 0.659375 0.533022 0.660937 0.530942 0.660937 0.528862 0.662500 0.526782 0.662500 0.524702 0.664062 0.524702 0.670312 0.468540 0.670312 0.468540 0.665625 0.464380 0.662500 0.462300 0.662500 0.458140 0.659375 0.456060 0.659375 0.447739 0.653125 0.447739 0.651562 0.443579 0.648438 0.443579 0.646875 0.441499 0.645312 0.441499 0.643750 0.439419 0.642187 0.439419 0.639062 0.437339 0.637500 0.437339 0.634375 0.435259 0.632812 0.435259 0.631250 0.433179 0.629687 0.433179 0.628125 0.429019 0.625000 0.422778 0.625000 0.422778 0.590625 0.431099 0.590625 0.445659 0.579687 0.445659 0.576562 0.449819 0.573437 0.449819 0.571875 0.462300 0.562500 0.464380 0.562500 0.466460 0.560937 0.470620 0.560937 0.472700 0.559375 0.474780 0.559375 0.476860 0.557812 0.476860 0.553125
2 0.601665 0.321875 0.601665 0.326562 0.607905 0.331250 0.609985 0.331250 0.612065 0.332812 0.614146 0.332812 0.626626 0.342187 0.626626 0.343750 0.632866 0.348437 0.632866 0.350000 0.634946 0.351562 0.634946 0.353125 0.639106 0.356250 0.645347 0.356250 0.645347 0.390625 0.639106 0.390625 0.632866 0.395312 0.632866 0.396875 0.626626 0.401562 0.624546 0.401562 0.622466 0.403125 0.620386 0.403125 0.609985 0.410937 0.607905 0.410937 0.605825 0.412500 0.605825 0.414062 0.603745 0.414062 0.595425 0.420312 0.587104 0.420312 0.585024 0.421875 0.585024 0.426562 0.541343 0.426562 0.541343 0.420312 0.539263 0.418750 0.537183 0.418750 0.526782 0.410937 0.526782 0.409375 0.524702 0.407812 0.522622 0.407812 0.522622 0.406250 0.514302 0.400000 0.514302 0.398438 0.510142 0.395312 0.510142 0.393750 0.499741 0.385937 0.499741 0.384375 0.497661 0.382812 0.497661 0.381250 0.495581 0.379687 0.489341 0.379687 0.489341 0.365625 0.495581 0.365625 0.497661 0.364062 0.497661 0.360937 0.499741 0.359375 0.499741 0.356250 0.501821 0.354687 0.501821 0.351562 0.505981 0.348437 0.505981 0.346875 0.510142 0.343750 0.510142 0.342187 0.516382 0.337500 0.518462 0.337500 0.524702 0.332812 0.526782 0.332812 0.528862 0.331250 0.530942 0.331250 0.537183 0.326562 0.537183 0.321875
2 0.345815 0.353125 0.345815 0.357812 0.349976 0.360937 0.352056 0.360937 0.354136 0.362500 0.356216 0.362500 0.360376 0.365625 0.362456 0.365625 0.366616 0.368750 0.368696 0.368750 0.374937 0.373437 0.374937 0.375000 0.381177 0.379687 0.387417 0.379687 0.387417 0.425000 0.381177 0.425000 0.379097 0.426562 0.379097 0.428125 0.377017 0.429688 0.377017 0.432812 0.374937 0.434375 0.374937 0.437500 0.372856 0.439062 0.372856 0.440625 0.370776 0.442187 0.370776 0.443750 0.360376 0.451562 0.358296 0.451562 0.354136 0.454687 0.352056 0.454687 0.345815 0.459375 0.345815 0.464062 0.287573 0.464062 0.287573 0.459375 0.283413 0.456250 0.281333 0.456250 0.275093 0.451562 0.273013 0.451562 0.262612 0.443750 0.262612 0.442187 0.258452 0.439062 0.258452 0.437500 0.256372 0.435937 0.248052 0.435937 0.248052 0.382812 0.256372 0.382812 0.258452 0.381250 0.258452 0.379687 0.260532 0.378125 0.260532 0.376562 0.273013 0.367188 0.275093 0.367188 0.281333 0.362500 0.283413 0.362500 0.285493 0.360937 0.287573 0.360937 0.291733 0.357812 0.291733 0.353125
2 0.572544 0.465625 0.572544 0.470312 0.578784 0.475000 0.578784 0.476562 0.582944 0.479687 0.585024 0.479687 0.587104 0.481250 0.587104 0.482812 0.605825 0.496875 0.612065 0.496875 0.612065 0.528125 0.605825 0.528125 0.603745 0.529687 0.603745 0.531250 0.601665 0.532812 0.601665 0.534375 0.593345 0.540625 0.593345 0.542187 0.585024 0.548437 0.582944 0.548437 0.576704 0.553125 0.574624 0.553125 0.570464 0.556250 0.566304 0.556250 0.562144 0.559375 0.562144 0.564062 0.514302 0.564062 0.514302 0.559375 0.510142 0.556250 0.508062 0.556250 0.505981 0.554687 0.503901 0.554687 0.501821 0.553125 0.499741 0.553125 0.497661 0.551562 0.495581 0.551562 0.487261 0.545312 0.487261 0.543750 0.483101 0.540625 0.483101 0.539062 0.478940 0.535937 0.472700 0.535937 0.472700 0.507812 0.478940 0.507812 0.481021 0.506250 0.481021 0.504687 0.483101 0.503125 0.483101 0.498437 0.485181 0.496875 0.485181 0.493750 0.487261 0.492188 0.487261 0.490625 0.495581 0.484375 0.495581 0.482812 0.505981 0.475000 0.508062 0.475000 0.514302 0.470312 0.514302 0.465625
1 0.903276 0.103125 0.903276 0.109375 0.905356 0.110937 0.907437 0.110937 0.909517 0.112500 0.913677 0.112500 0.915757 0.114062 0.917837 0.114062 0.921997 0.117188 0.924077 0.117188 0.928237 0.120312 0.930317 0.120312 0.934478 0.123437 0.936558 0.123437 0.938638 0.125000 0.942798 0.125000 0.944878 0.126562 0.946958 0.126562 0.951118 0.129687 0.953198 0.129687 0.955278 0.131250 0.957358 0.131250 0.959438 0.132812 0.963599 0.132812 0.967759 0.135937 0.969839 0.135937 0.971919 0.137500 0.973999 0.137500 0.978159 0.140625 0.980239 0.140625 0.986479 0.145312 0.988560 0.145312 0.996880 0.151562 0.996880 0.153125 0.998960 0.154687 0.998960 0.156250 1.000000 0.157812 1.000000 0.162500 1.000000 0.164062 1.000000 0.167187 1.000000 0.168750 1.000000 0.168750 1.000000 0.298437 1.000000 0.298437 1.000000 0.300000 1.000000 0.304688 1.000000 0.306250 1.000000 0.317187 0.998960 0.318750 0.998960 0.321875 0.996880 0.323437 0.996880 0.326562 0.994800 0.328125 0.994800 0.339062 0.799272 0.339062 0.799272 0.332812 0.797192 0.331250 0.797192 0.329687 0.795112 0.328125 0.795112 0.325000 0.793032 0.323437 0.793032 0.321875 0.790952 0.320312 0.790952 0.318750 0.788872 0.317187 0.788872 0.314062 0.790952 0.314062 0.797192 0.309375 0.797192 0.307813 0.799272 0.306250 0.801353 0.306250 0.803433 0.304688 0.805513 0.304688 0.807593 0.306250 0.815913 0.306250 0.817993 0.307813 0.822153 0.307813 0.832554 0.300000 0.834634 0.300000 0.840874 0.295312 0.838794 0.293750 0.838794 0.289062 0.847114 0.282812 0.849194 0.282812 0.865835 0.270312 0.863755 0.268750 0.863755 0.257812 0.861675 0.256250 0.861675 0.254687 0.859595 0.253125 0.859595 0.251562 0.857515 0.250000 0.857515 0.248437 0.855435 0.246875 0.855435 0.245312 0.847114 0.239062 0.847114 0.237500 0.845034 0.235937 0.845034 0.234375 0.842954 0.232812 0.842954 0.229687 0.840874 0.228125 0.840874 0.225000 0.838794 0.223437 0.836714 0.223437 0.834634 0.221875 0.832554 0.221875 0.830474 0.220312 0.826313 0.220312 0.824233 0.218750 0.817993 0.218750 0.815913 0.217187 0.813833 0.217187 0.811753 0.215625 0.809673 0.215625 0.807593 0.214062 0.805513 0.214062 0.803433 0.212500 0.801353 0.212500 0.790952 0.204687 0.790952 0.203125 0.784712 0.198437 0.784712 0.196875 0.782632 0.195312 0.782632 0.193750 0.778472 0.190625 0.772231 0.190625 0.772231 0.156250 0.778472 0.156250 0.782632 0.153125 0.782632 0.150000 0.784712 0.148437 0.784712 0.145312 0.786792 0.143750 0.786792 0.142187 0.788872 0.140625 0.788872 0.139062 0.793032 0.135937 0.793032 0.134375 0.801353 0.128125 0.801353 0.126562 0.803433 0.125000 0.805513 0.125000 0.811753 0.120312 0.813833 0.120312 0.815913 0.118750 0.817993 0.118750 0.820073 0.117188 0.822153 0.117188 0.826313 0.114062 0.828394 0.114062 0.830474 0.112500 0.834634 0.112500 0.836714 0.110937 0.842954 0.110937 0.845034 0.109375 0.847114 0.109375 0.849194 0.107812 0.849194 0.103125
2 0.666147 0.603125 0.666147 0.607813 0.668228 0.609375 0.670308 0.609375 0.674468 0.612500 0.676548 0.612500 0.680708 0.615625 0.682788 0.615625 0.686948 0.618750 0.689028 0.618750 0.691108 0.620312 0.691108 0.621875 0.695269 0.625000 0.697349 0.625000 0.697349 0.626562 0.703589 0.631250 0.703589 0.632812 0.707749 0.635937 0.707749 0.637500 0.709829 0.639062 0.709829 0.642187 0.713989 0.645312 0.720230 0.645312 0.720230 0.676562 0.713989 0.676562 0.709829 0.679688 0.709829 0.681250 0.707749 0.682812 0.707749 0.684375 0.705669 0.685937 0.705669 0.687500 0.703589 0.689062 0.703589 0.690625 0.697349 0.695312 0.697349 0.696875 0.695269 0.698437 0.693188 0.698437 0.689028 0.701562 0.689028 0.703125 0.686948 0.703125 0.678628 0.709375 0.678628 0.714062 0.614146 0.714062 0.614146 0.709375 0.607905 0.704687 0.605825 0.704687 0.597505 0.698437 0.595425 0.698437 0.591265 0.695312 0.591265 0.693750 0.585024 0.689062 0.585024 0.687500 0.582944 0.685937 0.582944 0.684375 0.578784 0.681250 0.572544 0.681250 0.572544 0.635937 0.578784 0.635937 0.582944 0.632812 0.582944 0.631250 0.587104 0.628125 0.587104 0.626562 0.595425 0.620312 0.595425 0.618750 0.597505 0.618750 0.603745 0.614062 0.605825 0.614062 0.607905 0.612500 0.609985 0.612500 0.612065 0.610937 0.616226 0.610937 0.618306 0.609375 0.620386 0.609375 0.622466 0.607813 0.622466 0.603125
1 0.695269 0.415625 0.697349 0.415625 0.709829 0.425000 0.711909 0.425000 0.716069 0.428125 0.716069 0.429688 0.722310 0.434375 0.722310 0.435937 0.724390 0.437500 0.724390 0.440625 0.726470 0.442187 0.726470 0.445312 0.728550 0.446875 0.728550 0.448437 0.732710 0.451562 0.732710 0.457812 0.728550 0.460938 0.728550 0.462500 0.726470 0.464062 0.726470 0.465625 0.722310 0.468750 0.722310 0.476562 0.680708 0.476562 0.680708 0.443750 0.689028 0.443750 0.691108 0.442187 0.693188 0.442187 0.697349 0.439062 0.697349 0.437500 0.699429 0.435937 0.699429 0.432812 0.695269 0.429688 0.695269 0.428125 0.693188 0.426562 0.693188 0.417187 0.695269 0.415625 0.701509 0.387500 0.703589 0.385937 0.713989 0.385937 0.716069 0.384375 0.718149 0.384375 0.722310 0.381250 0.728550 0.381250 0.728550 0.378125 0.741030 0.381250 0.743110 0.379687 0.743110 0.378125 0.745190 0.378125 0.747271 0.376562 0.749351 0.376562 0.751431 0.375000 0.753511 0.375000 0.755591 0.373437 0.757671 0.373437 0.761831 0.370312 0.763911 0.370312 0.765991 0.371875 0.782632 0.371875 0.784712 0.370312 0.786792 0.370312 0.793032 0.365625 0.793032 0.364062 0.797192 0.360937 0.797192 0.359375 0.799272 0.357812 0.799272 0.346875 0.797192 0.345312 0.797192 0.342187 0.795112 0.340625 0.795112 0.332812 0.793032 0.331250 0.793032 0.329687 0.790952 0.328125 0.790952 0.326562 0.788872 0.325000 0.788872 0.321875 0.786792 0.320312 0.786792 0.317187 0.784712 0.315625 0.784712 0.314062 0.786792 0.314062 0.788872 0.312500 0.790952 0.312500 0.795112 0.309375 0.795112 0.296875 0.944878 0.296875 0.944878 0.401562 0.938638 0.401562 0.934478 0.404687 0.934478 0.407812 0.930317 0.410937 0.930317 0.412500 0.924077 0.417187 0.924077 0.418750 0.899116 0.437500 0.897036 0.437500 0.884556 0.446875 0.882476 0.446875 0.872075 0.454687 0.869995 0.454687 0.865835 0.457812 0.863755 0.457812 0.861675 0.459375 0.859595 0.459375 0.857515 0.460938 0.855435 0.460938 0.853354 0.462500 0.851274 0.462500 0.849194 0.464062 0.847114 0.464062 0.845034 0.465625 0.842954 0.465625 0.840874 0.467187 0.836714 0.467187 0.834634 0.468750 0.830474 0.468750 0.826313 0.471875 0.826313 0.476562 0.755591 0.476562 0.755591 0.470312 0.753511 0.468750 0.751431 0.468750 0.747271 0.465625 0.747271 0.464062 0.743110 0.460938 0.743110 0.459375 0.741030 0.457812 0.741030 0.428125 0.743110 0.426562 0.743110 0.412500 0.745190 0.410937 0.745190 0.407812 0.743110 0.406250 0.743110 0.395312 0.741030 0.393750 0.741030 0.381250 0.728550 0.378125 0.726470 0.376562 0.724390 0.376562 0.718149 0.371875 0.716069 0.371875 0.713989 0.370312 0.711909 0.370312 0.709829 0.368750 0.705669 0.368750 0.703589 0.367188 0.697349 0.367188 0.693188 0.370312 0.693188 0.371875 0.691108 0.373437 0.691108 0.376562 0.689028 0.378125 0.691108 0.379687 0.691108 0.382812 0.695269 0.385937 0.695269 0.387500 0.701509 0.387500
2 0.127407 0.778125 0.127407 0.782812 0.129487 0.784375 0.133648 0.784375 0.135728 0.785937 0.139888 0.785937 0.141968 0.787500 0.146128 0.787500 0.152368 0.792187 0.154448 0.792187 0.156528 0.793750 0.158608 0.793750 0.160689 0.795312 0.162769 0.795312 0.166929 0.798437 0.169009 0.798437 0.171089 0.800000 0.173169 0.800000 0.175249 0.801562 0.177329 0.801562 0.179409 0.803125 0.181489 0.803125 0.183569 0.804688 0.185649 0.804688 0.187730 0.806250 0.189810 0.806250 0.193970 0.809375 0.196050 0.809375 0.198130 0.810937 0.200210 0.810937 0.202290 0.812500 0.204370 0.812500 0.208530 0.815625 0.210610 0.815625 0.212690 0.817187 0.214771 0.817187 0.216851 0.818750 0.218931 0.818750 0.223091 0.821875 0.225171 0.821875 0.227251 0.823437 0.229331 0.823437 0.231411 0.825000 0.233491 0.825000 0.235571 0.826562 0.237651 0.826562 0.239731 0.828125 0.241812 0.828125 0.243892 0.829687 0.245972 0.829687 0.248052 0.831250 0.250132 0.831250 0.252212 0.832812 0.254292 0.832812 0.256372 0.834375 0.258452 0.834375 0.260532 0.835938 0.262612 0.835938 0.264692 0.837500 0.266773 0.837500 0.268853 0.839062 0.270933 0.839062 0.275093 0.842187 0.277173 0.842187 0.279253 0.843750 0.281333 0.843750 0.283413 0.845312 0.285493 0.845312 0.287573 0.846875 0.289653 0.846875 0.291733 0.848437 0.293814 0.848437 0.297974 0.851562 0.300054 0.851562 0.302134 0.853125 0.306294 0.853125 0.310454 0.856250 0.312534 0.856250 0.314614 0.857812 0.316694 0.857812 0.318774 0.859375 0.320855 0.859375 0.322935 0.860937 0.325015 0.860937 0.329175 0.864062 0.331255 0.864062 0.333335 0.865625 0.335415 0.865625 0.337495 0.867188 0.339575 0.867188 0.341655 0.868750 0.343735 0.868750 0.345815 0.870312 0.347896 0.870312 0.349976 0.871875 0.352056 0.871875 0.354136 0.873437 0.356216 0.873437 0.360376 0.876562 0.362456 0.876562 0.364536 0.878125 0.366616 0.878125 0.368696 0.879687 0.370776 0.879687 0.372856 0.881250 0.374937 0.881250 0.377017 0.882812 0.379097 0.882812 0.383257 0.885937 0.385337 0.885937 0.389497 0.889062 0.391577 0.889062 0.393657 0.890625 0.397817 0.890625 0.401978 0.893750 0.404058 0.893750 0.406138 0.895312 0.408218 0.895312 0.410298 0.896875 0.412378 0.896875 0.414458 0.898438 0.416538 0.898438 0.420698 0.901562 0.422778 0.901562 0.424858 0.903125 0.429019 0.903125 0.431099 0.904687 0.433179 0.904687 0.435259 0.906250 0.437339 0.906250 0.441499 0.909375 0.443579 0.909375 0.445659 0.910937 0.447739 0.910937 0.451899 0.914062 0.453979 0.914062 0.456060 0.915625 0.458140 0.915625 0.460220 0.917187 0.462300 0.917187 0.464380 0.918750 0.466460 0.918750 0.468540 0.920312 0.470620 0.920312 0.472700 0.921875 0.474780 0.921875 0.476860 0.923437 0.478940 0.923437 0.481021 0.925000 0.483101 0.925000 0.487261 0.928125 0.489341 0.928125 0.491421 0.929688 0.493501 0.929688 0.495581 0.931250 0.497661 0.931250 0.499741 0.932812 0.501821 0.932812 0.503901 0.934375 0.505981 0.934375 0.508062 0.935937 0.510142 0.935937 0.512222 0.937500 0.514302 0.937500 0.516382 0.939062 0.518462 0.939062 0.520542 0.940625 0.522622 0.940625 0.524702 0.942187 0.526782 0.942187 0.528862 0.943750 0.530942 0.943750 0.533022 0.945312 0.535103 0.945312 0.537183 0.946875 0.539263 0.946875 0.541343 0.948437 0.543423 0.948437 0.545503 0.950000 0.547583 0.950000 0.549663 0.951562 0.551743 0.951562 0.553823 0.953125 0.555903 0.953125 0.557983 0.954687 0.560064 0.954687 0.562144 0.956250 0.564224 0.956250 0.566304 0.957812 0.568384 0.957812 0.570464 0.959375 0.572544 0.959375 0.574624 0.960938 0.576704 0.960938 0.580864 0.964062 0.582944 0.964062 0.585024 0.965625 0.587104 0.965625 0.589185 0.967187 0.591265 0.967187 0.595425 0.970312 0.597505 0.970312 0.601665 0.973437 0.603745 0.973437 0.607905 0.976562 0.609985 0.976562 0.614146 0.979687 0.616226 0.979687 0.618306 0.981250 0.620386 0.981250 0.622466 0.982812 0.624546 0.982812 0.626626 0.984375 0.628706 0.984375 0.630786 0.985937 0.637026 0.985937 0.637026 0.998437 0.000000 0.998437 0.000000 0.801562 0.006763 0.801562 0.015083 0.795312 0.019243 0.795312 0.021323 0.793750 0.025483 0.793750 0.027563 0.792187 0.031724 0.792187 0.033804 0.790625 0.035884 0.790625 0.046284 0.782812 0.046284 0.778125
1 0.435259 0.623438 0.435259 0.625000 0.437339 0.626562 0.439419 0.626562 0.439419 0.631250 0.441499 0.632812 0.441499 0.635937 0.445659 0.639062 0.445659 0.640625 0.447739 0.642187 0.447739 0.645312 0.451899 0.648438 0.451899 0.650000 0.458140 0.654687 0.460220 0.654687 0.464380 0.657812 0.470620 0.657812 0.470620 0.687500 0.464380 0.687500 0.460220 0.690625 0.460220 0.692187 0.456060 0.695312 0.456060 0.696875 0.449819 0.701562 0.449819 0.703125 0.433179 0.715625 0.431099 0.715625 0.426938 0.718750 0.424858 0.718750 0.422778 0.720312 0.420698 0.720312 0.418618 0.721875 0.414458 0.721875 0.412378 0.723437 0.406138 0.723437 0.404058 0.725000 0.399897 0.725000 0.397817 0.726562 0.395737 0.726562 0.393657 0.728125 0.393657 0.732812 0.343735 0.732812 0.343735 0.728125 0.339575 0.725000 0.337495 0.725000 0.335415 0.723437 0.333335 0.723437 0.331255 0.721875 0.329175 0.721875 0.310454 0.707812 0.310454 0.706250 0.304214 0.701562 0.297974 0.701562 0.297974 0.651562 0.304214 0.651562 0.308374 0.648438 0.308374 0.646875 0.312534 0.643750 0.312534 0.642187 0.322935 0.634375 0.322935 0.632812 0.337495 0.621875 0.339575 0.621875 0.343735 0.618750 0.345815 0.618750 0.352056 0.614062 0.352056 0.609375 0.426938 0.609375 0.426938 0.614062 0.429019 0.615625 0.429019 0.617188 0.431099 0.618750 0.431099 0.620312 0.435259 0.623438 0.445659 0.615625 0.445659 0.609375 0.470620 0.609375 0.470620 0.629687 0.462300 0.629687 0.460220 0.628125 0.460220 0.626562 0.456060 0.623438 0.456060 0.621875 0.451899 0.618750 0.449819 0.618750 0.445659 0.615625
2 0.830474 0.759375 0.832554 0.760937 0.834634 0.760937 0.836714 0.762500 0.859595 0.762500 0.861675 0.760937 0.876235 0.760937 0.878315 0.762500 0.880396 0.762500 0.882476 0.764062 0.884556 0.764062 0.886636 0.765625 0.888716 0.765625 0.890796 0.767187 0.897036 0.767187 0.899116 0.768750 0.901196 0.768750 0.903276 0.770312 0.905356 0.770312 0.917837 0.779687 0.919917 0.779687 0.934478 0.790625 0.934478 0.792187 0.936558 0.793750 0.944878 0.793750 0.944878 0.834375 0.938638 0.834375 0.934478 0.837500 0.934478 0.842187 0.932397 0.843750 0.932397 0.848437 0.930317 0.850000 0.930317 0.854687 0.928237 0.856250 0.928237 0.859375 0.926157 0.860937 0.926157 0.864062 0.924077 0.865625 0.924077 0.868750 0.921997 0.870312 0.921997 0.871875 0.919917 0.873437 0.919917 0.875000 0.917837 0.876562 0.917837 0.878125 0.915757 0.879687 0.915757 0.882812 0.913677 0.884375 0.913677 0.885937 0.911597 0.887500 0.911597 0.889062 0.909517 0.890625 0.909517 0.892187 0.907437 0.893750 0.907437 0.895312 0.903276 0.898438 0.903276 0.900000 0.899116 0.903125 0.899116 0.904687 0.894956 0.907812 0.894956 0.909375 0.882476 0.918750 0.882476 0.920312 0.869995 0.929688 0.869995 0.931250 0.863755 0.935937 0.861675 0.935937 0.857515 0.939062 0.857515 0.940625 0.845034 0.950000 0.842954 0.950000 0.838794 0.953125 0.836714 0.953125 0.834634 0.954687 0.832554 0.954687 0.830474 0.956250 0.828394 0.956250 0.824233 0.959375 0.824233 0.964062 0.797192 0.964062 0.797192 0.959375 0.793032 0.956250 0.788872 0.956250 0.786792 0.954687 0.782632 0.954687 0.780552 0.953125 0.778472 0.953125 0.776392 0.951562 0.774312 0.951562 0.770151 0.948437 0.768071 0.948437 0.745190 0.931250 0.745190 0.929688 0.741030 0.926562 0.741030 0.925000 0.736870 0.921875 0.730630 0.921875 0.730630 0.871875 0.736870 0.871875 0.741030 0.868750 0.741030 0.867188 0.743110 0.865625 0.743110 0.864062 0.747271 0.860937 0.747271 0.859375 0.749351 0.857812 0.749351 0.856250 0.751431 0.854687 0.751431 0.853125 0.753511 0.851562 0.753511 0.850000 0.757671 0.846875 0.757671 0.845312 0.759751 0.843750 0.759751 0.842187 0.761831 0.840625 0.761831 0.839062 0.765991 0.835938 0.765991 0.832812 0.768071 0.831250 0.768071 0.829687 0.770151 0.828125 0.770151 0.826562 0.774312 0.823437 0.774312 0.821875 0.776392 0.820312 0.776392 0.818750 0.778472 0.817187 0.778472 0.815625 0.780552 0.814062 0.780552 0.812500 0.782632 0.810937 0.782632 0.809375 0.784712 0.807812 0.784712 0.806250 0.786792 0.804688 0.786792 0.803125 0.788872 0.801562 0.788872 0.800000 0.790952 0.798437 0.790952 0.796875 0.795112 0.793750 0.795112 0.792187 0.799272 0.789062 0.799272 0.787500 0.805513 0.782812 0.805513 0.778125 0.809673 0.775000 0.809673 0.773438 0.811753 0.771875 0.811753 0.768750 0.815913 0.765625 0.817993 0.765625 0.820073 0.764062 0.822153 0.764062 0.824233 0.762500 0.826313 0.762500
1 0.345815 0.353125 0.345815 0.357812 0.349976 0.360937 0.352056 0.360937 0.354136 0.362500 0.356216 0.362500 0.360376 0.365625 0.362456 0.365625 0.368696 0.370312 0.370776 0.370312 0.372856 0.371875 0.372856 0.373437 0.377017 0.376562 0.377017 0.378125 0.379097 0.379687 0.387417 0.379687 0.387417 0.421875 0.381177 0.421875 0.379097 0.423437 0.379097 0.425000 0.377017 0.426562 0.377017 0.431250 0.374937 0.432812 0.374937 0.435937 0.372856 0.437500 0.372856 0.439062 0.370776 0.440625 0.370776 0.442187 0.356216 0.453125 0.354136 0.453125 0.345815 0.459375 0.345815 0.464062 0.287573 0.464062 0.287573 0.459375 0.283413 0.456250 0.281333 0.456250 0.275093 0.451562 0.273013 0.451562 0.262612 0.443750 0.262612 0.442187 0.258452 0.439062 0.258452 0.437500 0.256372 0.435937 0.248052 0.435937 0.248052 0.382812 0.256372 0.382812 0.258452 0.381250 0.258452 0.379687 0.260532 0.378125 0.260532 0.376562 0.273013 0.367188 0.275093 0.367188 0.281333 0.362500 0.283413 0.362500 0.285493 0.360937 0.289653 0.360937 0.293814 0.357812 0.293814 0.353125