1 0.399897 0.478125 0.399897 0.484375 0.401978 0.485937 0.404058 0.485937 0.406138 0.487500 0.408218 0.487500 0.410298 0.489062 0.414458 0.489062 0.416538 0.490625 0.418618 0.490625 0.433179 0.501562 0.433179 0.503125 0.435259 0.504687 0.435259 0.506250 0.439419 0.509375 0.445659 0.509375 0.445659 0.556250 0.439419 0.556250 0.433179 0.560937 0.433179 0.562500 0.412378 0.578125 0.410298 0.578125 0.406138 0.581250 0.404058 0.581250 0.401978 0.582812 0.399897 0.582812 0.397817 0.584375 0.393657 0.584375 0.391577 0.585937 0.389497 0.585937 0.387417 0.587500 0.385337 0.587500 0.381177 0.590625 0.381177 0.595312 0.352056 0.595312 0.352056 0.590625 0.349976 0.589062 0.347896 0.589062 0.345815 0.587500 0.343735 0.587500 0.341655 0.585937 0.339575 0.585937 0.337495 0.584375 0.333335 0.584375 0.331255 0.582812 0.327095 0.582812 0.322935 0.579687 0.320855 0.579687 0.308374 0.570312 0.308374 0.568750 0.302134 0.564062 0.302134 0.562500 0.295894 0.557812 0.289653 0.557812 0.289653 0.517187 0.295894 0.517187 0.300054 0.514062 0.300054 0.510937 0.302134 0.509375 0.302134 0.506250 0.306294 0.503125 0.306294 0.501562 0.312534 0.496875 0.312534 0.495312 0.322935 0.487500 0.325015 0.487500 0.331255 0.482812 0.331255 0.478125
1 0.568384 0.378125 0.568384 0.382812 0.572544 0.385937 0.574624 0.385937 0.576704 0.387500 0.578784 0.387500 0.582944 0.390625 0.585024 0.390625 0.595425 0.398438 0.595425 0.400000 0.599585 0.403125 0.599585 0.404687 0.605825 0.409375 0.612065 0.409375 0.612065 0.456250 0.605825 0.456250 0.601665 0.459375 0.601665 0.460938 0.599585 0.462500 0.599585 0.464062 0.580864 0.478125 0.578784 0.478125 0.576704 0.479687 0.574624 0.479687 0.570464 0.482812 0.568384 0.482812 0.566304 0.484375 0.566304 0.489062 0.499741 0.489062 0.499741 0.484375 0.495581 0.481250 0.493501 0.481250 0.489341 0.478125 0.487261 0.478125 0.476860 0.470312 0.476860 0.467187 0.474780 0.465625 0.474780 0.464062 0.472700 0.462500 0.472700 0.460938 0.470620 0.459375 0.464380 0.459375 0.464380 0.415625 0.470620 0.415625 0.474780 0.412500 0.474780 0.410937 0.476860 0.409375 0.476860 0.407812 0.478940 0.406250 0.478940 0.404687 0.491421 0.395312 0.493501 0.395312 0.497661 0.392187 0.499741 0.392187 0.501821 0.390625 0.503901 0.390625 0.508062 0.387500 0.510142 0.387500 0.512222 0.385937 0.516382 0.385937 0.520542 0.382812 0.520542 0.378125
0 0.497661 0.559375 0.497661 0.564062 0.501821 0.567187 0.503901 0.567187 0.505981 0.568750 0.508062 0.568750 0.510142 0.570312 0.512222 0.570312 0.520542 0.576562 0.522622 0.576562 0.539263 0.589062 0.539263 0.590625 0.541343 0.592187 0.541343 0.593750 0.543423 0.595312 0.543423 0.598437 0.547583 0.601562 0.553823 0.601562 0.553823 0.635937 0.547583 0.635937 0.543423 0.639062 0.543423 0.640625 0.539263 0.643750 0.539263 0.645312 0.537183 0.646875 0.537183 0.648438 0.533022 0.651562 0.533022 0.653125 0.528862 0.656250 0.528862 0.657812 0.516382 0.667187 0.514302 0.667187 0.510142 0.670312 0.508062 0.670312 0.505981 0.671875 0.503901 0.671875 0.501821 0.673437 0.497661 0.673437 0.495581 0.675000 0.493501 0.675000 0.489341 0.678125 0.489341 0.682812 0.447739 0.682812 0.447739 0.678125 0.443579 0.675000 0.439419 0.675000 0.437339 0.673437 0.435259 0.673437 0.433179 0.671875 0.431099 0.671875 0.426938 0.668750 0.424858 0.668750 0.410298 0.657812 0.410298 0.656250 0.406138 0.653125 0.406138 0.651562 0.404058 0.650000 0.404058 0.648438 0.401978 0.646875 0.401978 0.645312 0.399897 0.643750 0.399897 0.640625 0.397817 0.639062 0.397817 0.637500 0.395737 0.635937 0.389497 0.635937 0.389497 0.606250 0.395737 0.606250 0.399897 0.603125 0.399897 0.598437 0.401978 0.596875 0.401978 0.595312 0.404058 0.593750 0.404058 0.592187 0.408218 0.589062 0.408218 0.587500 0.410298 0.585937 0.410298 0.584375 0.422778 0.575000 0.424858 0.575000 0.431099 0.570312 0.433179 0.570312 0.435259 0.568750 0.437339 0.568750 0.439419 0.567187 0.441499 0.567187 0.445659 0.564062 0.445659 0.559375
0 0.431099 0.378125 0.431099 0.382812 0.437339 0.387500 0.439419 0.387500 0.443579 0.390625 0.445659 0.390625 0.458140 0.400000 0.458140 0.401562 0.464380 0.406250 0.470620 0.406250 0.470620 0.464062 0.462300 0.464062 0.460220 0.465625 0.460220 0.467187 0.456060 0.470312 0.456060 0.471875 0.447739 0.478125 0.445659 0.478125 0.441499 0.481250 0.439419 0.481250 0.437339 0.482812 0.437339 0.489062 0.397817 0.489062 0.397817 0.484375 0.393657 0.481250 0.389497 0.481250 0.387417 0.479687 0.374937 0.479687 0.372856 0.478125 0.356216 0.478125 0.354136 0.476562 0.347896 0.476562 0.343735 0.473437 0.341655 0.473437 0.337495 0.470312 0.337495 0.468750 0.333335 0.465625 0.333335 0.464062 0.329175 0.460938 0.322935 0.460938 0.322935 0.406250 0.331255 0.406250 0.333335 0.404687 0.333335 0.403125 0.341655 0.396875 0.341655 0.395312 0.349976 0.389062 0.352056 0.389062 0.356216 0.385937 0.358296 0.385937 0.362456 0.382812 0.362456 0.378125
2 0.530942 0.614062 0.522622 0.614062 0.522622 0.609375 0.530942 0.609375 0.530942 0.614062 0.551743 0.629687 0.564224 0.620312 0.566304 0.620312 0.570464 0.617188 0.572544 0.617188 0.576704 0.614062 0.576704 0.609375 0.616226 0.609375 0.616226 0.614062 0.618306 0.615625 0.620386 0.615625 0.622466 0.617188 0.624546 0.617188 0.626626 0.618750 0.628706 0.618750 0.630786 0.620312 0.632866 0.620312 0.637026 0.623438 0.639106 0.623438 0.643267 0.626562 0.645347 0.626562 0.657827 0.635937 0.657827 0.637500 0.659907 0.639062 0.659907 0.640625 0.661987 0.642187 0.670308 0.642187 0.670308 0.695312 0.661987 0.695312 0.659907 0.696875 0.659907 0.698437 0.657827 0.700000 0.657827 0.701562 0.655747 0.703125 0.655747 0.704687 0.637026 0.718750 0.634946 0.718750 0.630786 0.721875 0.626626 0.721875 0.624546 0.723437 0.622466 0.723437 0.620386 0.725000 0.618306 0.725000 0.614146 0.728125 0.614146 0.732812 0.576704 0.732812 0.576704 0.726562 0.574624 0.725000 0.572544 0.725000 0.570464 0.723437 0.566304 0.723437 0.564224 0.721875 0.562144 0.721875 0.557983 0.718750 0.555903 0.718750 0.551743 0.715625 0.549663 0.715625 0.537183 0.706250 0.537183 0.704687 0.535103 0.703125 0.535103 0.701562 0.528862 0.696875 0.522622 0.696875 0.522622 0.657812 0.528862 0.657812 0.533022 0.654687 0.533022 0.653125 0.535103 0.651562 0.535103 0.650000 0.539263 0.646875 0.539263 0.645312 0.543423 0.642187 0.543423 0.640625 0.545503 0.639062 0.545503 0.637500 0.547583 0.635937 0.547583 0.634375 0.551743 0.631250 0.551743 0.629687
2 0.601665 0.484375 0.601665 0.490625 0.603745 0.492188 0.605825 0.492188 0.609985 0.495312 0.612065 0.495312 0.624546 0.504687 0.624546 0.506250 0.630786 0.510937 0.637026 0.510937 0.637026 0.564062 0.628706 0.564062 0.626626 0.565625 0.626626 0.567187 0.622466 0.570312 0.622466 0.571875 0.612065 0.579687 0.609985 0.579687 0.601665 0.585937 0.599585 0.585937 0.597505 0.587500 0.595425 0.587500 0.591265 0.590625 0.591265 0.595312 0.551743 0.595312 0.551743 0.590625 0.547583 0.587500 0.545503 0.587500 0.543423 0.585937 0.541343 0.585937 0.535103 0.581250 0.533022 0.581250 0.526782 0.576562 0.524702 0.576562 0.518462 0.571875 0.516382 0.571875 0.505981 0.564062 0.501821 0.564062 0.499741 0.562500 0.497661 0.562500 0.493501 0.559375 0.493501 0.557812 0.489341 0.554687 0.481021 0.554687 0.481021 0.523437 0.487261 0.523437 0.491421 0.520312 0.491421 0.518750 0.493501 0.517187 0.493501 0.515625 0.495581 0.514062 0.495581 0.512500 0.497661 0.510937 0.497661 0.509375 0.501821 0.506250 0.501821 0.504687 0.512222 0.496875 0.512222 0.495312 0.514302 0.495312 0.518462 0.492188 0.520542 0.492188 0.522622 0.490625 0.524702 0.490625 0.526782 0.489062 0.526782 0.484375
2 0.503901 0.284375 0.503901 0.289062 0.508062 0.292187 0.510142 0.292187 0.512222 0.293750 0.514302 0.293750 0.518462 0.296875 0.520542 0.296875 0.524702 0.300000 0.526782 0.300000 0.541343 0.310937 0.541343 0.312500 0.547583 0.317187 0.553823 0.317187 0.553823 0.365625 0.547583 0.365625 0.541343 0.370312 0.541343 0.371875 0.539263 0.373437 0.539263 0.375000 0.537183 0.375000 0.533022 0.378125 0.530942 0.378125 0.528862 0.379687 0.526782 0.379687 0.524702 0.381250 0.522622 0.381250 0.518462 0.384375 0.518462 0.389062 0.449819 0.389062 0.449819 0.384375 0.447739 0.382812 0.439419 0.382812 0.437339 0.381250 0.431099 0.381250 0.426938 0.378125 0.424858 0.378125 0.422778 0.376562 0.420698 0.376562 0.418618 0.375000 0.418618 0.373437 0.412378 0.368750 0.412378 0.367188 0.410298 0.365625 0.410298 0.364062 0.408218 0.362500 0.408218 0.360937 0.404058 0.357812 0.397817 0.357812 0.397817 0.329687 0.404058 0.329687 0.406138 0.328125 0.406138 0.326562 0.408218 0.325000 0.408218 0.323437 0.410298 0.321875 0.410298 0.318750 0.412378 0.317187 0.412378 0.315625 0.416538 0.312500 0.416538 0.310937 0.418618 0.309375 0.418618 0.307813 0.429019 0.300000 0.431099 0.300000 0.439419 0.293750 0.443579 0.293750 0.445659 0.292187 0.447739 0.292187 0.451899 0.289062 0.451899 0.284375
2 0.329175 0.578125 0.329175 0.582812 0.331255 0.584375 0.333335 0.584375 0.335415 0.585937 0.337495 0.585937 0.339575 0.587500 0.341655 0.587500 0.343735 0.589062 0.345815 0.589062 0.349976 0.592187 0.352056 0.592187 0.362456 0.600000 0.362456 0.601562 0.366616 0.604687 0.366616 0.606250 0.368696 0.607813 0.368696 0.609375 0.372856 0.612500 0.379097 0.612500 0.379097 0.673437 0.372856 0.673437 0.358296 0.684375 0.356216 0.684375 0.352056 0.687500 0.349976 0.687500 0.345815 0.690625 0.343735 0.690625 0.341655 0.692187 0.335415 0.692187 0.333335 0.693750 0.331255 0.693750 0.327095 0.696875 0.327095 0.701562 0.289653 0.701562 0.289653 0.696875 0.285493 0.693750 0.281333 0.693750 0.279253 0.692187 0.275093 0.692187 0.273013 0.690625 0.270933 0.690625 0.268853 0.689062 0.266773 0.689062 0.262612 0.685937 0.260532 0.685937 0.256372 0.682812 0.254292 0.682812 0.254292 0.681250 0.250132 0.678125 0.248052 0.678125 0.245972 0.676562 0.245972 0.675000 0.243892 0.673437 0.243892 0.671875 0.237651 0.667187 0.231411 0.667187 0.231411 0.614062 0.237651 0.614062 0.241812 0.610937 0.241812 0.609375 0.245972 0.606250 0.245972 0.604687 0.266773 0.589062 0.268853 0.589062 0.270933 0.587500 0.273013 0.587500 0.275093 0.585937 0.277173 0.585937 0.279253 0.584375 0.279253 0.578125
1 0.743110 0.000000 0.743110 0.001562 0.747271 0.004687 0.749351 0.004687 0.751431 0.006250 0.751431 0.007812 0.761831 0.015625 0.761831 0.017187 0.768071 0.021875 0.768071 0.023438 0.776392 0.029687 0.776392 0.032812 0.782632 0.037500 0.782632 0.039062 0.784712 0.040625 0.784712 0.043750 0.788872 0.046875 0.795112 0.046875 0.795112 0.151562 0.788872 0.151562 0.784712 0.154687 0.784712 0.156250 0.776392 0.162500 0.776392 0.164062 0.774312 0.165625 0.774312 0.167187 0.770151 0.170312 0.770151 0.171875 0.765991 0.175000 0.765991 0.176562 0.761831 0.179688 0.761831 0.181250 0.753511 0.187500 0.751431 0.187500 0.749351 0.189062 0.747271 0.189062 0.745190 0.190625 0.732710 0.190625 0.730630 0.192187 0.728550 0.192187 0.724390 0.195312 0.722310 0.195312 0.718149 0.198437 0.716069 0.198437 0.711909 0.201562 0.709829 0.201562 0.705669 0.204687 0.703589 0.204687 0.701509 0.206250 0.697349 0.206250 0.693188 0.209375 0.693188 0.214062 0.670308 0.214062 0.670308 0.209375 0.661987 0.203125 0.659907 0.203125 0.655747 0.200000 0.651587 0.200000 0.649507 0.198437 0.647427 0.198437 0.645347 0.196875 0.643267 0.196875 0.641187 0.195312 0.639106 0.195312 0.637026 0.193750 0.630786 0.193750 0.628706 0.192187 0.622466 0.192187 0.620386 0.190625 0.614146 0.190625 0.612065 0.189062 0.597505 0.189062 0.595425 0.187500 0.578784 0.187500 0.576704 0.185937 0.564224 0.185937 0.562144 0.184375 0.557983 0.184375 0.557983 0.178125 0.555903 0.176562 0.555903 0.175000 0.549663 0.170312 0.549663 0.168750 0.547583 0.167187 0.547583 0.165625 0.545503 0.164062 0.545503 0.160937 0.543423 0.159375 0.543423 0.156250 0.545503 0.154687 0.545503 0.148437 0.547583 0.146875 0.547583 0.143750 0.551743 0.140625 0.551743 0.139062 0.560064 0.132812 0.562144 0.132812 0.570464 0.126562 0.570464 0.125000 0.576704 0.120312 0.576704 0.118750 0.578784 0.117188 0.578784 0.115625 0.580864 0.114062 0.578784 0.112500 0.578784 0.103125 0.572544 0.098437 0.570464 0.098437 0.570464 0.096875 0.568384 0.095312 0.564224 0.095312 0.562144 0.093750 0.560064 0.093750 0.557983 0.092187 0.555903 0.092187 0.553823 0.090625 0.551743 0.090625 0.549663 0.089062 0.547583 0.089062 0.545503 0.087500 0.543423 0.087500 0.537183 0.082812 0.535103 0.082812 0.530942 0.079687 0.528862 0.079687 0.514302 0.068750 0.514302 0.067187 0.512222 0.065625 0.512222 0.064062 0.508062 0.060937 0.508062 0.059375 0.503901 0.056250 0.497661 0.056250 0.497661 0.010937 0.503901 0.010937 0.505981 0.009375 0.505981 0.007812 0.508062 0.006250 0.508062 0.004687 0.510142 0.003125 0.510142 0.000000
1 0.260532 0.453125 0.260532 0.457812 0.264692 0.460938 0.266773 0.460938 0.270933 0.464062 0.273013 0.464062 0.283413 0.471875 0.283413 0.473437 0.287573 0.476562 0.287573 0.478125 0.291733 0.481250 0.291733 0.482812 0.293814 0.484375 0.293814 0.485937 0.295894 0.487500 0.304214 0.487500 0.304214 0.521875 0.297974 0.521875 0.295894 0.523437 0.295894 0.525000 0.293814 0.526562 0.293814 0.529687 0.291733 0.531250 0.291733 0.532812 0.285493 0.537500 0.285493 0.539062 0.275093 0.546875 0.273013 0.546875 0.264692 0.553125 0.262612 0.553125 0.258452 0.556250 0.256372 0.556250 0.252212 0.559375 0.252212 0.564062 0.202290 0.564062 0.202290 0.559375 0.198130 0.556250 0.196050 0.556250 0.193970 0.554687 0.191890 0.554687 0.189810 0.553125 0.187730 0.553125 0.183569 0.550000 0.181489 0.550000 0.162769 0.535937 0.162769 0.534375 0.160689 0.532812 0.160689 0.531250 0.158608 0.529687 0.158608 0.528125 0.154448 0.525000 0.148208 0.525000 0.148208 0.489062 0.154448 0.489062 0.158608 0.485937 0.158608 0.484375 0.160689 0.482812 0.160689 0.481250 0.162769 0.479687 0.162769 0.478125 0.169009 0.473437 0.169009 0.471875 0.173169 0.468750 0.175249 0.468750 0.183569 0.462500 0.185649 0.462500 0.187730 0.460938 0.189810 0.460938 0.191890 0.459375 0.191890 0.453125
1 0.077485 0.534375 0.077485 0.539062 0.081646 0.542187 0.085806 0.542187 0.087886 0.543750 0.092046 0.543750 0.096206 0.546875 0.100366 0.546875 0.102446 0.548437 0.108687 0.548437 0.112847 0.551562 0.114927 0.551562 0.117007 0.553125 0.119087 0.553125 0.131567 0.562500 0.137808 0.562500 0.137808 0.607813 0.123247 0.607813 0.117007 0.612500 0.114927 0.612500 0.112847 0.614062 0.110767 0.614062 0.106606 0.617188 0.104526 0.617188 0.102446 0.618750 0.102446 0.620312 0.092046 0.628125 0.092046 0.629687 0.083726 0.635937 0.081646 0.635937 0.077485 0.639062 0.075405 0.639062 0.071245 0.642187 0.067085 0.642187 0.065005 0.643750 0.060845 0.643750 0.056685 0.646875 0.056685 0.651562 0.017163 0.651562 0.017163 0.646875 0.013003 0.643750 0.008843 0.643750 0.006763 0.642187 0.000000 0.642187 0.000000 0.534375
2 0.260532 0.453125 0.260532 0.457812 0.264692 0.460938 0.266773 0.460938 0.270933 0.464062 0.273013 0.464062 0.277173 0.467187 0.277173 0.468750 0.285493 0.475000 0.285493 0.476562 0.289653 0.479687 0.289653 0.481250 0.293814 0.484375 0.293814 0.485937 0.297974 0.489062 0.304214 0.489062 0.304214 0.525000 0.297974 0.525000 0.295894 0.526562 0.295894 0.528125 0.293814 0.529687 0.293814 0.531250 0.291733 0.532812 0.289653 0.532812 0.287573 0.534375 0.287573 0.535937 0.285493 0.537500 0.285493 0.539062 0.275093 0.546875 0.273013 0.546875 0.264692 0.553125 0.262612 0.553125 0.258452 0.556250 0.256372 0.556250 0.252212 0.559375 0.252212 0.564062 0.202290 0.564062 0.202290 0.559375 0.198130 0.556250 0.196050 0.556250 0.193970 0.554687 0.191890 0.554687 0.189810 0.553125 0.187730 0.553125 0.183569 0.550000 0.181489 0.550000 0.162769 0.535937 0.162769 0.534375 0.160689 0.532812 0.160689 0.531250 0.158608 0.529687 0.158608 0.528125 0.154448 0.525000 0.148208 0.525000 0.148208 0.489062 0.154448 0.489062 0.158608 0.485937 0.158608 0.484375 0.160689 0.482812 0.160689 0.481250 0.162769 0.479687 0.162769 0.478125 0.169009 0.473437 0.169009 0.471875 0.173169 0.468750 0.175249 0.468750 0.183569 0.462500 0.185649 0.462500 0.187730 0.460938 0.189810 0.460938 0.191890 0.459375 0.191890 0.453125
2 0.959438 0.509375 0.959438 0.514062 0.961519 0.515625 0.963599 0.515625 0.965679 0.517187 0.969839 0.517187 0.971919 0.518750 0.976079 0.518750 0.978159 0.520312 0.980239 0.520312 0.984399 0.523437 0.986479 0.523437 0.990640 0.526562 0.990640 0.528125 0.992720 0.529687 0.992720 0.531250 0.996880 0.534375 1.000000 0.534375 1.000000 0.675000 0.996880 0.675000 0.992720 0.678125 0.992720 0.679688 0.990640 0.681250 0.990640 0.682812 0.988560 0.684375 0.988560 0.685937 0.986479 0.685937 0.984399 0.687500 0.984399 0.689062 0.973999 0.696875 0.971919 0.696875 0.969839 0.698437 0.967759 0.698437 0.965679 0.700000 0.963599 0.700000 0.959438 0.703125 0.959438 0.707812 0.915757 0.707812 0.915757 0.703125 0.911597 0.700000 0.909517 0.700000 0.907437 0.698437 0.903276 0.698437 0.901196 0.696875 0.899116 0.696875 0.894956 0.693750 0.892876 0.693750 0.888716 0.690625 0.886636 0.690625 0.878315 0.684375 0.878315 0.682812 0.874155 0.679688 0.874155 0.678125 0.872075 0.676562 0.872075 0.675000 0.869995 0.673437 0.869995 0.671875 0.867915 0.670312 0.867915 0.668750 0.863755 0.665625 0.855435 0.665625 0.855435 0.568750 0.861675 0.568750 0.863755 0.567187 0.863755 0.559375 0.865835 0.557812 0.865835 0.546875 0.867915 0.545312 0.867915 0.540625 0.869995 0.539062 0.869995 0.535937 0.872075 0.534375 0.872075 0.532812 0.874155 0.531250 0.874155 0.529687 0.882476 0.523437 0.882476 0.521875 0.888716 0.517187 0.890796 0.517187 0.894956 0.514062 0.894956 0.509375
1 0.524702 0.275000 0.522622 0.273437 0.522622 0.271875 0.520542 0.270312 0.520542 0.264062 0.518462 0.262500 0.518462 0.256250 0.520542 0.254687 0.533022 0.254687 0.537183 0.257812 0.537183 0.259375 0.539263 0.260937 0.541343 0.260937 0.543423 0.262500 0.543423 0.264062 0.545503 0.265625 0.545503 0.268750 0.547583 0.270312 0.547583 0.271875 0.545503 0.273437 0.545503 0.275000 0.539263 0.275000 0.537183 0.276562 0.528862 0.276562 0.526782 0.275000 0.524702 0.275000 0.514302 0.293750 0.520542 0.298437 0.522622 0.298437 0.524702 0.300000 0.526782 0.300000 0.528862 0.301562 0.530942 0.301562 0.543423 0.310937 0.543423 0.312500 0.547583 0.315625 0.549663 0.314062 0.549663 0.310937 0.551743 0.309375 0.551743 0.304688 0.553823 0.303125 0.553823 0.301562 0.557983 0.298437 0.557983 0.296875 0.560064 0.295312 0.562144 0.295312 0.570464 0.289062 0.570464 0.285937 0.572544 0.284375 0.574624 0.284375 0.576704 0.282812 0.578784 0.282812 0.580864 0.281250 0.585024 0.281250 0.587104 0.279687 0.589185 0.279687 0.593345 0.276562 0.593345 0.268750 0.595425 0.267187 0.595425 0.264062 0.597505 0.262500 0.597505 0.260937 0.599585 0.259375 0.599585 0.254687 0.601665 0.253125 0.599585 0.251562 0.599585 0.248437 0.593345 0.243750 0.591265 0.243750 0.589185 0.242188 0.585024 0.242188 0.582944 0.240625 0.580864 0.240625 0.578784 0.239062 0.572544 0.239062 0.566304 0.234375 0.564224 0.234375 0.564224 0.232812 0.566304 0.231250 0.572544 0.231250 0.574624 0.232812 0.576704 0.232812 0.578784 0.234375 0.597505 0.234375 0.599585 0.232812 0.616226 0.232812 0.618306 0.234375 0.626626 0.234375 0.628706 0.235937 0.634946 0.235937 0.637026 0.237500 0.643267 0.237500 0.645347 0.239062 0.651587 0.239062 0.653667 0.240625 0.655747 0.240625 0.657827 0.242188 0.661987 0.242188 0.664067 0.243750 0.668228 0.243750 0.670308 0.245312 0.674468 0.245312 0.676548 0.246875 0.689028 0.246875 0.691108 0.245312 0.691108 0.234375 0.693188 0.232812 0.697349 0.232812 0.699429 0.231250 0.705669 0.231250 0.707749 0.229687 0.713989 0.229687 0.716069 0.228125 0.730630 0.228125 0.732710 0.226562 0.761831 0.226562 0.763911 0.225000 0.786792 0.225000 0.786792 0.259375 0.778472 0.259375 0.776392 0.260937 0.776392 0.264062 0.774312 0.265625 0.774312 0.268750 0.772231 0.270312 0.772231 0.273437 0.770151 0.275000 0.770151 0.276562 0.768071 0.278125 0.768071 0.279687 0.765991 0.281250 0.765991 0.284375 0.763911 0.285937 0.763911 0.287500 0.761831 0.289062 0.761831 0.292187 0.759751 0.293750 0.759751 0.301562 0.757671 0.303125 0.757671 0.304688 0.751431 0.309375 0.751431 0.310937 0.743110 0.317187 0.743110 0.318750 0.728550 0.329687 0.726470 0.329687 0.718149 0.335938 0.716069 0.335938 0.711909 0.339062 0.709829 0.339062 0.705669 0.342187 0.703589 0.342187 0.699429 0.345312 0.697349 0.345312 0.693188 0.348437 0.691108 0.348437 0.689028 0.350000 0.686948 0.350000 0.684868 0.351562 0.682788 0.351562 0.678628 0.354687 0.676548 0.354687 0.672388 0.357812 0.670308 0.357812 0.666147 0.360937 0.664067 0.360937 0.661987 0.362500 0.659907 0.362500 0.655747 0.365625 0.651587 0.365625 0.649507 0.367188 0.645347 0.367188 0.643267 0.368750 0.639106 0.368750 0.634946 0.371875 0.634946 0.376562 0.578784 0.376562 0.578784 0.371875 0.574624 0.368750 0.574624 0.367188 0.562144 0.357812 0.557983 0.357812 0.555903 0.356250 0.551743 0.359375 0.551743 0.360937 0.549663 0.362500 0.549663 0.364062 0.541343 0.370312 0.541343 0.376562 0.505981 0.376562 0.505981 0.293750 0.514302 0.293750