1 0.600103 0.478125 0.600103 0.484375 0.598022 0.485937 0.595942 0.485937 0.593862 0.487500 0.591782 0.487500 0.589702 0.489062 0.585542 0.489062 0.583462 0.490625 0.581382 0.490625 0.566821 0.501562 0.566821 0.503125 0.564741 0.504687 0.564741 0.506250 0.560581 0.509375 0.554341 0.509375 0.554341 0.556250 0.560581 0.556250 0.566821 0.560937 0.566821 0.562500 0.587622 0.578125 0.589702 0.578125 0.593862 0.581250 0.595942 0.581250 0.598022 0.582812 0.600103 0.582812 0.602183 0.584375 0.606343 0.584375 0.608423 0.585937 0.610503 0.585937 0.612583 0.587500 0.614663 0.587500 0.618823 0.590625 0.618823 0.595312 0.647944 0.595312 0.647944 0.590625 0.650024 0.589062 0.652104 0.589062 0.654185 0.587500 0.656265 0.587500 0.658345 0.585937 0.660425 0.585937 0.662505 0.584375 0.666665 0.584375 0.668745 0.582812 0.672905 0.582812 0.677065 0.579687 0.679145 0.579687 0.691626 0.570312 0.691626 0.568750 0.697866 0.564062 0.697866 0.562500 0.704106 0.557812 0.710347 0.557812 0.710347 0.517187 0.704106 0.517187 0.699946 0.514062 0.699946 0.510937 0.697866 0.509375 0.697866 0.506250 0.693706 0.503125 0.693706 0.501562 0.687466 0.496875 0.687466 0.495312 0.677065 0.487500 0.674985 0.487500 0.668745 0.482812 0.668745 0.478125
1 0.431616 0.378125 0.431616 0.382812 0.427456 0.385937 0.425376 0.385937 0.423296 0.387500 0.421216 0.387500 0.417056 0.390625 0.414976 0.390625 0.404575 0.398438 0.404575 0.400000 0.400415 0.403125 0.400415 0.404687 0.394175 0.409375 0.387935 0.409375 0.387935 0.456250 0.394175 0.456250 0.398335 0.459375 0.398335 0.460938 0.400415 0.462500 0.400415 0.464062 0.419136 0.478125 0.421216 0.478125 0.423296 0.479687 0.425376 0.479687 0.429536 0.482812 0.431616 0.482812 0.433696 0.484375 0.433696 0.489062 0.500259 0.489062 0.500259 0.484375 0.504419 0.481250 0.506499 0.481250 0.510659 0.478125 0.512739 0.478125 0.523140 0.470312 0.523140 0.467187 0.525220 0.465625 0.525220 0.464062 0.527300 0.462500 0.527300 0.460938 0.529380 0.459375 0.535620 0.459375 0.535620 0.415625 0.529380 0.415625 0.525220 0.412500 0.525220 0.410937 0.523140 0.409375 0.523140 0.407812 0.521060 0.406250 0.521060 0.404687 0.508579 0.395312 0.506499 0.395312 0.502339 0.392187 0.500259 0.392187 0.498179 0.390625 0.496099 0.390625 0.491938 0.387500 0.489858 0.387500 0.487778 0.385937 0.483618 0.385937 0.479458 0.382812 0.479458 0.378125
0 0.502339 0.559375 0.502339 0.564062 0.498179 0.567187 0.496099 0.567187 0.494019 0.568750 0.491938 0.568750 0.489858 0.570312 0.487778 0.570312 0.479458 0.576562 0.477378 0.576562 0.460737 0.589062 0.460737 0.590625 0.458657 0.592187 0.458657 0.593750 0.456577 0.595312 0.456577 0.598437 0.452417 0.601562 0.446177 0.601562 0.446177 0.635937 0.452417 0.635937 0.456577 0.639062 0.456577 0.640625 0.460737 0.643750 0.460737 0.645312 0.462817 0.646875 0.462817 0.648438 0.466978 0.651562 0.466978 0.653125 0.471138 0.656250 0.471138 0.657812 0.483618 0.667187 0.485698 0.667187 0.489858 0.670312 0.491938 0.670312 0.494019 0.671875 0.496099 0.671875 0.498179 0.673437 0.502339 0.673437 0.504419 0.675000 0.506499 0.675000 0.510659 0.678125 0.510659 0.682812 0.552261 0.682812 0.552261 0.678125 0.556421 0.675000 0.560581 0.675000 0.562661 0.673437 0.564741 0.673437 0.566821 0.671875 0.568901 0.671875 0.573062 0.668750 0.575142 0.668750 0.589702 0.657812 0.589702 0.656250 0.593862 0.653125 0.593862 0.651562 0.595942 0.650000 0.595942 0.648438 0.598022 0.646875 0.598022 0.645312 0.600103 0.643750 0.600103 0.640625 0.602183 0.639062 0.602183 0.637500 0.604263 0.635937 0.610503 0.635937 0.610503 0.606250 0.604263 0.606250 0.600103 0.603125 0.600103 0.598437 0.598022 0.596875 0.598022 0.595312 0.595942 0.593750 0.595942 0.592187 0.591782 0.589062 0.591782 0.587500 0.589702 0.585937 0.589702 0.584375 0.577222 0.575000 0.575142 0.575000 0.568901 0.570312 0.566821 0.570312 0.564741 0.568750 0.562661 0.568750 0.560581 0.567187 0.558501 0.567187 0.554341 0.564062 0.554341 0.559375
0 0.568901 0.378125 0.568901 0.382812 0.562661 0.387500 0.560581 0.387500 0.556421 0.390625 0.554341 0.390625 0.541860 0.400000 0.541860 0.401562 0.535620 0.406250 0.529380 0.406250 0.529380 0.464062 0.537700 0.464062 0.539780 0.465625 0.539780 0.467187 0.543940 0.470312 0.543940 0.471875 0.552261 0.478125 0.554341 0.478125 0.558501 0.481250 0.560581 0.481250 0.562661 0.482812 0.562661 0.489062 0.602183 0.489062 0.602183 0.484375 0.606343 0.481250 0.610503 0.481250 0.612583 0.479687 0.625063 0.479687 0.627144 0.478125 0.643784 0.478125 0.645864 0.476562 0.652104 0.476562 0.656265 0.473437 0.658345 0.473437 0.662505 0.470312 0.662505 0.468750 0.666665 0.465625 0.666665 0.464062 0.670825 0.460938 0.677065 0.460938 0.677065 0.406250 0.668745 0.406250 0.666665 0.404687 0.666665 0.403125 0.658345 0.396875 0.658345 0.395312 0.650024 0.389062 0.647944 0.389062 0.643784 0.385937 0.641704 0.385937 0.637544 0.382812 0.637544 0.378125
2 0.469058 0.614062 0.477378 0.614062 0.477378 0.609375 0.469058 0.609375 0.469058 0.614062 0.448257 0.629687 0.435776 0.620312 0.433696 0.620312 0.429536 0.617188 0.427456 0.617188 0.423296 0.614062 0.423296 0.609375 0.383774 0.609375 0.383774 0.614062 0.381694 0.615625 0.379614 0.615625 0.377534 0.617188 0.375454 0.617188 0.373374 0.618750 0.371294 0.618750 0.369214 0.620312 0.367134 0.620312 0.362974 0.623438 0.360894 0.623438 0.356733 0.626562 0.354653 0.626562 0.342173 0.635937 0.342173 0.637500 0.340093 0.639062 0.340093 0.640625 0.338013 0.642187 0.329692 0.642187 0.329692 0.695312 0.338013 0.695312 0.340093 0.696875 0.340093 0.698437 0.342173 0.700000 0.342173 0.701562 0.344253 0.703125 0.344253 0.704687 0.362974 0.718750 0.365054 0.718750 0.369214 0.721875 0.373374 0.721875 0.375454 0.723437 0.377534 0.723437 0.379614 0.725000 0.381694 0.725000 0.385854 0.728125 0.385854 0.732812 0.423296 0.732812 0.423296 0.726562 0.425376 0.725000 0.427456 0.725000 0.429536 0.723437 0.433696 0.723437 0.435776 0.721875 0.437856 0.721875 0.442017 0.718750 0.444097 0.718750 0.448257 0.715625 0.450337 0.715625 0.462817 0.706250 0.462817 0.704687 0.464897 0.703125 0.464897 0.701562 0.471138 0.696875 0.477378 0.696875 0.477378 0.657812 0.471138 0.657812 0.466978 0.654687 0.466978 0.653125 0.464897 0.651562 0.464897 0.650000 0.460737 0.646875 0.460737 0.645312 0.456577 0.642187 0.456577 0.640625 0.454497 0.639062 0.454497 0.637500 0.452417 0.635937 0.452417 0.634375 0.448257 0.631250 0.448257 0.629687
2 0.398335 0.484375 0.398335 0.490625 0.396255 0.492188 0.394175 0.492188 0.390015 0.495312 0.387935 0.495312 0.375454 0.504687 0.375454 0.506250 0.369214 0.510937 0.362974 0.510937 0.362974 0.564062 0.371294 0.564062 0.373374 0.565625 0.373374 0.567187 0.377534 0.570312 0.377534 0.571875 0.387935 0.579687 0.390015 0.579687 0.398335 0.585937 0.400415 0.585937 0.402495 0.587500 0.404575 0.587500 0.408735 0.590625 0.408735 0.595312 0.448257 0.595312 0.448257 0.590625 0.452417 0.587500 0.454497 0.587500 0.456577 0.585937 0.458657 0.585937 0.464897 0.581250 0.466978 0.581250 0.473218 0.576562 0.475298 0.576562 0.481538 0.571875 0.483618 0.571875 0.494019 0.564062 0.498179 0.564062 0.500259 0.562500 0.502339 0.562500 0.506499 0.559375 0.506499 0.557812 0.510659 0.554687 0.518979 0.554687 0.518979 0.523437 0.512739 0.523437 0.508579 0.520312 0.508579 0.518750 0.506499 0.517187 0.506499 0.515625 0.504419 0.514062 0.504419 0.512500 0.502339 0.510937 0.502339 0.509375 0.498179 0.506250 0.498179 0.504687 0.487778 0.496875 0.487778 0.495312 0.485698 0.495312 0.481538 0.492188 0.479458 0.492188 0.477378 0.490625 0.475298 0.490625 0.473218 0.489062 0.473218 0.484375
2 0.496099 0.284375 0.496099 0.289062 0.491938 0.292187 0.489858 0.292187 0.487778 0.293750 0.485698 0.293750 0.481538 0.296875 0.479458 0.296875 0.475298 0.300000 0.473218 0.300000 0.458657 0.310937 0.458657 0.312500 0.452417 0.317187 0.446177 0.317187 0.446177 0.365625 0.452417 0.365625 0.458657 0.370312 0.458657 0.371875 0.460737 0.373437 0.460737 0.375000 0.462817 0.375000 0.466978 0.378125 0.469058 0.378125 0.471138 0.379687 0.473218 0.379687 0.475298 0.381250 0.477378 0.381250 0.481538 0.384375 0.481538 0.389062 0.550181 0.389062 0.550181 0.384375 0.552261 0.382812 0.560581 0.382812 0.562661 0.381250 0.568901 0.381250 0.573062 0.378125 0.575142 0.378125 0.577222 0.376562 0.579302 0.376562 0.581382 0.375000 0.581382 0.373437 0.587622 0.368750 0.587622 0.367188 0.589702 0.365625 0.589702 0.364062 0.591782 0.362500 0.591782 0.360937 0.595942 0.357812 0.602183 0.357812 0.602183 0.329687 0.595942 0.329687 0.593862 0.328125 0.593862 0.326562 0.591782 0.325000 0.591782 0.323437 0.589702 0.321875 0.589702 0.318750 0.587622 0.317187 0.587622 0.315625 0.583462 0.312500 0.583462 0.310937 0.581382 0.309375 0.581382 0.307813 0.570981 0.300000 0.568901 0.300000 0.560581 0.293750 0.556421 0.293750 0.554341 0.292187 0.552261 0.292187 0.548101 0.289062 0.548101 0.284375
2 0.670825 0.578125 0.670825 0.582812 0.668745 0.584375 0.666665 0.584375 0.664585 0.585937 0.662505 0.585937 0.660425 0.587500 0.658345 0.587500 0.656265 0.589062 0.654185 0.589062 0.650024 0.592187 0.647944 0.592187 0.637544 0.600000 0.637544 0.601562 0.633384 0.604687 0.633384 0.606250 0.631304 0.607813 0.631304 0.609375 0.627144 0.612500 0.620903 0.612500 0.620903 0.673437 0.627144 0.673437 0.641704 0.684375 0.643784 0.684375 0.647944 0.687500 0.650024 0.687500 0.654185 0.690625 0.656265 0.690625 0.658345 0.692187 0.664585 0.692187 0.666665 0.693750 0.668745 0.693750 0.672905 0.696875 0.672905 0.701562 0.710347 0.701562 0.710347 0.696875 0.714507 0.693750 0.718667 0.693750 0.720747 0.692187 0.724907 0.692187 0.726987 0.690625 0.729067 0.690625 0.731147 0.689062 0.733227 0.689062 0.737388 0.685937 0.739468 0.685937 0.743628 0.682812 0.745708 0.682812 0.745708 0.681250 0.749868 0.678125 0.751948 0.678125 0.754028 0.676562 0.754028 0.675000 0.756108 0.673437 0.756108 0.671875 0.762349 0.667187 0.768589 0.667187 0.768589 0.614062 0.762349 0.614062 0.758188 0.610937 0.758188 0.609375 0.754028 0.606250 0.754028 0.604687 0.733227 0.589062 0.731147 0.589062 0.729067 0.587500 0.726987 0.587500 0.724907 0.585937 0.722827 0.585937 0.720747 0.584375 0.720747 0.578125
1 0.256890 0.000000 0.256890 0.001562 0.252729 0.004687 0.250649 0.004687 0.248569 0.006250 0.248569 0.007812 0.238169 0.015625 0.238169 0.017187 0.231929 0.021875 0.231929 0.023438 0.223608 0.029687 0.223608 0.032812 0.217368 0.037500 0.217368 0.039062 0.215288 0.040625 0.215288 0.043750 0.211128 0.046875 0.204888 0.046875 0.204888 0.151562 0.211128 0.151562 0.215288 0.154687 0.215288 0.156250 0.223608 0.162500 0.223608 0.164062 0.225688 0.165625 0.225688 0.167187 0.229849 0.170312 0.229849 0.171875 0.234009 0.175000 0.234009 0.176562 0.238169 0.179688 0.238169 0.181250 0.246489 0.187500 0.248569 0.187500 0.250649 0.189062 0.252729 0.189062 0.254810 0.190625 0.267290 0.190625 0.269370 0.192187 0.271450 0.192187 0.275610 0.195312 0.277690 0.195312 0.281851 0.198437 0.283931 0.198437 0.288091 0.201562 0.290171 0.201562 0.294331 0.204687 0.296411 0.204687 0.298491 0.206250 0.302651 0.206250 0.306812 0.209375 0.306812 0.214062 0.329692 0.214062 0.329692 0.209375 0.338013 0.203125 0.340093 0.203125 0.344253 0.200000 0.348413 0.200000 0.350493 0.198437 0.352573 0.198437 0.354653 0.196875 0.356733 0.196875 0.358813 0.195312 0.360894 0.195312 0.362974 0.193750 0.369214 0.193750 0.371294 0.192187 0.377534 0.192187 0.379614 0.190625 0.385854 0.190625 0.387935 0.189062 0.402495 0.189062 0.404575 0.187500 0.421216 0.187500 0.423296 0.185937 0.435776 0.185937 0.437856 0.184375 0.442017 0.184375 0.442017 0.178125 0.444097 0.176562 0.444097 0.175000 0.450337 0.170312 0.450337 0.168750 0.452417 0.167187 0.452417 0.165625 0.454497 0.164062 0.454497 0.160937 0.456577 0.159375 0.456577 0.156250 0.454497 0.154687 0.454497 0.148437 0.452417 0.146875 0.452417 0.143750 0.448257 0.140625 0.448257 0.139062 0.439936 0.132812 0.437856 0.132812 0.429536 0.126562 0.429536 0.125000 0.423296 0.120312 0.423296 0.118750 0.421216 0.117188 0.421216 0.115625 0.419136 0.114062 0.421216 0.112500 0.421216 0.103125 0.427456 0.098437 0.429536 0.098437 0.429536 0.096875 0.431616 0.095312 0.435776 0.095312 0.437856 0.093750 0.439936 0.093750 0.442017 0.092187 0.444097 0.092187 0.446177 0.090625 0.448257 0.090625 0.450337 0.089062 0.452417 0.089062 0.454497 0.087500 0.456577 0.087500 0.462817 0.082812 0.464897 0.082812 0.469058 0.079687 0.471138 0.079687 0.485698 0.068750 0.485698 0.067187 0.487778 0.065625 0.487778 0.064062 0.491938 0.060937 0.491938 0.059375 0.496099 0.056250 0.502339 0.056250 0.502339 0.010937 0.496099 0.010937 0.494019 0.009375 0.494019 0.007812 0.491938 0.006250 0.491938 0.004687 0.489858 0.003125 0.489858 0.000000
1 0.739468 0.453125 0.739468 0.457812 0.735308 0.460938 0.733227 0.460938 0.729067 0.464062 0.726987 0.464062 0.716587 0.471875 0.716587 0.473437 0.712427 0.476562 0.712427 0.478125 0.708267 0.481250 0.708267 0.482812 0.706186 0.484375 0.706186 0.485937 0.704106 0.487500 0.695786 0.487500 0.695786 0.521875 0.702026 0.521875 0.704106 0.523437 0.704106 0.525000 0.706186 0.526562 0.706186 0.529687 0.708267 0.531250 0.708267 0.532812 0.714507 0.537500 0.714507 0.539062 0.724907 0.546875 0.726987 0.546875 0.735308 0.553125 0.737388 0.553125 0.741548 0.556250 0.743628 0.556250 0.747788 0.559375 0.747788 0.564062 0.797710 0.564062 0.797710 0.559375 0.801870 0.556250 0.803950 0.556250 0.806030 0.554687 0.808110 0.554687 0.810190 0.553125 0.812270 0.553125 0.816431 0.550000 0.818511 0.550000 0.837231 0.535937 0.837231 0.534375 0.839311 0.532812 0.839311 0.531250 0.841392 0.529687 0.841392 0.528125 0.845552 0.525000 0.851792 0.525000 0.851792 0.489062 0.845552 0.489062 0.841392 0.485937 0.841392 0.484375 0.839311 0.482812 0.839311 0.481250 0.837231 0.479687 0.837231 0.478125 0.830991 0.473437 0.830991 0.471875 0.826831 0.468750 0.824751 0.468750 0.816431 0.462500 0.814351 0.462500 0.812270 0.460938 0.810190 0.460938 0.808110 0.459375 0.808110 0.453125
1 0.922515 0.534375 0.922515 0.539062 0.918354 0.542187 0.914194 0.542187 0.912114 0.543750 0.907954 0.543750 0.903794 0.546875 0.899634 0.546875 0.897554 0.548437 0.891313 0.548437 0.887153 0.551562 0.885073 0.551562 0.882993 0.553125 0.880913 0.553125 0.868433 0.562500 0.862192 0.562500 0.862192 0.607813 0.876753 0.607813 0.882993 0.612500 0.885073 0.612500 0.887153 0.614062 0.889233 0.614062 0.893394 0.617188 0.895474 0.617188 0.897554 0.618750 0.897554 0.620312 0.907954 0.628125 0.907954 0.629687 0.916274 0.635937 0.918354 0.635937 0.922515 0.639062 0.924595 0.639062 0.928755 0.642187 0.932915 0.642187 0.934995 0.643750 0.939155 0.643750 0.943315 0.646875 0.943315 0.651562 0.982837 0.651562 0.982837 0.646875 0.986997 0.643750 0.991157 0.643750 0.993237 0.642187 1.000000 0.642187 1.000000 0.534375
2 0.739468 0.453125 0.739468 0.457812 0.735308 0.460938 0.733227 0.460938 0.729067 0.464062 0.726987 0.464062 0.722827 0.467187 0.722827 0.468750 0.714507 0.475000 0.714507 0.476562 0.710347 0.479687 0.710347 0.481250 0.706186 0.484375 0.706186 0.485937 0.702026 0.489062 0.695786 0.489062 0.695786 0.525000 0.702026 0.525000 0.704106 0.526562 0.704106 0.528125 0.706186 0.529687 0.706186 0.531250 0.708267 0.532812 0.710347 0.532812 0.712427 0.534375 0.712427 0.535937 0.714507 0.537500 0.714507 0.539062 0.724907 0.546875 0.726987 0.546875 0.735308 0.553125 0.737388 0.553125 0.741548 0.556250 0.743628 0.556250 0.747788 0.559375 0.747788 0.564062 0.797710 0.564062 0.797710 0.559375 0.801870 0.556250 0.803950 0.556250 0.806030 0.554687 0.808110 0.554687 0.810190 0.553125 0.812270 0.553125 0.816431 0.550000 0.818511 0.550000 0.837231 0.535937 0.837231 0.534375 0.839311 0.532812 0.839311 0.531250 0.841392 0.529687 0.841392 0.528125 0.845552 0.525000 0.851792 0.525000 0.851792 0.489062 0.845552 0.489062 0.841392 0.485937 0.841392 0.484375 0.839311 0.482812 0.839311 0.481250 0.837231 0.479687 0.837231 0.478125 0.830991 0.473437 0.830991 0.471875 0.826831 0.468750 0.824751 0.468750 0.816431 0.462500 0.814351 0.462500 0.812270 0.460938 0.810190 0.460938 0.808110 0.459375 0.808110 0.453125
2 0.040562 0.509375 0.040562 0.514062 0.038481 0.515625 0.036401 0.515625 0.034321 0.517187 0.030161 0.517187 0.028081 0.518750 0.023921 0.518750 0.021841 0.520312 0.019761 0.520312 0.015601 0.523437 0.013521 0.523437 0.009360 0.526562 0.009360 0.528125 0.007280 0.529687 0.007280 0.531250 0.003120 0.534375 0.000000 0.534375 0.000000 0.675000 0.003120 0.675000 0.007280 0.678125 0.007280 0.679688 0.009360 0.681250 0.009360 0.682812 0.011440 0.684375 0.011440 0.685937 0.013521 0.685937 0.015601 0.687500 0.015601 0.689062 0.026001 0.696875 0.028081 0.696875 0.030161 0.698437 0.032241 0.698437 0.034321 0.700000 0.036401 0.700000 0.040562 0.703125 0.040562 0.707812 0.084243 0.707812 0.084243 0.703125 0.088403 0.700000 0.090483 0.700000 0.092563 0.698437 0.096724 0.698437 0.098804 0.696875 0.100884 0.696875 0.105044 0.693750 0.107124 0.693750 0.111284 0.690625 0.113364 0.690625 0.121685 0.684375 0.121685 0.682812 0.125845 0.679688 0.125845 0.678125 0.127925 0.676562 0.127925 0.675000 0.130005 0.673437 0.130005 0.671875 0.132085 0.670312 0.132085 0.668750 0.136245 0.665625 0.144565 0.665625 0.144565 0.568750 0.138325 0.568750 0.136245 0.567187 0.136245 0.559375 0.134165 0.557812 0.134165 0.546875 0.132085 0.545312 0.132085 0.540625 0.130005 0.539062 0.130005 0.535937 0.127925 0.534375 0.127925 0.532812 0.125845 0.531250 0.125845 0.529687 0.117524 0.523437 0.117524 0.521875 0.111284 0.517187 0.109204 0.517187 0.105044 0.514062 0.105044 0.509375
1 0.475298 0.275000 0.477378 0.273437 0.477378 0.271875 0.479458 0.270312 0.479458 0.264062 0.481538 0.262500 0.481538 0.256250 0.479458 0.254687 0.466978 0.254687 0.462817 0.257812 0.462817 0.259375 0.460737 0.260937 0.458657 0.260937 0.456577 0.262500 0.456577 0.264062 0.454497 0.265625 0.454497 0.268750 0.452417 0.270312 0.452417 0.271875 0.454497 0.273437 0.454497 0.275000 0.460737 0.275000 0.462817 0.276562 0.471138 0.276562 0.473218 0.275000 0.475298 0.275000 0.485698 0.293750 0.479458 0.298437 0.477378 0.298437 0.475298 0.300000 0.473218 0.300000 0.471138 0.301562 0.469058 0.301562 0.456577 0.310937 0.456577 0.312500 0.452417 0.315625 0.450337 0.314062 0.450337 0.310937 0.448257 0.309375 0.448257 0.304688 0.446177 0.303125 0.446177 0.301562 0.442017 0.298437 0.442017 0.296875 0.439936 0.295312 0.437856 0.295312 0.429536 0.289062 0.429536 0.285937 0.427456 0.284375 0.425376 0.284375 0.423296 0.282812 0.421216 0.282812 0.419136 0.281250 0.414976 0.281250 0.412896 0.279687 0.410815 0.279687 0.406655 0.276562 0.406655 0.268750 0.404575 0.267187 0.404575 0.264062 0.402495 0.262500 0.402495 0.260937 0.400415 0.259375 0.400415 0.254687 0.398335 0.253125 0.400415 0.251562 0.400415 0.248437 0.406655 0.243750 0.408735 0.243750 0.410815 0.242188 0.414976 0.242188 0.417056 0.240625 0.419136 0.240625 0.421216 0.239062 0.427456 0.239062 0.433696 0.234375 0.435776 0.234375 0.435776 0.232812 0.433696 0.231250 0.427456 0.231250 0.425376 0.232812 0.423296 0.232812 0.421216 0.234375 0.402495 0.234375 0.400415 0.232812 0.383774 0.232812 0.381694 0.234375 0.373374 0.234375 0.371294 0.235937 0.365054 0.235937 0.362974 0.237500 0.356733 0.237500 0.354653 0.239062 0.348413 0.239062 0.346333 0.240625 0.344253 0.240625 0.342173 0.242188 0.338013 0.242188 0.335933 0.243750 0.331772 0.243750 0.329692 0.245312 0.325532 0.245312 0.323452 0.246875 0.310972 0.246875 0.308892 0.245312 0.308892 0.234375 0.306812 0.232812 0.302651 0.232812 0.300571 0.231250 0.294331 0.231250 0.292251 0.229687 0.286011 0.229687 0.283931 0.228125 0.269370 0.228125 0.267290 0.226562 0.238169 0.226562 0.236089 0.225000 0.213208 0.225000 0.213208 0.259375 0.221528 0.259375 0.223608 0.260937 0.223608 0.264062 0.225688 0.265625 0.225688 0.268750 0.227769 0.270312 0.227769 0.273437 0.229849 0.275000 0.229849 0.276562 0.231929 0.278125 0.231929 0.279687 0.234009 0.281250 0.234009 0.284375 0.236089 0.285937 0.236089 0.287500 0.238169 0.289062 0.238169 0.292187 0.240249 0.293750 0.240249 0.301562 0.242329 0.303125 0.242329 0.304688 0.248569 0.309375 0.248569 0.310937 0.256890 0.317187 0.256890 0.318750 0.271450 0.329687 0.273530 0.329687 0.281851 0.335938 0.283931 0.335938 0.288091 0.339062 0.290171 0.339062 0.294331 0.342187 0.296411 0.342187 0.300571 0.345312 0.302651 0.345312 0.306812 0.348437 0.308892 0.348437 0.310972 0.350000 0.313052 0.350000 0.315132 0.351562 0.317212 0.351562 0.321372 0.354687 0.323452 0.354687 0.327612 0.357812 0.329692 0.357812 0.333853 0.360937 0.335933 0.360937 0.338013 0.362500 0.340093 0.362500 0.344253 0.365625 0.348413 0.365625 0.350493 0.367188 0.354653 0.367188 0.356733 0.368750 0.360894 0.368750 0.365054 0.371875 0.365054 0.376562 0.421216 0.376562 0.421216 0.371875 0.425376 0.368750 0.425376 0.367188 0.437856 0.357812 0.442017 0.357812 0.444097 0.356250 0.448257 0.359375 0.448257 0.360937 0.450337 0.362500 0.450337 0.364062 0.458657 0.370312 0.458657 0.376562 0.494019 0.376562 0.494019 0.293750 0.485698 0.293750