0 0.603125 0.520833 0.603125 0.527083 0.606250 0.531250 0.607812 0.531250 0.614062 0.539583 0.615625 0.539583 0.623437 0.550000 0.628125 0.550000 0.628125 0.629167 0.623437 0.629167 0.620313 0.633333 0.620313 0.635417 0.617188 0.639583 0.617188 0.641667 0.610938 0.650000 0.609375 0.650000 0.606250 0.654167 0.604688 0.654167 0.603125 0.656250 0.601562 0.656250 0.600000 0.658333 0.596875 0.658333 0.593750 0.662500 0.593750 0.668750 0.571875 0.668750 0.571875 0.662500 0.570312 0.660417 0.568750 0.660417 0.567187 0.658333 0.565625 0.658333 0.564063 0.656250 0.562500 0.656250 0.560937 0.654167 0.559375 0.654167 0.556250 0.650000 0.554688 0.650000 0.543750 0.635417 0.543750 0.633333 0.540625 0.629167 0.535937 0.629167 0.535937 0.558333 0.542188 0.558333 0.543750 0.556250 0.543750 0.554167 0.553125 0.541667 0.554688 0.541667 0.557813 0.537500 0.559375 0.537500 0.562500 0.533333 0.564063 0.533333 0.565625 0.531250 0.567187 0.531250 0.570312 0.527083 0.570312 0.520833
2 0.692187 0.587500 0.692187 0.593750 0.695312 0.597917 0.696875 0.597917 0.698438 0.600000 0.700000 0.600000 0.701562 0.602083 0.703125 0.602083 0.714063 0.616667 0.714063 0.618750 0.715625 0.620833 0.721875 0.620833 0.721875 0.691667 0.717187 0.691667 0.714063 0.695833 0.714063 0.697917 0.712500 0.697917 0.707812 0.704167 0.707812 0.706250 0.706250 0.708333 0.706250 0.710417 0.700000 0.718750 0.700000 0.720833 0.693750 0.729167 0.692187 0.729167 0.690625 0.731250 0.689063 0.731250 0.687500 0.733333 0.685937 0.733333 0.682813 0.737500 0.682813 0.743750 0.654687 0.743750 0.654687 0.737500 0.650000 0.731250 0.646875 0.731250 0.645312 0.729167 0.643750 0.729167 0.642188 0.727083 0.640625 0.727083 0.635938 0.720833 0.634375 0.720833 0.634375 0.718750 0.626563 0.708333 0.626563 0.706250 0.625000 0.704167 0.623437 0.704167 0.621875 0.702083 0.617188 0.702083 0.617188 0.635417 0.621875 0.635417 0.635938 0.616667 0.635938 0.614583 0.637500 0.614583 0.643750 0.606250 0.645312 0.606250 0.653125 0.595833 0.653125 0.587500
0 0.575000 0.287500 0.575000 0.293750 0.576562 0.295833 0.578125 0.295833 0.579688 0.297917 0.581250 0.297917 0.587500 0.306250 0.589063 0.306250 0.596875 0.316667 0.596875 0.318750 0.604688 0.329167 0.609375 0.329167 0.609375 0.397917 0.604688 0.397917 0.601562 0.402083 0.601562 0.404167 0.589063 0.420833 0.587500 0.420833 0.584375 0.425000 0.582812 0.425000 0.579688 0.429167 0.579688 0.435417 0.531250 0.435417 0.531250 0.427083 0.529687 0.425000 0.528125 0.425000 0.525000 0.420833 0.523438 0.420833 0.512500 0.406250 0.512500 0.404167 0.507812 0.397917 0.507812 0.395833 0.506250 0.393750 0.506250 0.389583 0.503125 0.385417 0.498438 0.385417 0.498438 0.341667 0.503125 0.341667 0.504687 0.339583 0.504687 0.337500 0.506250 0.335417 0.506250 0.333333 0.507812 0.331250 0.507812 0.329167 0.509375 0.327083 0.509375 0.325000 0.512500 0.320833 0.512500 0.318750 0.521875 0.306250 0.523438 0.306250 0.528125 0.300000 0.529687 0.300000 0.531250 0.297917 0.532813 0.297917 0.535937 0.293750 0.535937 0.287500
2 0.462500 0.362500 0.462500 0.368750 0.465625 0.372917 0.467188 0.372917 0.470312 0.377083 0.471875 0.377083 0.492188 0.404167 0.496875 0.404167 0.496875 0.445833 0.492188 0.445833 0.487500 0.452083 0.487500 0.456250 0.485937 0.458333 0.485937 0.460417 0.484375 0.462500 0.484375 0.464583 0.481250 0.468750 0.481250 0.470833 0.479688 0.472917 0.479688 0.475000 0.478125 0.477083 0.478125 0.479167 0.475000 0.483333 0.475000 0.485417 0.467188 0.495833 0.467188 0.502083 0.431250 0.502083 0.431250 0.495833 0.428125 0.491667 0.425000 0.491667 0.423437 0.489583 0.420313 0.489583 0.418750 0.487500 0.415625 0.487500 0.412500 0.483333 0.410937 0.483333 0.401563 0.470833 0.401563 0.468750 0.396875 0.462500 0.392187 0.462500 0.392187 0.402083 0.396875 0.402083 0.401563 0.395833 0.401563 0.393750 0.417188 0.372917 0.418750 0.372917 0.421875 0.368750 0.421875 0.362500
2 0.676562 0.429167 0.676562 0.435417 0.679688 0.439583 0.681250 0.439583 0.682813 0.441667 0.684375 0.441667 0.687500 0.445833 0.689063 0.445833 0.695312 0.454167 0.695312 0.456250 0.701562 0.464583 0.701562 0.466667 0.703125 0.468750 0.709375 0.468750 0.709375 0.506250 0.704688 0.506250 0.701562 0.510417 0.701562 0.512500 0.700000 0.514583 0.700000 0.516667 0.695312 0.522917 0.695312 0.525000 0.687500 0.535417 0.687500 0.537500 0.684375 0.541667 0.682813 0.541667 0.681250 0.543750 0.681250 0.545833 0.679688 0.547917 0.678125 0.547917 0.676562 0.550000 0.675000 0.550000 0.673438 0.552083 0.673438 0.560417 0.631250 0.560417 0.631250 0.554167 0.617188 0.535417 0.615625 0.535417 0.615625 0.533333 0.612500 0.529167 0.612500 0.522917 0.610938 0.520833 0.610938 0.518750 0.609375 0.516667 0.604688 0.516667 0.604688 0.462500 0.609375 0.462500 0.614062 0.456250 0.614062 0.454167 0.623437 0.441667 0.625000 0.441667 0.629687 0.435417 0.629687 0.429167
2 0.639062 0.187500 0.639062 0.193750 0.642188 0.197917 0.643750 0.197917 0.645312 0.200000 0.646875 0.200000 0.648438 0.202083 0.650000 0.202083 0.656250 0.210417 0.657813 0.210417 0.657813 0.212500 0.659375 0.214583 0.660937 0.214583 0.660937 0.216667 0.667188 0.225000 0.671875 0.225000 0.671875 0.287500 0.667188 0.287500 0.645312 0.316667 0.643750 0.316667 0.642188 0.318750 0.642188 0.327083 0.614062 0.327083 0.614062 0.320833 0.610938 0.316667 0.609375 0.316667 0.607812 0.314583 0.606250 0.314583 0.604688 0.312500 0.603125 0.312500 0.601562 0.310417 0.600000 0.310417 0.598437 0.308333 0.593750 0.308333 0.592187 0.306250 0.590625 0.306250 0.589063 0.304167 0.585938 0.304167 0.584375 0.302083 0.584375 0.300000 0.576562 0.289583 0.576562 0.287500 0.571875 0.281250 0.567187 0.281250 0.567187 0.229167 0.571875 0.229167 0.576562 0.222917 0.576562 0.220833 0.581250 0.214583 0.581250 0.212500 0.590625 0.200000 0.592187 0.200000 0.593750 0.197917 0.595313 0.197917 0.596875 0.195833 0.596875 0.187500
2 0.492188 0.512500 0.492188 0.518750 0.495313 0.522917 0.498438 0.522917 0.500000 0.525000 0.501563 0.525000 0.504687 0.529167 0.506250 0.529167 0.510938 0.535417 0.512500 0.535417 0.521875 0.547917 0.528125 0.547917 0.528125 0.620833 0.523438 0.620833 0.510938 0.637500 0.510938 0.639583 0.509375 0.641667 0.509375 0.643750 0.501563 0.654167 0.501563 0.660417 0.456250 0.660417 0.456250 0.654167 0.451563 0.647917 0.450000 0.647917 0.448438 0.645833 0.446875 0.645833 0.439062 0.635417 0.439062 0.633333 0.434375 0.627083 0.434375 0.625000 0.432813 0.622917 0.432813 0.618750 0.431250 0.616667 0.431250 0.614583 0.428125 0.610417 0.423437 0.610417 0.423437 0.570833 0.428125 0.570833 0.429688 0.568750 0.429688 0.566667 0.431250 0.564583 0.431250 0.560417 0.432813 0.558333 0.432813 0.556250 0.434375 0.554167 0.434375 0.552083 0.439062 0.545833 0.439062 0.543750 0.442187 0.539583 0.443750 0.539583 0.445312 0.537500 0.445312 0.535417 0.446875 0.535417 0.453125 0.527083 0.454687 0.527083 0.456250 0.525000 0.457812 0.525000 0.459375 0.522917 0.460938 0.522917 0.464063 0.518750 0.464063 0.512500
2 0.959375 0.504167 0.959375 0.510417 0.960938 0.512500 0.962500 0.512500 0.964063 0.514583 0.965625 0.514583 0.967188 0.516667 0.970313 0.516667 0.971875 0.518750 0.975000 0.518750 0.976562 0.520833 0.978125 0.520833 0.979688 0.522917 0.981250 0.522917 0.982812 0.525000 0.984375 0.525000 0.993750 0.537500 0.993750 0.539583 0.995312 0.541667 0.995312 0.543750 0.996875 0.545833 0.996875 0.547917 0.998437 0.550000 1.000000 0.550000 1.000000 0.675000 0.998437 0.675000 0.996875 0.677083 0.996875 0.681250 0.995312 0.683333 0.995312 0.685417 0.993750 0.687500 0.993750 0.689583 0.990625 0.693750 0.990625 0.695833 0.989063 0.697917 0.989063 0.704167 0.987500 0.706250 0.987500 0.710417 0.985938 0.712500 0.985938 0.714583 0.984375 0.716667 0.984375 0.718750 0.982812 0.720833 0.982812 0.725000 0.981250 0.727083 0.981250 0.729167 0.979688 0.731250 0.979688 0.733333 0.978125 0.735417 0.978125 0.737500 0.976562 0.739583 0.976562 0.741667 0.975000 0.743750 0.975000 0.745833 0.968750 0.754167 0.967188 0.754167 0.964063 0.758333 0.962500 0.758333 0.959375 0.762500 0.959375 0.768750 0.917187 0.768750 0.917187 0.762500 0.914062 0.758333 0.912500 0.758333 0.910938 0.756250 0.909375 0.756250 0.907812 0.754167 0.906250 0.754167 0.904688 0.752083 0.903125 0.752083 0.900000 0.747917 0.898438 0.747917 0.884375 0.729167 0.884375 0.727083 0.882812 0.725000 0.882812 0.722917 0.878125 0.716667 0.873437 0.716667 0.873437 0.647917 0.878125 0.647917 0.879688 0.645833 0.879688 0.641667 0.881250 0.639583 0.881250 0.627083 0.882812 0.625000 0.882812 0.600000 0.884375 0.597917 0.884375 0.581250 0.885937 0.579167 0.885937 0.568750 0.887500 0.566667 0.887500 0.545833 0.889063 0.543750 0.889063 0.535417 0.890625 0.533333 0.890625 0.531250 0.892187 0.529167 0.892187 0.527083 0.895313 0.522917 0.895313 0.520833 0.898438 0.516667 0.900000 0.516667 0.903125 0.512500 0.904688 0.512500 0.906250 0.510417 0.906250 0.504167
1 1.000000 0.129167 1.000000 0.452083 0.926563 0.452083 0.926563 0.445833 0.920313 0.437500 0.918750 0.437500 0.918750 0.435417 0.914062 0.429167 0.914062 0.425000 0.912500 0.422917 0.912500 0.416667 0.910938 0.414583 0.910938 0.412500 0.907812 0.408333 0.906250 0.408333 0.901562 0.402083 0.900000 0.402083 0.898438 0.400000 0.896875 0.400000 0.895313 0.397917 0.893750 0.397917 0.892187 0.395833 0.890625 0.395833 0.887500 0.391667 0.885937 0.391667 0.875000 0.377083 0.875000 0.375000 0.871875 0.370833 0.871875 0.368750 0.870312 0.366667 0.870312 0.364583 0.868750 0.362500 0.868750 0.360417 0.865625 0.356250 0.860938 0.356250 0.860938 0.220833 0.865625 0.220833 0.868750 0.216667 0.868750 0.214583 0.870312 0.212500 0.870312 0.208333 0.871875 0.206250 0.871875 0.204167 0.876562 0.197917 0.876562 0.195833 0.887500 0.181250 0.887500 0.179167 0.889063 0.177083 0.889063 0.170833 0.890625 0.168750 0.890625 0.154167 0.892187 0.152083 0.892187 0.150000 0.895313 0.145833 0.895313 0.143750 0.896875 0.141667 0.898438 0.141667 0.903125 0.135417 0.903125 0.129167
1 0.334375 0.437500 0.334375 0.443750 0.337500 0.447917 0.339063 0.447917 0.340625 0.450000 0.342188 0.450000 0.346875 0.456250 0.348437 0.456250 0.350000 0.458333 0.351562 0.458333 0.351562 0.460417 0.353125 0.462500 0.359375 0.462500 0.360937 0.464583 0.362500 0.464583 0.370313 0.475000 0.370313 0.477083 0.371875 0.479167 0.371875 0.481250 0.373438 0.483333 0.378125 0.483333 0.378125 0.531250 0.373438 0.531250 0.370313 0.535417 0.370313 0.537500 0.368750 0.539583 0.368750 0.541667 0.362500 0.550000 0.362500 0.552083 0.359375 0.556250 0.357813 0.556250 0.354688 0.560417 0.354688 0.562500 0.353125 0.562500 0.350000 0.566667 0.348437 0.566667 0.345312 0.570833 0.345312 0.577083 0.298437 0.577083 0.298437 0.570833 0.293750 0.564583 0.292188 0.564583 0.276563 0.543750 0.276563 0.541667 0.275000 0.539583 0.275000 0.537500 0.271875 0.533333 0.267187 0.533333 0.267187 0.477083 0.271875 0.477083 0.276563 0.470833 0.276563 0.468750 0.281250 0.462500 0.281250 0.460417 0.287500 0.452083 0.289062 0.452083 0.292188 0.447917 0.293750 0.447917 0.295313 0.445833 0.295313 0.437500
1 0.128125 0.000000 0.128125 0.060417 0.123438 0.060417 0.121875 0.062500 0.121875 0.066667 0.120313 0.068750 0.120313 0.075000 0.118750 0.077083 0.118750 0.081250 0.117188 0.083333 0.117188 0.089583 0.115625 0.091667 0.115625 0.097917 0.114062 0.100000 0.114062 0.104167 0.112500 0.106250 0.112500 0.112500 0.110937 0.114583 0.110937 0.120833 0.109375 0.122917 0.109375 0.131250 0.107813 0.133333 0.107813 0.141667 0.106250 0.143750 0.106250 0.147917 0.104688 0.150000 0.104688 0.154167 0.103125 0.156250 0.103125 0.160417 0.101562 0.162500 0.101562 0.166667 0.100000 0.168750 0.100000 0.179167 0.098437 0.181250 0.098437 0.191667 0.096875 0.193750 0.096875 0.204167 0.095312 0.206250 0.095312 0.214583 0.093750 0.216667 0.093750 0.222917 0.092188 0.225000 0.092188 0.231250 0.090625 0.233333 0.090625 0.237500 0.089063 0.239583 0.089063 0.247917 0.087500 0.250000 0.087500 0.260417 0.085938 0.262500 0.085938 0.270833 0.084375 0.272917 0.084375 0.281250 0.082812 0.283333 0.082812 0.291667 0.081250 0.293750 0.081250 0.300000 0.079687 0.302083 0.079687 0.308333 0.078125 0.310417 0.078125 0.314583 0.076563 0.316667 0.076563 0.322917 0.075000 0.325000 0.075000 0.331250 0.073438 0.333333 0.073438 0.339583 0.071875 0.341667 0.071875 0.350000 0.070312 0.352083 0.070312 0.360417 0.068750 0.362500 0.068750 0.368750 0.067187 0.370833 0.067187 0.377083 0.001562 0.377083 0.001562 0.000000
1 0.053125 0.679167 0.057813 0.679167 0.059375 0.677083 0.065625 0.677083 0.065625 0.685417 0.053125 0.685417 0.053125 0.679167 0.031250 0.664583 0.028125 0.668750 0.026563 0.666667 0.025000 0.666667 0.021875 0.662500 0.021875 0.660417 0.023438 0.658333 0.025000 0.658333 0.028125 0.654167 0.028125 0.652083 0.026563 0.650000 0.023438 0.650000 0.020312 0.645833 0.020312 0.643750 0.017187 0.639583 0.015625 0.639583 0.014063 0.641667 0.014063 0.645833 0.012500 0.647917 0.012500 0.650000 0.009375 0.654167 0.009375 0.656250 0.003125 0.664583 0.001562 0.664583 0.001562 0.329167 0.065625 0.329167 0.065625 0.425000 0.060938 0.425000 0.059375 0.427083 0.059375 0.431250 0.057813 0.433333 0.057813 0.439583 0.056250 0.441667 0.056250 0.445833 0.054688 0.447917 0.054688 0.454167 0.053125 0.456250 0.053125 0.464583 0.051562 0.466667 0.051562 0.472917 0.050000 0.475000 0.050000 0.479167 0.048437 0.481250 0.048437 0.485417 0.046875 0.487500 0.046875 0.495833 0.045313 0.497917 0.045313 0.506250 0.043750 0.508333 0.043750 0.512500 0.042188 0.514583 0.042188 0.520833 0.040625 0.522917 0.040625 0.531250 0.039062 0.533333 0.039062 0.539583 0.037500 0.541667 0.037500 0.545833 0.035937 0.547917 0.035937 0.554167 0.034375 0.556250 0.034375 0.564583 0.032812 0.566667 0.032812 0.572917 0.031250 0.575000 0.031250 0.579167 0.029688 0.581250 0.029688 0.597917 0.028125 0.600000 0.028125 0.614583 0.026563 0.616667 0.026563 0.625000 0.028125 0.627083 0.028125 0.631250 0.029688 0.633333 0.029688 0.650000 0.028125 0.652083 0.028125 0.654167 0.029688 0.656250 0.029688 0.658333 0.031250 0.660417 0.031250 0.664583
2 0.575000 0.887500 0.575000 0.893750 0.578125 0.897917 0.579688 0.897917 0.581250 0.900000 0.582812 0.900000 0.584375 0.902083 0.585938 0.902083 0.589063 0.906250 0.590625 0.906250 0.593750 0.910417 0.595313 0.910417 0.598437 0.914583 0.600000 0.914583 0.601562 0.916667 0.603125 0.916667 0.604688 0.918750 0.609375 0.918750 0.609375 0.997917 0.498438 0.997917 0.498438 0.925000 0.504687 0.925000 0.506250 0.922917 0.506250 0.920833 0.515625 0.908333 0.517188 0.908333 0.523438 0.900000 0.525000 0.900000 0.529687 0.893750 0.529687 0.887500
2 0.332812 0.437500 0.332812 0.443750 0.334375 0.445833 0.335938 0.445833 0.337500 0.447917 0.339063 0.447917 0.342188 0.452083 0.343750 0.452083 0.346875 0.456250 0.348437 0.456250 0.354688 0.464583 0.360937 0.464583 0.362500 0.466667 0.364062 0.466667 0.368750 0.472917 0.368750 0.475000 0.371875 0.479167 0.371875 0.481250 0.373438 0.483333 0.378125 0.483333 0.378125 0.531250 0.373438 0.531250 0.370313 0.535417 0.370313 0.537500 0.368750 0.539583 0.368750 0.541667 0.360937 0.552083 0.360937 0.554167 0.359375 0.556250 0.357813 0.556250 0.351562 0.564583 0.350000 0.564583 0.345312 0.570833 0.345312 0.577083 0.298437 0.577083 0.298437 0.568750 0.296875 0.566667 0.295313 0.566667 0.293750 0.564583 0.292188 0.564583 0.278125 0.545833 0.278125 0.543750 0.276563 0.541667 0.276563 0.539583 0.275000 0.537500 0.275000 0.535417 0.273438 0.533333 0.267187 0.533333 0.267187 0.477083 0.271875 0.477083 0.276563 0.470833 0.276563 0.468750 0.282812 0.460417 0.282812 0.458333 0.284375 0.456250 0.285937 0.456250 0.292188 0.447917 0.293750 0.447917 0.295313 0.445833 0.295313 0.437500