1 0.487500 0.620833 0.487500 0.629167 0.489062 0.631250 0.490625 0.631250 0.496875 0.639583 0.498438 0.639583 0.506250 0.650000 0.506250 0.652083 0.509375 0.656250 0.515625 0.656250 0.515625 0.720833 0.510938 0.720833 0.507812 0.725000 0.507812 0.727083 0.501563 0.735417 0.501563 0.737500 0.495313 0.745833 0.493750 0.745833 0.490625 0.750000 0.489062 0.750000 0.487500 0.752083 0.487500 0.760417 0.435938 0.760417 0.435938 0.752083 0.434375 0.750000 0.432813 0.750000 0.429688 0.745833 0.428125 0.745833 0.421875 0.737500 0.421875 0.735417 0.417188 0.729167 0.417188 0.727083 0.415625 0.725000 0.415625 0.722917 0.414062 0.720833 0.414062 0.718750 0.412500 0.716667 0.412500 0.714583 0.409375 0.710417 0.404688 0.710417 0.404688 0.670833 0.409375 0.670833 0.412500 0.666667 0.412500 0.664583 0.414062 0.662500 0.414062 0.660417 0.415625 0.658333 0.415625 0.656250 0.421875 0.647917 0.421875 0.645833 0.435938 0.627083 0.435938 0.620833
0 0.676562 0.420833 0.676562 0.427083 0.678125 0.429167 0.679688 0.429167 0.681250 0.431250 0.682813 0.431250 0.684375 0.433333 0.685937 0.433333 0.692187 0.441667 0.693750 0.441667 0.695312 0.443750 0.695312 0.445833 0.701562 0.454167 0.701562 0.456250 0.704688 0.460417 0.709375 0.460417 0.709375 0.508333 0.704688 0.508333 0.701562 0.512500 0.701562 0.514583 0.700000 0.516667 0.700000 0.518750 0.692187 0.529167 0.690625 0.529167 0.685937 0.535417 0.684375 0.535417 0.682813 0.537500 0.679688 0.537500 0.678125 0.539583 0.676562 0.539583 0.675000 0.541667 0.671875 0.541667 0.668750 0.545833 0.668750 0.552083 0.635938 0.552083 0.635938 0.545833 0.631250 0.539583 0.629687 0.539583 0.625000 0.533333 0.625000 0.531250 0.615625 0.518750 0.610938 0.518750 0.610938 0.454167 0.615625 0.454167 0.631250 0.433333 0.632812 0.433333 0.634375 0.431250 0.635938 0.431250 0.639062 0.427083 0.639062 0.420833
0 0.370313 0.879167 0.370313 0.885417 0.375000 0.891667 0.376562 0.891667 0.385938 0.904167 0.385938 0.906250 0.389063 0.910417 0.389063 0.912500 0.392187 0.916667 0.396875 0.916667 0.396875 0.968750 0.392187 0.968750 0.390625 0.970833 0.390625 0.972917 0.389063 0.975000 0.389063 0.977083 0.387500 0.979167 0.387500 0.981250 0.385938 0.983333 0.385938 0.985417 0.382812 0.989583 0.382812 0.991667 0.381250 0.993750 0.381250 0.997917 0.285937 0.997917 0.285937 0.916667 0.292188 0.916667 0.293750 0.914583 0.293750 0.912500 0.296875 0.908333 0.296875 0.906250 0.309375 0.889583 0.310938 0.889583 0.314062 0.885417 0.314062 0.879167
1 0.315625 0.454167 0.315625 0.460417 0.318750 0.464583 0.320312 0.464583 0.321875 0.466667 0.323438 0.466667 0.325000 0.468750 0.326563 0.468750 0.329687 0.472917 0.331250 0.472917 0.332812 0.475000 0.334375 0.475000 0.342188 0.485417 0.343750 0.485417 0.343750 0.487500 0.350000 0.495833 0.350000 0.497917 0.351562 0.500000 0.351562 0.502083 0.354688 0.506250 0.359375 0.506250 0.359375 0.564583 0.353125 0.564583 0.351562 0.566667 0.351562 0.568750 0.346875 0.575000 0.346875 0.577083 0.345312 0.579167 0.345312 0.581250 0.340625 0.587500 0.340625 0.589583 0.332812 0.600000 0.332812 0.602083 0.331250 0.602083 0.321875 0.614583 0.320312 0.614583 0.317187 0.618750 0.317187 0.627083 0.267187 0.627083 0.267187 0.620833 0.262500 0.614583 0.260938 0.614583 0.254687 0.606250 0.253125 0.606250 0.248438 0.600000 0.248438 0.597917 0.245313 0.593750 0.245313 0.589583 0.240625 0.583333 0.235937 0.583333 0.235937 0.497917 0.242188 0.497917 0.243750 0.495833 0.243750 0.493750 0.246875 0.489583 0.246875 0.487500 0.256250 0.475000 0.257812 0.475000 0.259375 0.472917 0.260938 0.472917 0.264063 0.468750 0.265625 0.468750 0.267187 0.466667 0.268750 0.466667 0.270312 0.464583 0.273438 0.464583 0.276563 0.460417 0.276563 0.454167
2 0.717187 0.537500 0.717187 0.545833 0.721875 0.552083 0.723437 0.552083 0.725000 0.554167 0.725000 0.556250 0.734375 0.568750 0.740625 0.568750 0.740625 0.645833 0.734375 0.645833 0.732812 0.647917 0.731250 0.647917 0.728125 0.652083 0.726562 0.652083 0.721875 0.658333 0.721875 0.660417 0.720313 0.660417 0.718750 0.662500 0.715625 0.662500 0.714063 0.664583 0.709375 0.664583 0.707812 0.666667 0.706250 0.666667 0.704688 0.668750 0.703125 0.668750 0.701562 0.670833 0.701562 0.677083 0.678125 0.677083 0.678125 0.670833 0.675000 0.666667 0.673438 0.666667 0.670312 0.662500 0.668750 0.662500 0.667188 0.660417 0.665625 0.660417 0.662500 0.656250 0.662500 0.654167 0.660937 0.652083 0.659375 0.652083 0.656250 0.647917 0.654687 0.647917 0.653125 0.645833 0.653125 0.643750 0.646875 0.635417 0.642188 0.635417 0.642188 0.570833 0.648438 0.570833 0.653125 0.564583 0.653125 0.562500 0.654687 0.560417 0.656250 0.560417 0.659375 0.556250 0.660937 0.556250 0.667188 0.547917 0.670312 0.547917 0.671875 0.545833 0.673438 0.545833 0.675000 0.543750 0.675000 0.537500
1 0.262500 0.920833 0.262500 0.927083 0.267187 0.933333 0.268750 0.933333 0.275000 0.941667 0.276563 0.941667 0.282812 0.950000 0.282812 0.952083 0.285937 0.956250 0.290625 0.956250 0.290625 0.997917 0.129687 0.997917 0.129687 0.964583 0.134375 0.964583 0.137500 0.960417 0.137500 0.958333 0.139063 0.956250 0.139063 0.950000 0.140625 0.947917 0.140625 0.945833 0.145312 0.939583 0.145312 0.937500 0.150000 0.931250 0.153125 0.931250 0.156250 0.927083 0.156250 0.920833
1 0.345312 0.245833 0.345312 0.252083 0.348437 0.256250 0.350000 0.256250 0.351562 0.258333 0.353125 0.258333 0.357813 0.264583 0.359375 0.264583 0.370313 0.279167 0.370313 0.281250 0.373438 0.285417 0.373438 0.287500 0.375000 0.289583 0.375000 0.291667 0.376562 0.293750 0.376562 0.295833 0.379687 0.300000 0.384375 0.300000 0.384375 0.366667 0.379687 0.366667 0.376562 0.370833 0.376562 0.372917 0.375000 0.375000 0.375000 0.377083 0.373438 0.379167 0.373438 0.381250 0.370313 0.385417 0.370313 0.387500 0.367188 0.391667 0.367188 0.393750 0.354688 0.410417 0.354688 0.412500 0.353125 0.412500 0.348437 0.418750 0.348437 0.427083 0.295313 0.427083 0.295313 0.418750 0.293750 0.416667 0.292188 0.416667 0.287500 0.410417 0.287500 0.406250 0.281250 0.397917 0.281250 0.395833 0.278125 0.391667 0.276563 0.391667 0.275000 0.389583 0.275000 0.387500 0.271875 0.383333 0.267187 0.383333 0.267187 0.302083 0.271875 0.302083 0.273438 0.300000 0.273438 0.297917 0.275000 0.295833 0.275000 0.289583 0.276563 0.287500 0.276563 0.285417 0.279688 0.281250 0.279688 0.279167 0.281250 0.277083 0.281250 0.275000 0.282812 0.272917 0.284375 0.272917 0.287500 0.268750 0.287500 0.266667 0.289062 0.264583 0.290625 0.264583 0.292188 0.262500 0.293750 0.262500 0.296875 0.258333 0.298437 0.258333 0.300000 0.256250 0.306250 0.256250 0.307813 0.254167 0.309375 0.254167 0.310938 0.252083 0.310938 0.245833
2 0.018750 0.000000 0.018750 0.004167 0.021875 0.008333 0.021875 0.010417 0.023438 0.012500 0.023438 0.014583 0.026563 0.018750 0.026563 0.020833 0.029688 0.025000 0.029688 0.027083 0.032812 0.031250 0.032812 0.033333 0.035937 0.037500 0.035937 0.039583 0.039062 0.043750 0.039062 0.045833 0.040625 0.047917 0.040625 0.050000 0.042188 0.052083 0.042188 0.054167 0.043750 0.056250 0.043750 0.058333 0.045313 0.060417 0.045313 0.064583 0.046875 0.066667 0.046875 0.068750 0.048437 0.070833 0.053125 0.070833 0.053125 0.166667 0.045313 0.166667 0.043750 0.168750 0.043750 0.172917 0.045313 0.175000 0.045313 0.185417 0.001562 0.185417 0.001562 0.000000
2 0.515625 0.495833 0.515625 0.502083 0.518750 0.506250 0.520312 0.506250 0.523438 0.510417 0.525000 0.510417 0.537500 0.527083 0.537500 0.529167 0.542188 0.535417 0.546875 0.535417 0.546875 0.597917 0.540625 0.597917 0.539062 0.600000 0.539062 0.602083 0.526563 0.618750 0.525000 0.618750 0.521875 0.622917 0.520312 0.622917 0.518750 0.625000 0.515625 0.625000 0.514062 0.627083 0.512500 0.627083 0.510938 0.629167 0.510938 0.635417 0.490625 0.635417 0.490625 0.629167 0.487500 0.625000 0.485937 0.625000 0.484375 0.622917 0.482813 0.622917 0.481250 0.620833 0.476562 0.620833 0.475000 0.618750 0.471875 0.618750 0.468750 0.614583 0.467188 0.614583 0.465625 0.612500 0.464063 0.612500 0.459375 0.606250 0.457812 0.606250 0.457812 0.604167 0.450000 0.593750 0.450000 0.589583 0.448438 0.587500 0.448438 0.585417 0.446875 0.583333 0.442187 0.583333 0.442187 0.533333 0.446875 0.533333 0.450000 0.529167 0.450000 0.527083 0.453125 0.522917 0.453125 0.520833 0.456250 0.516667 0.457812 0.516667 0.459375 0.514583 0.459375 0.512500 0.460938 0.512500 0.465625 0.506250 0.467188 0.506250 0.470312 0.502083 0.470312 0.495833
2 0.018750 0.720833 0.018750 0.727083 0.021875 0.731250 0.023438 0.731250 0.025000 0.733333 0.026563 0.733333 0.031250 0.739583 0.031250 0.741667 0.034375 0.745833 0.034375 0.747917 0.037500 0.752083 0.037500 0.754167 0.039062 0.756250 0.039062 0.758333 0.040625 0.760417 0.040625 0.762500 0.042188 0.764583 0.046875 0.764583 0.046875 0.816667 0.042188 0.816667 0.039062 0.820833 0.039062 0.822917 0.037500 0.825000 0.037500 0.829167 0.034375 0.833333 0.034375 0.835417 0.031250 0.839583 0.031250 0.841667 0.029688 0.843750 0.029688 0.845833 0.028125 0.847917 0.028125 0.850000 0.025000 0.854167 0.025000 0.856250 0.018750 0.864583 0.017187 0.864583 0.012500 0.870833 0.012500 0.877083 0.001562 0.877083 0.001562 0.720833
1 0.046875 0.145833 0.046875 0.200000 0.042188 0.200000 0.039062 0.204167 0.039062 0.206250 0.037500 0.208333 0.037500 0.222917 0.039062 0.225000 0.039062 0.229167 0.040625 0.231250 0.040625 0.233333 0.042188 0.235417 0.046875 0.235417 0.046875 0.297917 0.042188 0.297917 0.040625 0.300000 0.040625 0.302083 0.039062 0.304167 0.039062 0.306250 0.037500 0.308333 0.037500 0.310417 0.035937 0.312500 0.035937 0.314583 0.025000 0.329167 0.023438 0.329167 0.021875 0.331250 0.020312 0.331250 0.017187 0.335417 0.015625 0.335417 0.009375 0.343750 0.009375 0.352083 0.001562 0.352083 0.001562 0.145833
1 0.328125 0.000000 0.328125 0.002083 0.331250 0.006250 0.331250 0.010417 0.332812 0.012500 0.332812 0.014583 0.335938 0.018750 0.340625 0.018750 0.340625 0.064583 0.335938 0.064583 0.334375 0.066667 0.334375 0.068750 0.332812 0.070833 0.332812 0.075000 0.331250 0.077083 0.331250 0.079167 0.328125 0.083333 0.328125 0.085417 0.325000 0.089583 0.325000 0.091667 0.320312 0.097917 0.320312 0.100000 0.315625 0.106250 0.314062 0.106250 0.310938 0.110417 0.309375 0.110417 0.306250 0.114583 0.304688 0.114583 0.303125 0.116667 0.300000 0.116667 0.298437 0.118750 0.296875 0.118750 0.295313 0.120833 0.295313 0.127083 0.248438 0.127083 0.248438 0.120833 0.246875 0.118750 0.243750 0.118750 0.242188 0.116667 0.237500 0.116667 0.235937 0.114583 0.231250 0.114583 0.229688 0.112500 0.226562 0.112500 0.225000 0.110417 0.223437 0.110417 0.221875 0.108333 0.204687 0.108333 0.203125 0.110417 0.201563 0.110417 0.200000 0.112500 0.196875 0.112500 0.195312 0.114583 0.179688 0.114583 0.178125 0.112500 0.176562 0.112500 0.171875 0.106250 0.167188 0.106250 0.167188 0.070833 0.173437 0.070833 0.175000 0.068750 0.175000 0.066667 0.185938 0.052083 0.185938 0.050000 0.189062 0.045833 0.189062 0.035417 0.190625 0.033333 0.190625 0.018750 0.192187 0.016667 0.192187 0.014583 0.195312 0.010417 0.195312 0.008333 0.196875 0.006250 0.201563 0.006250 0.203125 0.004167 0.204687 0.004167 0.206250 0.006250 0.221875 0.006250 0.225000 0.002083 0.225000 0.000000