1 0.526782 0.509375 0.526782 0.514062 0.528862 0.515625 0.530942 0.515625 0.533022 0.517187 0.537183 0.517187 0.545503 0.523437 0.547583 0.523437 0.551743 0.526562 0.551743 0.528125 0.555903 0.531250 0.562144 0.531250 0.562144 0.578125 0.555903 0.578125 0.551743 0.581250 0.551743 0.582812 0.545503 0.587500 0.543423 0.587500 0.537183 0.592187 0.535103 0.592187 0.533022 0.593750 0.528862 0.593750 0.524702 0.596875 0.524702 0.601562 0.485181 0.601562 0.485181 0.596875 0.481021 0.593750 0.478940 0.593750 0.476860 0.592187 0.474780 0.592187 0.472700 0.590625 0.470620 0.590625 0.468540 0.589062 0.466460 0.589062 0.464380 0.587500 0.462300 0.587500 0.460220 0.585937 0.458140 0.585937 0.456060 0.584375 0.453979 0.584375 0.445659 0.578125 0.439419 0.578125 0.439419 0.540625 0.445659 0.540625 0.449819 0.537500 0.449819 0.535937 0.451899 0.534375 0.451899 0.531250 0.453979 0.529687 0.453979 0.528125 0.458140 0.525000 0.458140 0.523437 0.470620 0.514062 0.470620 0.509375
0 0.605825 0.578125 0.605825 0.582812 0.612065 0.587500 0.614146 0.587500 0.622466 0.593750 0.624546 0.593750 0.639106 0.604687 0.645347 0.604687 0.645347 0.640625 0.639106 0.640625 0.637026 0.642187 0.637026 0.643750 0.634946 0.645312 0.634946 0.648438 0.637026 0.650000 0.637026 0.653125 0.634946 0.654687 0.634946 0.657812 0.632866 0.659375 0.632866 0.660937 0.618306 0.671875 0.616226 0.671875 0.614146 0.673437 0.612065 0.673437 0.609985 0.675000 0.607905 0.675000 0.603745 0.678125 0.603745 0.682812 0.566304 0.682812 0.566304 0.678125 0.562144 0.675000 0.560064 0.675000 0.557983 0.673437 0.553823 0.673437 0.549663 0.670312 0.547583 0.670312 0.537183 0.662500 0.537183 0.660937 0.533022 0.657812 0.533022 0.656250 0.530942 0.654687 0.522622 0.654687 0.522622 0.609375 0.528862 0.609375 0.533022 0.606250 0.533022 0.604687 0.535103 0.603125 0.535103 0.601562 0.547583 0.592187 0.549663 0.592187 0.557983 0.585937 0.562144 0.585937 0.566304 0.582812 0.566304 0.578125
0 0.562144 0.421875 0.562144 0.426562 0.582944 0.442187 0.582944 0.443750 0.585024 0.445312 0.585024 0.446875 0.589185 0.450000 0.595425 0.450000 0.595425 0.485937 0.589185 0.485937 0.585024 0.489062 0.585024 0.492188 0.572544 0.501562 0.570464 0.501562 0.566304 0.504687 0.564224 0.504687 0.562144 0.506250 0.560064 0.506250 0.555903 0.509375 0.555903 0.514062 0.503901 0.514062 0.503901 0.507812 0.501821 0.506250 0.499741 0.506250 0.497661 0.504687 0.495581 0.504687 0.491421 0.501562 0.489341 0.501562 0.481021 0.495312 0.481021 0.493750 0.476860 0.490625 0.476860 0.489062 0.474780 0.487500 0.474780 0.485937 0.470620 0.482812 0.464380 0.482812 0.464380 0.451562 0.470620 0.451562 0.474780 0.448437 0.474780 0.446875 0.476860 0.445312 0.476860 0.443750 0.481021 0.440625 0.481021 0.439062 0.493501 0.429688 0.495581 0.429688 0.499741 0.426562 0.499741 0.421875
1 0.275093 0.534375 0.275093 0.540625 0.277173 0.542187 0.279253 0.542187 0.281333 0.543750 0.283413 0.543750 0.285493 0.545312 0.287573 0.545312 0.291733 0.548437 0.293814 0.548437 0.302134 0.554687 0.302134 0.556250 0.306294 0.559375 0.306294 0.560937 0.308374 0.562500 0.308374 0.564062 0.310454 0.565625 0.310454 0.567187 0.314614 0.570312 0.320855 0.570312 0.320855 0.609375 0.314614 0.609375 0.308374 0.614062 0.308374 0.615625 0.306294 0.617188 0.306294 0.618750 0.300054 0.623438 0.300054 0.625000 0.285493 0.635937 0.283413 0.635937 0.281333 0.637500 0.279253 0.637500 0.275093 0.640625 0.275093 0.645312 0.208530 0.645312 0.208530 0.640625 0.202290 0.635937 0.200210 0.635937 0.198130 0.634375 0.196050 0.634375 0.181489 0.623438 0.181489 0.621875 0.177329 0.618750 0.177329 0.617188 0.171089 0.612500 0.164849 0.612500 0.164849 0.564062 0.173169 0.564062 0.175249 0.562500 0.175249 0.560937 0.177329 0.559375 0.177329 0.557812 0.196050 0.543750 0.198130 0.543750 0.204370 0.539062 0.204370 0.534375
2 0.726470 0.628125 0.726470 0.632812 0.730630 0.635937 0.732710 0.635937 0.734790 0.637500 0.736870 0.637500 0.745190 0.643750 0.747271 0.643750 0.749351 0.645312 0.749351 0.646875 0.755591 0.651562 0.755591 0.653125 0.757671 0.654687 0.757671 0.656250 0.759751 0.657812 0.759751 0.659375 0.763911 0.662500 0.770151 0.662500 0.770151 0.703125 0.761831 0.703125 0.757671 0.706250 0.757671 0.707812 0.755591 0.709375 0.753511 0.709375 0.745190 0.715625 0.743110 0.715625 0.734790 0.721875 0.732710 0.721875 0.730630 0.723437 0.728550 0.723437 0.726470 0.725000 0.724390 0.725000 0.722310 0.726562 0.722310 0.732812 0.674468 0.732812 0.674468 0.726562 0.672388 0.725000 0.670308 0.725000 0.668228 0.723437 0.664067 0.723437 0.661987 0.721875 0.659907 0.721875 0.649507 0.714062 0.647427 0.714062 0.647427 0.712500 0.641187 0.707812 0.641187 0.706250 0.637026 0.703125 0.637026 0.700000 0.634946 0.698437 0.634946 0.696875 0.632866 0.695312 0.632866 0.692187 0.630786 0.690625 0.622466 0.690625 0.622466 0.667187 0.628706 0.667187 0.632866 0.664062 0.632866 0.662500 0.639106 0.657812 0.639106 0.656250 0.647427 0.650000 0.647427 0.648438 0.653667 0.643750 0.655747 0.643750 0.666147 0.635937 0.668228 0.635937 0.670308 0.634375 0.670308 0.628125
2 0.684868 0.509375 0.684868 0.514062 0.689028 0.517187 0.693188 0.517187 0.695269 0.518750 0.697349 0.518750 0.703589 0.523437 0.705669 0.523437 0.718149 0.532812 0.718149 0.534375 0.720230 0.535937 0.728550 0.535937 0.728550 0.585937 0.722310 0.585937 0.713989 0.592187 0.713989 0.593750 0.709829 0.596875 0.707749 0.596875 0.697349 0.604687 0.695269 0.604687 0.693188 0.606250 0.691108 0.606250 0.686948 0.609375 0.686948 0.614062 0.655747 0.614062 0.655747 0.609375 0.651587 0.606250 0.649507 0.606250 0.645347 0.603125 0.643267 0.603125 0.641187 0.601562 0.639106 0.601562 0.632866 0.596875 0.630786 0.596875 0.620386 0.589062 0.618306 0.589062 0.607905 0.581250 0.607905 0.579687 0.603745 0.576562 0.597505 0.576562 0.597505 0.543750 0.603745 0.543750 0.607905 0.540625 0.607905 0.539062 0.612065 0.535937 0.612065 0.534375 0.618306 0.529687 0.618306 0.528125 0.624546 0.523437 0.626626 0.523437 0.634946 0.517187 0.637026 0.517187 0.639106 0.515625 0.641187 0.515625 0.643267 0.514062 0.643267 0.509375
1 0.805513 0.053125 0.805513 0.057812 0.809673 0.060937 0.813833 0.060937 0.815913 0.062500 0.820073 0.062500 0.826313 0.067187 0.828394 0.067187 0.832554 0.070312 0.834634 0.070312 0.838794 0.073437 0.840874 0.073437 0.845034 0.076562 0.847114 0.076562 0.861675 0.087500 0.863755 0.087500 0.884556 0.103125 0.884556 0.104687 0.890796 0.109375 0.890796 0.110937 0.894956 0.114062 0.894956 0.115625 0.901196 0.120312 0.901196 0.121875 0.905356 0.125000 0.911597 0.125000 0.911597 0.204687 0.903276 0.204687 0.888716 0.215625 0.888716 0.217187 0.886636 0.218750 0.886636 0.220312 0.884556 0.221875 0.884556 0.223437 0.882476 0.225000 0.882476 0.228125 0.880396 0.229687 0.880396 0.232812 0.878315 0.234375 0.878315 0.239062 0.716069 0.239062 0.716069 0.231250 0.718149 0.229687 0.718149 0.226562 0.724390 0.221875 0.724390 0.215625 0.726470 0.214062 0.726470 0.212500 0.728550 0.210938 0.728550 0.209375 0.734790 0.204687 0.734790 0.203125 0.736870 0.201562 0.736870 0.200000 0.738950 0.198437 0.738950 0.195312 0.741030 0.193750 0.741030 0.190625 0.738950 0.189062 0.738950 0.187500 0.732710 0.182812 0.730630 0.182812 0.728550 0.181250 0.726470 0.181250 0.720230 0.176562 0.718149 0.176562 0.716069 0.175000 0.711909 0.175000 0.709829 0.173437 0.707749 0.173437 0.705669 0.171875 0.703589 0.171875 0.701509 0.170312 0.697349 0.170312 0.695269 0.168750 0.693188 0.168750 0.691108 0.167187 0.686948 0.167187 0.684868 0.165625 0.682788 0.165625 0.680708 0.164062 0.678628 0.164062 0.676548 0.162500 0.674468 0.162500 0.670308 0.159375 0.668228 0.159375 0.661987 0.154687 0.659907 0.154687 0.651587 0.148437 0.651587 0.146875 0.649507 0.145312 0.649507 0.143750 0.645347 0.140625 0.639106 0.140625 0.639106 0.092187 0.645347 0.092187 0.649507 0.089062 0.649507 0.087500 0.651587 0.085938 0.651587 0.084375 0.668228 0.071875 0.670308 0.071875 0.674468 0.068750 0.676548 0.068750 0.678628 0.067187 0.680708 0.067187 0.684868 0.064062 0.686948 0.064062 0.689028 0.062500 0.695269 0.062500 0.697349 0.060937 0.701509 0.060937 0.703589 0.059375 0.705669 0.059375 0.707749 0.057812 0.707749 0.053125
2 0.406138 0.465625 0.406138 0.470312 0.408218 0.471875 0.410298 0.471875 0.412378 0.473437 0.416538 0.473437 0.418618 0.475000 0.420698 0.475000 0.429019 0.481250 0.431099 0.481250 0.443579 0.490625 0.443579 0.492188 0.447739 0.495312 0.453979 0.495312 0.453979 0.543750 0.447739 0.543750 0.443579 0.546875 0.443579 0.548437 0.441499 0.550000 0.441499 0.551562 0.439419 0.553125 0.439419 0.554687 0.433179 0.559375 0.429019 0.559375 0.426938 0.560937 0.422778 0.560937 0.420698 0.562500 0.418618 0.562500 0.414458 0.565625 0.414458 0.570312 0.364536 0.570312 0.364536 0.565625 0.360376 0.562500 0.358296 0.562500 0.356216 0.560937 0.354136 0.560937 0.349976 0.557812 0.347896 0.557812 0.337495 0.550000 0.337495 0.548437 0.333335 0.545312 0.333335 0.543750 0.329175 0.540625 0.322935 0.540625 0.322935 0.500000 0.329175 0.500000 0.333335 0.496875 0.333335 0.495312 0.335415 0.493750 0.335415 0.492188 0.343735 0.485937 0.343735 0.484375 0.345815 0.482812 0.347896 0.482812 0.354136 0.478125 0.356216 0.478125 0.360376 0.475000 0.362456 0.475000 0.364536 0.473437 0.366616 0.473437 0.368696 0.471875 0.370776 0.471875 0.372856 0.470312 0.372856 0.465625
1 0.670308 0.421875 0.670308 0.426562 0.674468 0.429688 0.676548 0.429688 0.678628 0.431250 0.680708 0.431250 0.684868 0.434375 0.686948 0.434375 0.701509 0.445312 0.701509 0.446875 0.705669 0.450000 0.705669 0.451562 0.707749 0.453125 0.707749 0.456250 0.709829 0.457812 0.709829 0.460938 0.711909 0.462500 0.711909 0.465625 0.713989 0.467187 0.713989 0.482812 0.716069 0.484375 0.716069 0.485937 0.720230 0.489062 0.720230 0.492188 0.718149 0.493750 0.718149 0.496875 0.711909 0.501562 0.705669 0.501562 0.703589 0.503125 0.693188 0.503125 0.691108 0.504687 0.686948 0.504687 0.684868 0.506250 0.682788 0.506250 0.678628 0.509375 0.678628 0.512500 0.653667 0.512500 0.649507 0.515625 0.649507 0.520312 0.639106 0.520312 0.639106 0.515625 0.637026 0.514062 0.634946 0.514062 0.632866 0.512500 0.628706 0.512500 0.626626 0.510937 0.620386 0.510937 0.616226 0.507812 0.614146 0.507812 0.609985 0.504687 0.607905 0.504687 0.599585 0.498437 0.599585 0.496875 0.597505 0.495312 0.589185 0.495312 0.589185 0.451562 0.595425 0.451562 0.599585 0.448437 0.599585 0.446875 0.612065 0.437500 0.614146 0.437500 0.616226 0.435937 0.618306 0.435937 0.620386 0.434375 0.622466 0.434375 0.624546 0.432812 0.628706 0.432812 0.630786 0.431250 0.632866 0.431250 0.634946 0.429688 0.637026 0.429688 0.639106 0.428125 0.647427 0.428125 0.649507 0.429688 0.657827 0.429688 0.659907 0.428125 0.659907 0.421875
2 0.632866 0.340625 0.632866 0.345312 0.637026 0.348437 0.639106 0.348437 0.641187 0.350000 0.643267 0.350000 0.659907 0.362500 0.659907 0.364062 0.661987 0.365625 0.670308 0.365625 0.670308 0.407812 0.664067 0.407812 0.657827 0.412500 0.657827 0.414062 0.645347 0.423437 0.643267 0.423437 0.637026 0.428125 0.632866 0.428125 0.630786 0.429688 0.626626 0.429688 0.620386 0.434375 0.620386 0.439062 0.587104 0.439062 0.587104 0.434375 0.582944 0.431250 0.580864 0.431250 0.578784 0.429688 0.574624 0.429688 0.570464 0.426562 0.568384 0.426562 0.566304 0.425000 0.564224 0.425000 0.564224 0.423437 0.560064 0.420312 0.560064 0.418750 0.555903 0.415625 0.555903 0.414062 0.551743 0.410937 0.551743 0.409375 0.549663 0.407812 0.549663 0.404687 0.545503 0.401562 0.539263 0.401562 0.539263 0.375000 0.545503 0.375000 0.549663 0.371875 0.549663 0.370312 0.551743 0.368750 0.551743 0.367188 0.553823 0.365625 0.553823 0.364062 0.572544 0.350000 0.574624 0.350000 0.576704 0.348437 0.578784 0.348437 0.582944 0.345312 0.582944 0.340625
1 0.470620 0.584375 0.470620 0.589062 0.474780 0.592187 0.476860 0.592187 0.483101 0.596875 0.485181 0.596875 0.489341 0.600000 0.491421 0.600000 0.491421 0.601562 0.497661 0.606250 0.503901 0.606250 0.503901 0.665625 0.495581 0.665625 0.491421 0.668750 0.491421 0.670312 0.489341 0.671875 0.487261 0.671875 0.478940 0.678125 0.476860 0.678125 0.474780 0.679688 0.472700 0.679688 0.470620 0.681250 0.468540 0.681250 0.464380 0.684375 0.464380 0.689062 0.426938 0.689062 0.426938 0.684375 0.422778 0.681250 0.420698 0.681250 0.418618 0.679688 0.414458 0.679688 0.410298 0.676562 0.408218 0.676562 0.393657 0.665625 0.393657 0.664062 0.387417 0.659375 0.381177 0.659375 0.381177 0.612500 0.387417 0.612500 0.391577 0.609375 0.391577 0.607813 0.395737 0.604687 0.395737 0.603125 0.408218 0.593750 0.410298 0.593750 0.412378 0.592187 0.414458 0.592187 0.416538 0.590625 0.416538 0.584375
2 0.470620 0.584375 0.470620 0.589062 0.476860 0.593750 0.478940 0.593750 0.483101 0.596875 0.485181 0.596875 0.489341 0.600000 0.491421 0.600000 0.493501 0.601562 0.493501 0.603125 0.497661 0.606250 0.503901 0.606250 0.503901 0.665625 0.495581 0.665625 0.493501 0.667187 0.493501 0.668750 0.487261 0.673437 0.485181 0.673437 0.478940 0.678125 0.476860 0.678125 0.474780 0.679688 0.472700 0.679688 0.470620 0.681250 0.468540 0.681250 0.464380 0.684375 0.464380 0.689062 0.426938 0.689062 0.426938 0.684375 0.422778 0.681250 0.420698 0.681250 0.418618 0.679688 0.414458 0.679688 0.410298 0.676562 0.408218 0.676562 0.393657 0.665625 0.393657 0.664062 0.391577 0.662500 0.391577 0.660937 0.389497 0.659375 0.381177 0.659375 0.381177 0.612500 0.387417 0.612500 0.391577 0.609375 0.391577 0.607813 0.395737 0.604687 0.395737 0.603125 0.408218 0.593750 0.410298 0.593750 0.412378 0.592187 0.414458 0.592187 0.416538 0.590625 0.416538 0.584375
2 0.969839 0.903125 0.971919 0.901562 0.978159 0.901562 0.978159 0.912500 0.971919 0.912500 0.971919 0.910937 0.969839 0.909375 0.969839 0.903125 0.765991 0.800000 0.780552 0.801562 0.782632 0.800000 0.782632 0.796875 0.784712 0.796875 0.786792 0.795312 0.805513 0.795312 0.807593 0.793750 0.830474 0.793750 0.832554 0.795312 0.851274 0.795312 0.853354 0.796875 0.855435 0.796875 0.857515 0.798437 0.861675 0.798437 0.865835 0.801562 0.867915 0.801562 0.876235 0.807812 0.876235 0.809375 0.882476 0.814062 0.884556 0.814062 0.890796 0.818750 0.892876 0.818750 0.894956 0.820312 0.897036 0.820312 0.899116 0.821875 0.899116 0.823437 0.901196 0.825000 0.903276 0.825000 0.911597 0.831250 0.913677 0.831250 0.924077 0.839062 0.924077 0.840625 0.926157 0.842187 0.926157 0.843750 0.928237 0.845312 0.928237 0.846875 0.930317 0.848437 0.930317 0.851562 0.932397 0.853125 0.932397 0.871875 0.934478 0.873437 0.934478 0.875000 0.936558 0.876562 0.936558 0.878125 0.938638 0.879687 0.938638 0.881250 0.940718 0.882812 0.940718 0.884375 0.942798 0.885937 0.942798 0.887500 0.944878 0.889062 0.944878 0.892187 0.946958 0.893750 0.946958 0.904687 0.944878 0.906250 0.944878 0.907812 0.942798 0.909375 0.942798 0.910937 0.938638 0.914062 0.934478 0.914062 0.932397 0.915625 0.930317 0.915625 0.928237 0.917187 0.926157 0.917187 0.924077 0.918750 0.919917 0.918750 0.915757 0.921875 0.913677 0.921875 0.909517 0.925000 0.907437 0.925000 0.905356 0.926562 0.903276 0.926562 0.897036 0.931250 0.892876 0.931250 0.884556 0.937500 0.880396 0.937500 0.878315 0.939062 0.874155 0.939062 0.872075 0.940625 0.869995 0.940625 0.867915 0.942187 0.865835 0.942187 0.863755 0.943750 0.859595 0.943750 0.855435 0.946875 0.851274 0.946875 0.849194 0.948437 0.849194 0.953125 0.853354 0.956250 0.853354 0.957812 0.863755 0.965625 0.865835 0.965625 0.867915 0.967187 0.867915 0.968750 0.874155 0.973437 0.876235 0.973437 0.878315 0.975000 0.880396 0.973437 0.882476 0.973437 0.886636 0.970312 0.897036 0.970312 0.905356 0.964062 0.909517 0.964062 0.911597 0.962500 0.913677 0.962500 0.919917 0.957812 0.919917 0.956250 0.921997 0.956250 0.926157 0.953125 0.928237 0.953125 0.930317 0.951562 0.930317 0.950000 0.932397 0.948437 0.934478 0.948437 0.936558 0.946875 0.942798 0.946875 0.944878 0.945312 0.949038 0.945312 0.951118 0.943750 0.953198 0.943750 0.955278 0.942187 0.959438 0.942187 0.961519 0.940625 0.978159 0.940625 0.978159 0.998437 0.123247 0.998437 0.123247 0.985937 0.129487 0.985937 0.133648 0.982812 0.133648 0.981250 0.135728 0.979687 0.135728 0.978125 0.137808 0.976562 0.137808 0.975000 0.139888 0.973437 0.139888 0.971875 0.141968 0.970312 0.141968 0.968750 0.144048 0.967187 0.144048 0.964062 0.146128 0.962500 0.146128 0.960938 0.148208 0.959375 0.148208 0.957812 0.150288 0.956250 0.150288 0.953125 0.152368 0.951562 0.152368 0.948437 0.154448 0.946875 0.154448 0.945312 0.156528 0.943750 0.156528 0.942187 0.158608 0.940625 0.158608 0.939062 0.160689 0.937500 0.160689 0.935937 0.162769 0.934375 0.162769 0.932812 0.164849 0.931250 0.164849 0.929688 0.166929 0.928125 0.166929 0.925000 0.169009 0.923437 0.169009 0.921875 0.171089 0.920312 0.171089 0.918750 0.175249 0.915625 0.175249 0.914062 0.187730 0.904687 0.189810 0.904687 0.191890 0.903125 0.193970 0.903125 0.196050 0.901562 0.198130 0.901562 0.200210 0.900000 0.204370 0.900000 0.206450 0.898438 0.210610 0.898438 0.212690 0.896875 0.216851 0.896875 0.218931 0.895312 0.221011 0.895312 0.223091 0.893750 0.225171 0.893750 0.227251 0.892187 0.229331 0.892187 0.231411 0.890625 0.233491 0.890625 0.235571 0.889062 0.237651 0.889062 0.248052 0.881250 0.248052 0.878125 0.250132 0.876562 0.250132 0.870312 0.252212 0.868750 0.252212 0.865625 0.254292 0.864062 0.254292 0.862500 0.258452 0.859375 0.258452 0.857812 0.260532 0.856250 0.260532 0.854687 0.266773 0.850000 0.266773 0.848437 0.268853 0.846875 0.268853 0.845312 0.277173 0.839062 0.277173 0.837500 0.300054 0.820312 0.300054 0.818750 0.316694 0.806250 0.316694 0.804688 0.318774 0.804688 0.325015 0.800000 0.327095 0.800000 0.329175 0.798437 0.331255 0.798437 0.335415 0.795312 0.337495 0.795312 0.339575 0.793750 0.341655 0.793750 0.347896 0.789062 0.347896 0.784375 0.445659 0.784375 0.445659 0.790625 0.443579 0.792187 0.443579 0.798437 0.445659 0.800000 0.445659 0.801562 0.456060 0.809375 0.458140 0.809375 0.460220 0.810937 0.462300 0.810937 0.464380 0.812500 0.468540 0.812500 0.470620 0.814062 0.474780 0.814062 0.476860 0.815625 0.478940 0.815625 0.481021 0.817187 0.485181 0.817187 0.487261 0.818750 0.491421 0.818750 0.493501 0.820312 0.501821 0.820312 0.503901 0.821875 0.505981 0.821875 0.508062 0.823437 0.510142 0.823437 0.514302 0.826562 0.516382 0.826562 0.518462 0.828125 0.520542 0.828125 0.522622 0.829687 0.526782 0.829687 0.528862 0.831250 0.530942 0.831250 0.535103 0.834375 0.535103 0.835938 0.537183 0.837500 0.539263 0.837500 0.541343 0.839062 0.543423 0.839062 0.545503 0.840625 0.557983 0.840625 0.560064 0.842187 0.576704 0.842187 0.578784 0.843750 0.589185 0.843750 0.591265 0.845312 0.595425 0.845312 0.597505 0.846875 0.603745 0.846875 0.605825 0.848437 0.612065 0.848437 0.614146 0.850000 0.618306 0.850000 0.620386 0.851562 0.622466 0.851562 0.624546 0.853125 0.626626 0.853125 0.628706 0.854687 0.632866 0.854687 0.634946 0.856250 0.641187 0.856250 0.643267 0.857812 0.661987 0.857812 0.664067 0.859375 0.670308 0.859375 0.672388 0.860937 0.676548 0.860937 0.678628 0.862500 0.680708 0.862500 0.682788 0.864062 0.684868 0.864062 0.689028 0.867188 0.691108 0.867188 0.697349 0.871875 0.699429 0.871875 0.707749 0.878125 0.709829 0.878125 0.711909 0.879687 0.713989 0.879687 0.722310 0.885937 0.726470 0.885937 0.728550 0.887500 0.730630 0.887500 0.732710 0.889062 0.734790 0.889062 0.736870 0.890625 0.743110 0.890625 0.745190 0.892187 0.751431 0.892187 0.755591 0.895312 0.757671 0.895312 0.759751 0.896875 0.763911 0.896875 0.765991 0.898438 0.768071 0.898438 0.768071 0.900000 0.772231 0.903125 0.774312 0.901562 0.778472 0.901562 0.780552 0.900000 0.793032 0.900000 0.795112 0.901562 0.799272 0.901562 0.803433 0.904687 0.805513 0.904687 0.807593 0.906250 0.807593 0.907812 0.822153 0.918750 0.822153 0.920312 0.824233 0.921875 0.824233 0.923437 0.828394 0.926562 0.830474 0.926562 0.832554 0.928125 0.834634 0.928125 0.840874 0.932812 0.840874 0.934375 0.847114 0.939062 0.849194 0.937500 0.851274 0.937500 0.853354 0.935937 0.855435 0.935937 0.857515 0.934375 0.857515 0.932812 0.859595 0.931250 0.859595 0.929688 0.863755 0.926562 0.863755 0.923437 0.861675 0.921875 0.861675 0.918750 0.857515 0.915625 0.857515 0.914062 0.855435 0.912500 0.855435 0.906250 0.851274 0.903125 0.849194 0.903125 0.847114 0.901562 0.845034 0.901562 0.842954 0.900000 0.838794 0.900000 0.836714 0.898438 0.834634 0.898438 0.822153 0.889062 0.822153 0.887500 0.820073 0.885937 0.820073 0.884375 0.815913 0.881250 0.815913 0.879687 0.807593 0.873437 0.807593 0.871875 0.803433 0.868750 0.803433 0.867188 0.801353 0.865625 0.801353 0.859375 0.797192 0.856250 0.786792 0.856250 0.784712 0.854687 0.782632 0.854687 0.780552 0.853125 0.776392 0.853125 0.774312 0.854687 0.765991 0.854687 0.763911 0.856250 0.757671 0.851562 0.757671 0.845312 0.759751 0.845312 0.761831 0.843750 0.770151 0.843750 0.772231 0.845312 0.784712 0.845312 0.786792 0.843750 0.795112 0.843750 0.797192 0.845312 0.799272 0.843750 0.809673 0.843750 0.811753 0.842187 0.817993 0.842187 0.820073 0.840625 0.828394 0.840625 0.830474 0.839062 0.838794 0.839062 0.840874 0.837500 0.845034 0.837500 0.847114 0.835938 0.849194 0.835938 0.851274 0.834375 0.851274 0.832812 0.847114 0.829687 0.847114 0.828125 0.845034 0.826562 0.845034 0.825000 0.842954 0.823437 0.842954 0.821875 0.836714 0.817187 0.834634 0.818750 0.826313 0.818750 0.824233 0.817187 0.817993 0.817187 0.815913 0.815625 0.811753 0.815625 0.809673 0.814062 0.805513 0.814062 0.801353 0.810937 0.797192 0.810937 0.790952 0.806250 0.788872 0.806250 0.786792 0.804688 0.784712 0.804688 0.780552 0.801562 0.765991 0.800000 0.763911 0.801562 0.757671 0.801562 0.759751 0.800000 0.759751 0.796875 0.765991 0.796875 0.765991 0.800000