1 0.614146 0.353125 0.614146 0.357812 0.618306 0.360937 0.620386 0.360937 0.624546 0.364062 0.626626 0.364062 0.645347 0.378125 0.645347 0.379687 0.649507 0.382812 0.649507 0.384375 0.651587 0.385937 0.651587 0.387500 0.655747 0.390625 0.661987 0.390625 0.661987 0.431250 0.655747 0.431250 0.651587 0.434375 0.649507 0.434375 0.641187 0.440625 0.641187 0.442187 0.626626 0.453125 0.624546 0.453125 0.620386 0.456250 0.618306 0.456250 0.614146 0.459375 0.614146 0.464062 0.547583 0.464062 0.547583 0.459375 0.543423 0.456250 0.541343 0.456250 0.539263 0.454687 0.537183 0.454687 0.535103 0.453125 0.533022 0.453125 0.518462 0.442187 0.518462 0.440625 0.516382 0.439062 0.516382 0.437500 0.514302 0.435937 0.505981 0.435937 0.505981 0.384375 0.512222 0.384375 0.518462 0.379687 0.518462 0.378125 0.530942 0.368750 0.533022 0.368750 0.539263 0.364062 0.541343 0.364062 0.545503 0.360937 0.547583 0.360937 0.551743 0.357812 0.551743 0.353125
0 0.557983 0.540625 0.557983 0.545312 0.564224 0.550000 0.566304 0.550000 0.568384 0.551562 0.570464 0.551562 0.574624 0.554687 0.576704 0.554687 0.578784 0.556250 0.580864 0.556250 0.585024 0.559375 0.587104 0.559375 0.595425 0.565625 0.595425 0.567187 0.599585 0.570312 0.599585 0.571875 0.605825 0.576562 0.612065 0.576562 0.612065 0.626562 0.605825 0.626562 0.599585 0.631250 0.599585 0.632812 0.595425 0.635937 0.595425 0.637500 0.591265 0.640625 0.591265 0.642187 0.572544 0.656250 0.570464 0.656250 0.566304 0.659375 0.566304 0.664062 0.487261 0.664062 0.487261 0.659375 0.483101 0.656250 0.481021 0.656250 0.474780 0.651562 0.472700 0.651562 0.466460 0.646875 0.466460 0.645312 0.460220 0.640625 0.460220 0.639062 0.453979 0.634375 0.447739 0.634375 0.447739 0.571875 0.453979 0.571875 0.458140 0.568750 0.458140 0.567187 0.472700 0.556250 0.474780 0.556250 0.481021 0.551562 0.483101 0.551562 0.487261 0.548437 0.489341 0.548437 0.493501 0.545312 0.493501 0.540625
0 0.458140 0.346875 0.458140 0.351562 0.462300 0.354687 0.464380 0.354687 0.466460 0.356250 0.468540 0.356250 0.474780 0.360937 0.476860 0.360937 0.478940 0.362500 0.481021 0.362500 0.489341 0.368750 0.491421 0.368750 0.499741 0.375000 0.499741 0.376562 0.501821 0.378125 0.501821 0.379687 0.505981 0.382812 0.512222 0.382812 0.512222 0.435937 0.505981 0.435937 0.501821 0.439062 0.501821 0.440625 0.499741 0.442187 0.499741 0.443750 0.495581 0.446875 0.495581 0.448437 0.485181 0.456250 0.483101 0.456250 0.474780 0.462500 0.470620 0.462500 0.468540 0.464062 0.466460 0.464062 0.464380 0.465625 0.464380 0.470312 0.435259 0.470312 0.435259 0.465625 0.433179 0.464062 0.426938 0.464062 0.424858 0.462500 0.412378 0.462500 0.410298 0.460938 0.399897 0.460938 0.397817 0.459375 0.393657 0.459375 0.389497 0.456250 0.387417 0.456250 0.368696 0.442187 0.368696 0.440625 0.366616 0.439062 0.366616 0.437500 0.362456 0.434375 0.356216 0.434375 0.356216 0.382812 0.362456 0.382812 0.366616 0.379687 0.366616 0.378125 0.368696 0.376562 0.368696 0.375000 0.377017 0.368750 0.377017 0.367188 0.379097 0.365625 0.381177 0.365625 0.389497 0.359375 0.391577 0.359375 0.395737 0.356250 0.397817 0.356250 0.399897 0.354687 0.401978 0.354687 0.406138 0.351562 0.406138 0.346875
1 0.445659 0.459375 0.445659 0.464062 0.449819 0.467187 0.453979 0.467187 0.456060 0.468750 0.458140 0.468750 0.462300 0.471875 0.464380 0.471875 0.476860 0.481250 0.476860 0.482812 0.481021 0.485937 0.483101 0.485937 0.483101 0.487500 0.489341 0.492188 0.495581 0.492188 0.495581 0.542187 0.487261 0.542187 0.474780 0.551562 0.472700 0.551562 0.468540 0.554687 0.468540 0.556250 0.466460 0.557812 0.464380 0.557812 0.451899 0.567187 0.449819 0.567187 0.447739 0.568750 0.445659 0.568750 0.441499 0.571875 0.441499 0.576562 0.387417 0.576562 0.387417 0.571875 0.383257 0.568750 0.381177 0.568750 0.379097 0.567187 0.377017 0.567187 0.374937 0.565625 0.372856 0.565625 0.368696 0.562500 0.366616 0.562500 0.364536 0.560937 0.362456 0.560937 0.360376 0.559375 0.358296 0.559375 0.354136 0.556250 0.352056 0.556250 0.347896 0.553125 0.347896 0.551562 0.343735 0.548437 0.343735 0.546875 0.337495 0.542187 0.331255 0.542187 0.331255 0.501562 0.337495 0.501562 0.339575 0.500000 0.339575 0.498437 0.341655 0.496875 0.341655 0.492188 0.343735 0.490625 0.343735 0.489062 0.349976 0.484375 0.349976 0.482812 0.364536 0.471875 0.366616 0.471875 0.370776 0.468750 0.374937 0.468750 0.381177 0.464062 0.381177 0.459375
1 0.102446 0.521875 0.102446 0.526562 0.106606 0.529687 0.110767 0.529687 0.114927 0.532812 0.117007 0.532812 0.125327 0.539062 0.127407 0.539062 0.127407 0.540625 0.131567 0.543750 0.137808 0.543750 0.137808 0.614062 0.131567 0.614062 0.121167 0.621875 0.121167 0.623438 0.114927 0.628125 0.112847 0.628125 0.108687 0.631250 0.106606 0.631250 0.102446 0.634375 0.100366 0.634375 0.098286 0.635937 0.096206 0.635937 0.094126 0.637500 0.092046 0.637500 0.087886 0.640625 0.087886 0.645312 0.035884 0.645312 0.035884 0.640625 0.031724 0.637500 0.027563 0.637500 0.025483 0.635937 0.021323 0.635937 0.017163 0.632812 0.015083 0.632812 0.010923 0.629687 0.008843 0.629687 0.004683 0.626562 0.000000 0.626562 0.000000 0.535937 0.004683 0.535937 0.008843 0.532812 0.010923 0.532812 0.013003 0.531250 0.015083 0.531250 0.017163 0.529687 0.021323 0.529687 0.025483 0.526562 0.025483 0.521875
1 0.287573 0.421875 0.287573 0.426562 0.291733 0.429688 0.293814 0.429688 0.295894 0.431250 0.297974 0.431250 0.300054 0.432812 0.302134 0.432812 0.306294 0.435937 0.308374 0.435937 0.314614 0.440625 0.316694 0.440625 0.331255 0.451562 0.331255 0.453125 0.335415 0.456250 0.335415 0.457812 0.339575 0.460938 0.345815 0.460938 0.345815 0.500000 0.339575 0.500000 0.337495 0.501562 0.337495 0.503125 0.335415 0.504687 0.335415 0.507812 0.333335 0.509375 0.333335 0.510937 0.331255 0.512500 0.331255 0.514062 0.329175 0.515625 0.329175 0.517187 0.327095 0.518750 0.327095 0.520312 0.312534 0.531250 0.312534 0.532812 0.310454 0.534375 0.308374 0.534375 0.300054 0.540625 0.297974 0.540625 0.295894 0.542187 0.293814 0.542187 0.291733 0.543750 0.287573 0.543750 0.283413 0.546875 0.283413 0.551562 0.241812 0.551562 0.241812 0.546875 0.239731 0.545312 0.237651 0.545312 0.235571 0.543750 0.233491 0.543750 0.231411 0.542187 0.227251 0.542187 0.223091 0.539062 0.221011 0.539062 0.214771 0.534375 0.212690 0.534375 0.198130 0.523437 0.198130 0.521875 0.193970 0.518750 0.193970 0.517187 0.187730 0.512500 0.181489 0.512500 0.181489 0.460938 0.187730 0.460938 0.191890 0.457812 0.191890 0.456250 0.196050 0.453125 0.196050 0.451562 0.218931 0.434375 0.221011 0.434375 0.225171 0.431250 0.227251 0.431250 0.229331 0.429688 0.231411 0.429688 0.233491 0.428125 0.235571 0.428125 0.237651 0.426562 0.237651 0.421875
2 0.693188 0.590625 0.693188 0.595312 0.697349 0.598437 0.699429 0.598437 0.701509 0.600000 0.703589 0.600000 0.709829 0.604687 0.711909 0.604687 0.726470 0.615625 0.726470 0.617188 0.732710 0.621875 0.732710 0.623438 0.734790 0.625000 0.734790 0.626562 0.736870 0.628125 0.745190 0.628125 0.745190 0.673437 0.738950 0.673437 0.734790 0.676562 0.734790 0.678125 0.732710 0.679688 0.732710 0.681250 0.730630 0.682812 0.730630 0.684375 0.724390 0.689062 0.724390 0.690625 0.707749 0.703125 0.705669 0.703125 0.701509 0.706250 0.699429 0.706250 0.697349 0.707812 0.697349 0.714062 0.628706 0.714062 0.628706 0.707812 0.626626 0.706250 0.624546 0.706250 0.620386 0.703125 0.618306 0.703125 0.609985 0.696875 0.607905 0.696875 0.603745 0.693750 0.603745 0.692187 0.597505 0.687500 0.597505 0.685937 0.593345 0.682812 0.593345 0.681250 0.587104 0.676562 0.580864 0.676562 0.580864 0.646875 0.589185 0.646875 0.591265 0.645312 0.591265 0.643750 0.593345 0.642187 0.593345 0.640625 0.595425 0.639062 0.595425 0.637500 0.597505 0.635937 0.597505 0.634375 0.601665 0.631250 0.601665 0.629687 0.605825 0.626562 0.605825 0.625000 0.609985 0.621875 0.609985 0.620312 0.612065 0.618750 0.612065 0.617188 0.614146 0.615625 0.614146 0.612500 0.618306 0.609375 0.618306 0.607813 0.624546 0.603125 0.624546 0.601562 0.628706 0.598437 0.630786 0.598437 0.632866 0.596875 0.632866 0.590625
1 0.372856 0.559375 0.372856 0.564062 0.379097 0.568750 0.381177 0.568750 0.383257 0.570312 0.385337 0.570312 0.387417 0.571875 0.389497 0.571875 0.391577 0.573437 0.393657 0.573437 0.395737 0.575000 0.397817 0.575000 0.399897 0.576562 0.401978 0.576562 0.404058 0.578125 0.406138 0.578125 0.408218 0.579687 0.410298 0.579687 0.412378 0.581250 0.412378 0.582812 0.422778 0.590625 0.422778 0.592187 0.431099 0.598437 0.437339 0.598437 0.437339 0.654687 0.431099 0.654687 0.426938 0.657812 0.426938 0.659375 0.422778 0.662500 0.422778 0.664062 0.410298 0.673437 0.408218 0.673437 0.401978 0.678125 0.399897 0.678125 0.397817 0.679688 0.395737 0.679688 0.393657 0.681250 0.391577 0.681250 0.389497 0.682812 0.389497 0.689062 0.322935 0.689062 0.322935 0.684375 0.316694 0.679688 0.314614 0.679688 0.312534 0.678125 0.310454 0.678125 0.306294 0.675000 0.304214 0.675000 0.289653 0.664062 0.289653 0.662500 0.285493 0.659375 0.285493 0.657812 0.279253 0.653125 0.273013 0.653125 0.273013 0.595312 0.281333 0.595312 0.283413 0.593750 0.283413 0.592187 0.287573 0.589062 0.287573 0.587500 0.304214 0.575000 0.306294 0.575000 0.314614 0.568750 0.318774 0.568750 0.320855 0.567187 0.322935 0.567187 0.327095 0.564062 0.327095 0.559375
1 0.790952 0.181250 0.803433 0.181250 0.803433 0.189062 0.788872 0.189062 0.788872 0.182812 0.790952 0.181250 0.770151 0.159375 0.761831 0.159375 0.757671 0.156250 0.753511 0.156250 0.751431 0.157812 0.749351 0.157812 0.741030 0.164062 0.738950 0.164062 0.724390 0.175000 0.722310 0.175000 0.716069 0.179688 0.713989 0.179688 0.711909 0.181250 0.709829 0.181250 0.705669 0.184375 0.705669 0.189062 0.682788 0.189062 0.682788 0.184375 0.678628 0.181250 0.676548 0.181250 0.674468 0.179688 0.666147 0.179688 0.664067 0.181250 0.657827 0.181250 0.655747 0.182812 0.653667 0.182812 0.651587 0.184375 0.651587 0.189062 0.580864 0.189062 0.580864 0.184375 0.576704 0.181250 0.574624 0.181250 0.570464 0.178125 0.562144 0.178125 0.562144 0.176562 0.557983 0.173437 0.557983 0.171875 0.555903 0.170312 0.555903 0.167187 0.553823 0.165625 0.555903 0.164062 0.555903 0.160937 0.557983 0.159375 0.557983 0.156250 0.560064 0.154687 0.560064 0.151562 0.562144 0.150000 0.562144 0.145312 0.564224 0.143750 0.564224 0.142187 0.570464 0.137500 0.570464 0.135937 0.572544 0.134375 0.572544 0.132812 0.574624 0.131250 0.574624 0.128125 0.576704 0.126562 0.576704 0.125000 0.578784 0.123437 0.578784 0.121875 0.597505 0.107812 0.597505 0.106250 0.601665 0.103125 0.601665 0.101562 0.603745 0.100000 0.603745 0.095312 0.601665 0.093750 0.599585 0.093750 0.593345 0.089062 0.593345 0.087500 0.591265 0.085938 0.591265 0.084375 0.587104 0.081250 0.587104 0.079687 0.580864 0.075000 0.578784 0.075000 0.574624 0.071875 0.572544 0.071875 0.570464 0.070312 0.568384 0.070312 0.566304 0.068750 0.562144 0.068750 0.557983 0.065625 0.555903 0.065625 0.551743 0.062500 0.549663 0.062500 0.547583 0.060937 0.545503 0.060937 0.528862 0.048437 0.526782 0.048437 0.526782 0.046875 0.518462 0.040625 0.518462 0.039062 0.516382 0.037500 0.516382 0.035937 0.512222 0.032812 0.505981 0.032812 0.505981 0.000000 0.772231 0.000000 0.772231 0.001562 0.774312 0.003125 0.774312 0.004687 0.776392 0.006250 0.776392 0.007812 0.782632 0.012500 0.782632 0.014062 0.784712 0.015625 0.784712 0.017187 0.786792 0.018750 0.786792 0.020312 0.790952 0.023438 0.790952 0.025000 0.793032 0.026562 0.793032 0.028125 0.797192 0.031250 0.803433 0.031250 0.803433 0.114062 0.795112 0.114062 0.793032 0.115625 0.793032 0.117188 0.788872 0.120312 0.788872 0.121875 0.786792 0.123437 0.786792 0.126562 0.784712 0.128125 0.784712 0.132812 0.782632 0.134375 0.782632 0.137500 0.780552 0.139062 0.780552 0.140625 0.776392 0.143750 0.776392 0.145312 0.774312 0.146875 0.774312 0.153125 0.772231 0.154687 0.772231 0.157812 0.770151 0.159375
2 0.653667 0.459375 0.653667 0.464062 0.659907 0.468750 0.661987 0.468750 0.674468 0.478125 0.674468 0.479687 0.676548 0.481250 0.676548 0.482812 0.678628 0.484375 0.686948 0.484375 0.686948 0.535937 0.680708 0.535937 0.676548 0.539062 0.676548 0.540625 0.672388 0.543750 0.672388 0.545312 0.666147 0.550000 0.666147 0.551562 0.659907 0.556250 0.657827 0.556250 0.651587 0.560937 0.649507 0.560937 0.647427 0.562500 0.645347 0.562500 0.641187 0.565625 0.641187 0.570312 0.607905 0.570312 0.607905 0.565625 0.605825 0.564062 0.603745 0.564062 0.601665 0.562500 0.597505 0.562500 0.595425 0.560937 0.593345 0.560937 0.591265 0.559375 0.589185 0.559375 0.587104 0.557812 0.585024 0.557812 0.578784 0.553125 0.576704 0.553125 0.574624 0.551562 0.570464 0.551562 0.564224 0.546875 0.562144 0.546875 0.560064 0.545312 0.557983 0.545312 0.553823 0.542187 0.551743 0.542187 0.547583 0.539062 0.545503 0.539062 0.545503 0.537500 0.541343 0.534375 0.541343 0.532812 0.537183 0.529687 0.530942 0.529687 0.530942 0.487500 0.539263 0.487500 0.541343 0.485937 0.541343 0.484375 0.543423 0.482812 0.543423 0.481250 0.545503 0.479687 0.545503 0.478125 0.560064 0.467187 0.562144 0.467187 0.564224 0.465625 0.568384 0.465625 0.570464 0.464062 0.570464 0.459375
2 0.541343 0.259375 0.541343 0.264062 0.545503 0.267187 0.547583 0.267187 0.551743 0.270312 0.553823 0.270312 0.566304 0.279687 0.566304 0.281250 0.574624 0.287500 0.574624 0.289062 0.576704 0.290625 0.576704 0.292187 0.580864 0.295312 0.587104 0.295312 0.587104 0.334375 0.580864 0.334375 0.576704 0.337500 0.576704 0.339062 0.574624 0.340625 0.574624 0.342187 0.570464 0.345312 0.570464 0.346875 0.562144 0.353125 0.560064 0.353125 0.557983 0.354687 0.555903 0.354687 0.553823 0.356250 0.551743 0.356250 0.549663 0.357812 0.547583 0.357812 0.543423 0.360937 0.541343 0.360937 0.537183 0.364062 0.535103 0.364062 0.533022 0.365625 0.530942 0.365625 0.528862 0.367188 0.526782 0.367188 0.524702 0.368750 0.522622 0.368750 0.520542 0.370312 0.518462 0.370312 0.516382 0.371875 0.516382 0.376562 0.495581 0.376562 0.495581 0.371875 0.489341 0.367188 0.487261 0.367188 0.483101 0.364062 0.481021 0.364062 0.474780 0.359375 0.472700 0.359375 0.464380 0.353125 0.462300 0.353125 0.460220 0.351562 0.458140 0.351562 0.445659 0.342187 0.439419 0.342187 0.439419 0.289062 0.447739 0.289062 0.449819 0.287500 0.449819 0.285937 0.451899 0.284375 0.451899 0.282812 0.472700 0.267187 0.474780 0.267187 0.478940 0.264062 0.478940 0.259375
1 0.693188 0.590625 0.693188 0.595312 0.697349 0.598437 0.699429 0.598437 0.701509 0.600000 0.703589 0.600000 0.709829 0.604687 0.711909 0.604687 0.726470 0.615625 0.726470 0.617188 0.732710 0.621875 0.732710 0.623438 0.738950 0.628125 0.745190 0.628125 0.745190 0.673437 0.738950 0.673437 0.734790 0.676562 0.734790 0.678125 0.732710 0.679688 0.732710 0.681250 0.730630 0.682812 0.730630 0.684375 0.724390 0.689062 0.724390 0.690625 0.707749 0.703125 0.705669 0.703125 0.701509 0.706250 0.699429 0.706250 0.697349 0.707812 0.697349 0.714062 0.628706 0.714062 0.628706 0.707812 0.626626 0.706250 0.624546 0.706250 0.622466 0.704687 0.620386 0.704687 0.609985 0.696875 0.607905 0.696875 0.603745 0.693750 0.603745 0.692187 0.597505 0.687500 0.597505 0.685937 0.593345 0.682812 0.593345 0.681250 0.587104 0.676562 0.580864 0.676562 0.580864 0.646875 0.589185 0.646875 0.591265 0.645312 0.591265 0.643750 0.595425 0.640625 0.595425 0.639062 0.597505 0.637500 0.597505 0.635937 0.599585 0.634375 0.599585 0.632812 0.603745 0.629687 0.603745 0.628125 0.609985 0.623438 0.609985 0.621875 0.612065 0.620312 0.612065 0.617188 0.614146 0.615625 0.614146 0.614062 0.616226 0.612500 0.616226 0.610937 0.618306 0.609375 0.618306 0.607813 0.624546 0.603125 0.624546 0.601562 0.628706 0.598437 0.630786 0.598437 0.632866 0.596875 0.632866 0.590625
2 0.117007 0.923437 0.117007 0.929688 0.114927 0.931250 0.114927 0.932812 0.112847 0.932812 0.110767 0.931250 0.110767 0.925000 0.114927 0.921875 0.117007 0.923437 0.229331 0.921875 0.243892 0.923437 0.243892 0.920312 0.248052 0.920312 0.250132 0.918750 0.256372 0.918750 0.258452 0.917187 0.275093 0.917187 0.277173 0.915625 0.281333 0.915625 0.283413 0.914062 0.285493 0.914062 0.289653 0.910937 0.291733 0.910937 0.300054 0.904687 0.304214 0.904687 0.308374 0.901562 0.308374 0.900000 0.310454 0.898438 0.312534 0.898438 0.314614 0.896875 0.314614 0.895312 0.316694 0.893750 0.316694 0.892187 0.318774 0.890625 0.318774 0.884375 0.320855 0.882812 0.320855 0.881250 0.325015 0.878125 0.325015 0.876562 0.327095 0.875000 0.327095 0.870312 0.329175 0.868750 0.329175 0.865625 0.335415 0.860937 0.335415 0.859375 0.347896 0.850000 0.349976 0.850000 0.352056 0.848437 0.354136 0.848437 0.364536 0.840625 0.366616 0.840625 0.377017 0.832812 0.377017 0.821875 0.383257 0.821875 0.383257 0.828125 0.387417 0.831250 0.397817 0.831250 0.401978 0.828125 0.401978 0.821875 0.449819 0.821875 0.449819 0.828125 0.458140 0.834375 0.460220 0.834375 0.462300 0.835938 0.462300 0.837500 0.481021 0.851562 0.481021 0.856250 0.483101 0.857812 0.483101 0.859375 0.485181 0.860937 0.485181 0.862500 0.493501 0.868750 0.495581 0.868750 0.499741 0.871875 0.503901 0.871875 0.505981 0.873437 0.510142 0.873437 0.512222 0.875000 0.514302 0.875000 0.516382 0.876562 0.520542 0.876562 0.522622 0.878125 0.524702 0.878125 0.526782 0.879687 0.528862 0.879687 0.530942 0.881250 0.533022 0.881250 0.535103 0.882812 0.537183 0.882812 0.539263 0.884375 0.541343 0.884375 0.543423 0.885937 0.545503 0.885937 0.547583 0.887500 0.549663 0.887500 0.551743 0.889062 0.553823 0.889062 0.564224 0.896875 0.564224 0.898438 0.568384 0.901562 0.568384 0.903125 0.570464 0.904687 0.570464 0.906250 0.576704 0.910937 0.576704 0.912500 0.580864 0.915625 0.580864 0.917187 0.585024 0.920312 0.585024 0.921875 0.591265 0.926562 0.591265 0.928125 0.599585 0.934375 0.599585 0.935937 0.605825 0.940625 0.605825 0.942187 0.609985 0.945312 0.609985 0.946875 0.616226 0.951562 0.616226 0.953125 0.620386 0.956250 0.620386 0.957812 0.624546 0.960938 0.624546 0.962500 0.626626 0.964062 0.626626 0.965625 0.630786 0.968750 0.630786 0.970312 0.634946 0.973437 0.634946 0.976562 0.643267 0.982812 0.643267 0.984375 0.647427 0.987500 0.653667 0.987500 0.653667 0.998437 0.048364 0.998437 0.048364 0.976562 0.067085 0.976562 0.069165 0.975000 0.075405 0.975000 0.077485 0.976562 0.079565 0.976562 0.087886 0.970312 0.087886 0.968750 0.089966 0.967187 0.092046 0.967187 0.098286 0.962500 0.098286 0.959375 0.104526 0.954687 0.106606 0.954687 0.110767 0.951562 0.112847 0.951562 0.114927 0.950000 0.117007 0.950000 0.119087 0.948437 0.123247 0.948437 0.127407 0.945312 0.131567 0.945312 0.133648 0.943750 0.135728 0.943750 0.137808 0.942187 0.144048 0.942187 0.146128 0.940625 0.148208 0.940625 0.150288 0.939062 0.154448 0.939062 0.156528 0.937500 0.158608 0.937500 0.160689 0.935937 0.162769 0.935937 0.164849 0.934375 0.169009 0.934375 0.171089 0.932812 0.189810 0.932812 0.193970 0.929688 0.193970 0.928125 0.189810 0.925000 0.185649 0.925000 0.179409 0.920312 0.179409 0.915625 0.177329 0.914062 0.177329 0.898438 0.175249 0.896875 0.175249 0.882812 0.177329 0.881250 0.177329 0.873437 0.179409 0.871875 0.179409 0.867188 0.183569 0.864062 0.183569 0.862500 0.185649 0.860937 0.185649 0.857812 0.187730 0.856250 0.187730 0.854687 0.193970 0.850000 0.196050 0.850000 0.198130 0.848437 0.212690 0.848437 0.214771 0.850000 0.216851 0.850000 0.218931 0.851562 0.221011 0.851562 0.218931 0.853125 0.214771 0.853125 0.204370 0.860937 0.202290 0.860937 0.196050 0.865625 0.200210 0.868750 0.200210 0.871875 0.196050 0.875000 0.196050 0.881250 0.198130 0.882812 0.198130 0.884375 0.196050 0.885937 0.196050 0.893750 0.198130 0.895312 0.198130 0.898438 0.196050 0.900000 0.196050 0.903125 0.198130 0.904687 0.198130 0.909375 0.200210 0.910937 0.200210 0.914062 0.208530 0.920312 0.210610 0.920312 0.212690 0.921875 0.212690 0.923437 0.210610 0.925000 0.210610 0.926562 0.206450 0.929688 0.204370 0.929688 0.202290 0.931250 0.198130 0.931250 0.196050 0.932812 0.198130 0.934375 0.204370 0.934375 0.206450 0.935937 0.210610 0.935937 0.212690 0.937500 0.216851 0.937500 0.218931 0.939062 0.223091 0.939062 0.225171 0.937500 0.231411 0.937500 0.233491 0.935937 0.239731 0.935937 0.250132 0.928125 0.250132 0.926562 0.245972 0.923437 0.243892 0.923437 0.229331 0.921875 0.229331 0.921875
1 1.000000 0.471875 1.000000 0.676562 0.978159 0.676562 0.978159 0.671875 0.971919 0.667187 0.969839 0.667187 0.965679 0.664062 0.963599 0.664062 0.942798 0.648438 0.942798 0.646875 0.938638 0.643750 0.938638 0.642187 0.936558 0.640625 0.936558 0.639062 0.934478 0.637500 0.934478 0.634375 0.932397 0.632812 0.932397 0.621875 0.930317 0.620312 0.930317 0.600000 0.928237 0.598437 0.921997 0.598437 0.921997 0.493750 0.930317 0.493750 0.932397 0.492188 0.932397 0.490625 0.936558 0.487500 0.938638 0.487500 0.944878 0.482812 0.946958 0.482812 0.949038 0.481250 0.951118 0.481250 0.953198 0.479687 0.955278 0.479687 0.959438 0.476562 0.959438 0.471875