1 0.408735 0.378125 0.408735 0.382812 0.404575 0.385937 0.400415 0.385937 0.398335 0.387500 0.396255 0.387500 0.390015 0.392187 0.387935 0.392187 0.383774 0.395312 0.381694 0.395312 0.375454 0.400000 0.375454 0.401562 0.369214 0.406250 0.369214 0.407812 0.367134 0.409375 0.367134 0.410937 0.365054 0.412500 0.365054 0.414062 0.360894 0.417187 0.354653 0.417187 0.354653 0.465625 0.362974 0.465625 0.365054 0.467187 0.367134 0.467187 0.373374 0.471875 0.375454 0.471875 0.377534 0.473437 0.379614 0.473437 0.381694 0.475000 0.383774 0.475000 0.385854 0.476562 0.387935 0.476562 0.390015 0.478125 0.392095 0.478125 0.396255 0.481250 0.400415 0.481250 0.402495 0.482812 0.404575 0.482812 0.406655 0.484375 0.406655 0.489062 0.456577 0.489062 0.456577 0.484375 0.458657 0.482812 0.460737 0.482812 0.462817 0.481250 0.469058 0.481250 0.471138 0.479687 0.473218 0.479687 0.475298 0.478125 0.477378 0.478125 0.479458 0.476562 0.481538 0.476562 0.485698 0.473437 0.487778 0.473437 0.498179 0.465625 0.498179 0.464062 0.500259 0.462500 0.500259 0.460938 0.504419 0.457812 0.510659 0.457812 0.510659 0.423437 0.504419 0.423437 0.502339 0.421875 0.502339 0.415625 0.500259 0.414062 0.500259 0.410937 0.498179 0.409375 0.498179 0.407812 0.496099 0.406250 0.496099 0.404687 0.485698 0.396875 0.483618 0.396875 0.479458 0.393750 0.477378 0.393750 0.473218 0.390625 0.471138 0.390625 0.469058 0.389062 0.466978 0.389062 0.462817 0.385937 0.458657 0.385937 0.454497 0.382812 0.454497 0.378125
1 0.550181 0.471875 0.550181 0.476562 0.548101 0.478125 0.546021 0.478125 0.531460 0.489062 0.531460 0.490625 0.527300 0.493750 0.527300 0.495312 0.525220 0.496875 0.525220 0.498437 0.518979 0.503125 0.512739 0.503125 0.512739 0.548437 0.518979 0.548437 0.529380 0.556250 0.529380 0.557812 0.531460 0.557812 0.539780 0.564062 0.541860 0.564062 0.550181 0.570312 0.552261 0.570312 0.554341 0.571875 0.558501 0.571875 0.562661 0.575000 0.564741 0.575000 0.568901 0.578125 0.568901 0.582812 0.618823 0.582812 0.618823 0.578125 0.622983 0.575000 0.625063 0.575000 0.627144 0.573437 0.629224 0.573437 0.631304 0.571875 0.633384 0.571875 0.639624 0.567187 0.641704 0.567187 0.645864 0.564062 0.647944 0.564062 0.656265 0.557812 0.656265 0.553125 0.658345 0.551562 0.658345 0.548437 0.662505 0.545312 0.668745 0.545312 0.668745 0.504687 0.662505 0.504687 0.658345 0.501562 0.658345 0.500000 0.656265 0.498437 0.656265 0.496875 0.654185 0.495312 0.654185 0.493750 0.647944 0.489062 0.647944 0.487500 0.637544 0.479687 0.635464 0.479687 0.631304 0.476562 0.631304 0.471875
0 0.494019 0.553125 0.494019 0.557812 0.487778 0.562500 0.485698 0.562500 0.483618 0.564062 0.481538 0.564062 0.479458 0.565625 0.477378 0.565625 0.471138 0.570312 0.469058 0.570312 0.450337 0.584375 0.450337 0.585937 0.444097 0.590625 0.437856 0.590625 0.437856 0.631250 0.444097 0.631250 0.450337 0.635937 0.450337 0.637500 0.452417 0.639062 0.452417 0.640625 0.460737 0.646875 0.460737 0.648438 0.475298 0.659375 0.477378 0.659375 0.479458 0.660937 0.481538 0.660937 0.483618 0.662500 0.485698 0.662500 0.489858 0.665625 0.489858 0.670312 0.546021 0.670312 0.546021 0.665625 0.550181 0.662500 0.552261 0.662500 0.554341 0.660937 0.556421 0.660937 0.558501 0.659375 0.560581 0.659375 0.577222 0.646875 0.577222 0.645312 0.581382 0.642187 0.581382 0.640625 0.583462 0.639062 0.583462 0.635937 0.585542 0.634375 0.585542 0.632812 0.587622 0.631250 0.593862 0.631250 0.593862 0.596875 0.587622 0.596875 0.585542 0.595312 0.585542 0.593750 0.583462 0.592187 0.583462 0.590625 0.581382 0.589062 0.581382 0.587500 0.568901 0.578125 0.566821 0.578125 0.564741 0.576562 0.562661 0.576562 0.560581 0.575000 0.558501 0.575000 0.554341 0.571875 0.552261 0.571875 0.550181 0.570312 0.548101 0.570312 0.543940 0.567187 0.541860 0.567187 0.535620 0.562500 0.533540 0.562500 0.529380 0.559375 0.529380 0.553125
0 0.552261 0.371875 0.552261 0.376562 0.550181 0.378125 0.548101 0.378125 0.546021 0.379687 0.543940 0.379687 0.541860 0.381250 0.539780 0.381250 0.537700 0.382812 0.535620 0.382812 0.527300 0.389062 0.525220 0.389062 0.514819 0.396875 0.514819 0.398438 0.508579 0.403125 0.508579 0.404687 0.506499 0.406250 0.506499 0.407812 0.504419 0.409375 0.504419 0.410937 0.502339 0.412500 0.496099 0.412500 0.496099 0.450000 0.502339 0.450000 0.504419 0.451562 0.504419 0.453125 0.506499 0.454687 0.506499 0.456250 0.531460 0.475000 0.533540 0.475000 0.537700 0.478125 0.537700 0.482812 0.558501 0.482812 0.558501 0.478125 0.560581 0.476562 0.564741 0.476562 0.566821 0.475000 0.604263 0.475000 0.606343 0.473437 0.614663 0.473437 0.616743 0.471875 0.618823 0.471875 0.622983 0.468750 0.625063 0.468750 0.633384 0.462500 0.633384 0.460938 0.637544 0.457812 0.637544 0.456250 0.639624 0.454687 0.639624 0.453125 0.641704 0.451562 0.641704 0.450000 0.643784 0.448437 0.643784 0.446875 0.645864 0.445312 0.652104 0.445312 0.652104 0.412500 0.645864 0.412500 0.643784 0.410937 0.643784 0.409375 0.641704 0.407812 0.641704 0.406250 0.639624 0.404687 0.639624 0.403125 0.637544 0.401562 0.637544 0.400000 0.631304 0.395312 0.631304 0.393750 0.625063 0.389062 0.622983 0.389062 0.618823 0.385937 0.616743 0.385937 0.612583 0.382812 0.610503 0.382812 0.608423 0.381250 0.606343 0.381250 0.604263 0.379687 0.602183 0.379687 0.598022 0.376562 0.598022 0.371875
2 0.647944 0.559375 0.647944 0.564062 0.641704 0.568750 0.639624 0.568750 0.635464 0.571875 0.633384 0.571875 0.627144 0.576562 0.625063 0.576562 0.616743 0.582812 0.616743 0.584375 0.610503 0.589062 0.604263 0.589062 0.604263 0.646875 0.610503 0.646875 0.614663 0.650000 0.614663 0.651562 0.627144 0.660937 0.629224 0.660937 0.635464 0.665625 0.637544 0.665625 0.639624 0.667187 0.641704 0.667187 0.643784 0.668750 0.645864 0.668750 0.650024 0.671875 0.650024 0.676562 0.704106 0.676562 0.704106 0.671875 0.710347 0.667187 0.714507 0.667187 0.716587 0.665625 0.718667 0.665625 0.724907 0.660937 0.726987 0.660937 0.731147 0.657812 0.731147 0.656250 0.737388 0.651562 0.737388 0.650000 0.739468 0.648438 0.739468 0.646875 0.741548 0.645312 0.741548 0.643750 0.745708 0.640625 0.751948 0.640625 0.751948 0.596875 0.745708 0.596875 0.741548 0.593750 0.741548 0.592187 0.739468 0.590625 0.739468 0.589062 0.737388 0.587500 0.737388 0.585937 0.733227 0.582812 0.733227 0.581250 0.724907 0.575000 0.722827 0.575000 0.716587 0.570312 0.714507 0.570312 0.710347 0.567187 0.708267 0.567187 0.704106 0.564062 0.704106 0.559375
2 0.460737 0.284375 0.460737 0.289062 0.456577 0.292187 0.454497 0.292187 0.452417 0.293750 0.450337 0.293750 0.446177 0.296875 0.444097 0.296875 0.437856 0.301562 0.435776 0.301562 0.429536 0.306250 0.429536 0.307813 0.423296 0.312500 0.423296 0.314062 0.419136 0.317187 0.412896 0.317187 0.412896 0.359375 0.419136 0.359375 0.423296 0.362500 0.423296 0.364062 0.425376 0.365625 0.425376 0.367188 0.437856 0.376562 0.439936 0.376562 0.442017 0.378125 0.444097 0.378125 0.446177 0.379687 0.450337 0.379687 0.452417 0.381250 0.454497 0.381250 0.456577 0.382812 0.458657 0.382812 0.460737 0.384375 0.460737 0.389062 0.516899 0.389062 0.516899 0.384375 0.518979 0.382812 0.527300 0.382812 0.529380 0.381250 0.533540 0.381250 0.541860 0.375000 0.543940 0.375000 0.546021 0.373437 0.546021 0.371875 0.550181 0.368750 0.550181 0.367188 0.552261 0.365625 0.560581 0.365625 0.560581 0.318750 0.554341 0.318750 0.550181 0.315625 0.550181 0.314062 0.548101 0.312500 0.548101 0.310937 0.543940 0.307813 0.543940 0.306250 0.533540 0.298437 0.531460 0.298437 0.527300 0.295312 0.525220 0.295312 0.523140 0.293750 0.521060 0.293750 0.518979 0.292187 0.516899 0.292187 0.512739 0.289062 0.512739 0.284375
2 0.381694 0.484375 0.381694 0.489062 0.375454 0.493750 0.373374 0.493750 0.367134 0.498437 0.367134 0.500000 0.360894 0.504687 0.360894 0.506250 0.358813 0.507812 0.358813 0.509375 0.356733 0.510937 0.356733 0.512500 0.352573 0.515625 0.346333 0.515625 0.346333 0.553125 0.352573 0.553125 0.356733 0.556250 0.356733 0.559375 0.358813 0.560937 0.358813 0.562500 0.367134 0.568750 0.367134 0.570312 0.379614 0.579687 0.381694 0.579687 0.387935 0.584375 0.390015 0.584375 0.392095 0.585937 0.394175 0.585937 0.396255 0.587500 0.400415 0.587500 0.402495 0.589062 0.402495 0.595312 0.429536 0.595312 0.429536 0.590625 0.433696 0.587500 0.437856 0.587500 0.439936 0.585937 0.442017 0.585937 0.446177 0.582812 0.448257 0.582812 0.450337 0.581250 0.452417 0.581250 0.452417 0.579687 0.462817 0.571875 0.464897 0.571875 0.469058 0.568750 0.471138 0.568750 0.477378 0.564062 0.479458 0.564062 0.485698 0.559375 0.487778 0.559375 0.496099 0.553125 0.502339 0.553125 0.502339 0.514062 0.496099 0.514062 0.491938 0.510937 0.491938 0.509375 0.487778 0.506250 0.487778 0.504687 0.483618 0.501562 0.483618 0.500000 0.475298 0.493750 0.473218 0.493750 0.466978 0.489062 0.466978 0.484375
1 0.261050 0.000000 0.261050 0.001562 0.256890 0.004687 0.252729 0.004687 0.244409 0.010937 0.242329 0.010937 0.234009 0.017187 0.231929 0.017187 0.223608 0.023438 0.221528 0.023438 0.211128 0.031250 0.209048 0.031250 0.209048 0.032812 0.202808 0.037500 0.200728 0.037500 0.200728 0.039062 0.184087 0.051562 0.184087 0.053125 0.177847 0.057812 0.177847 0.059375 0.173687 0.062500 0.173687 0.064062 0.169526 0.067187 0.163286 0.067187 0.163286 0.154687 0.169526 0.154687 0.173687 0.157812 0.173687 0.159375 0.177847 0.162500 0.177847 0.164062 0.184087 0.168750 0.184087 0.170312 0.186167 0.171875 0.186167 0.173437 0.188247 0.175000 0.188247 0.176562 0.190327 0.178125 0.190327 0.182812 0.192407 0.184375 0.192407 0.185937 0.194487 0.187500 0.194487 0.189062 0.200728 0.193750 0.200728 0.196875 0.202808 0.198437 0.202808 0.200000 0.204888 0.201562 0.204888 0.203125 0.215288 0.210938 0.217368 0.210938 0.219448 0.212500 0.240249 0.212500 0.242329 0.214062 0.246489 0.214062 0.248569 0.215625 0.248569 0.220312 0.302651 0.220312 0.302651 0.215625 0.304731 0.214062 0.308892 0.214062 0.310972 0.212500 0.317212 0.212500 0.319292 0.214062 0.321372 0.212500 0.327612 0.212500 0.329692 0.210938 0.338013 0.210938 0.340093 0.209375 0.342173 0.209375 0.344253 0.207812 0.356733 0.207812 0.358813 0.206250 0.367134 0.206250 0.369214 0.204687 0.371294 0.204687 0.373374 0.203125 0.375454 0.203125 0.377534 0.201562 0.377534 0.190625 0.379614 0.189062 0.379614 0.187500 0.381694 0.185937 0.381694 0.184375 0.383774 0.182812 0.383774 0.171875 0.381694 0.170312 0.381694 0.167187 0.379614 0.165625 0.379614 0.162500 0.377534 0.160937 0.377534 0.157812 0.375454 0.156250 0.375454 0.128125 0.377534 0.126562 0.377534 0.121875 0.379614 0.120312 0.379614 0.118750 0.381694 0.117188 0.381694 0.115625 0.383774 0.114062 0.385854 0.114062 0.387935 0.112500 0.390015 0.112500 0.392095 0.110937 0.394175 0.110937 0.398335 0.107812 0.400415 0.107812 0.402495 0.106250 0.406655 0.106250 0.410815 0.103125 0.412896 0.103125 0.414976 0.101562 0.417056 0.101562 0.421216 0.098437 0.423296 0.098437 0.425376 0.096875 0.425376 0.095312 0.427456 0.093750 0.429536 0.093750 0.431616 0.092187 0.431616 0.090625 0.437856 0.085938 0.437856 0.084375 0.439936 0.082812 0.439936 0.081250 0.442017 0.079687 0.442017 0.076562 0.444097 0.075000 0.444097 0.073437 0.446177 0.071875 0.452417 0.071875 0.452417 0.043750 0.446177 0.043750 0.444097 0.042187 0.444097 0.039062 0.442017 0.037500 0.442017 0.034375 0.439936 0.032812 0.439936 0.031250 0.435776 0.028125 0.435776 0.026562 0.431616 0.023438 0.431616 0.021875 0.419136 0.012500 0.417056 0.012500 0.412896 0.009375 0.410815 0.009375 0.406655 0.006250 0.402495 0.006250 0.400415 0.004687 0.394175 0.004687 0.390015 0.001562 0.390015 0.000000
1 0.891313 0.509375 0.891313 0.514062 0.887153 0.517187 0.885073 0.517187 0.882993 0.518750 0.880913 0.518750 0.878833 0.520312 0.878833 0.521875 0.868433 0.529687 0.868433 0.531250 0.860112 0.537500 0.853872 0.537500 0.853872 0.600000 0.864272 0.600000 0.866352 0.598437 0.870513 0.598437 0.872593 0.600000 0.874673 0.600000 0.880913 0.604687 0.882993 0.604687 0.885073 0.606250 0.887153 0.606250 0.889233 0.607813 0.891313 0.607813 0.893394 0.609375 0.895474 0.609375 0.897554 0.610937 0.901714 0.610937 0.903794 0.612500 0.905874 0.612500 0.910034 0.615625 0.910034 0.620312 0.945395 0.620312 0.945395 0.615625 0.947476 0.614062 0.949556 0.614062 0.951636 0.612500 0.955796 0.612500 0.957876 0.610937 0.962036 0.610937 0.964116 0.609375 0.966196 0.609375 0.970356 0.606250 0.972437 0.606250 0.978677 0.601562 0.980757 0.601562 0.991157 0.593750 0.991157 0.592187 0.993237 0.590625 1.000000 0.590625 1.000000 0.509375 0.991157 0.509375 0.991157 0.514062 0.993237 0.515625 0.993237 0.518750 0.995317 0.520312 0.995317 0.523437 0.993237 0.525000 0.993237 0.526562 0.991157 0.528125 0.986997 0.528125 0.980757 0.523437 0.976597 0.523437 0.974517 0.521875 0.974517 0.520312 0.972437 0.518750 0.970356 0.518750 0.968276 0.517187 0.964116 0.517187 0.959956 0.514062 0.959956 0.509375
2 0.712427 0.340625 0.712427 0.345312 0.708267 0.348437 0.704106 0.348437 0.699946 0.351562 0.697866 0.351562 0.691626 0.356250 0.689546 0.356250 0.679145 0.364062 0.677065 0.364062 0.677065 0.365625 0.668745 0.371875 0.668745 0.373437 0.664585 0.376562 0.664585 0.379687 0.662505 0.381250 0.662505 0.382812 0.660425 0.384375 0.654185 0.384375 0.654185 0.412500 0.660425 0.412500 0.662505 0.414062 0.662505 0.418750 0.664585 0.420312 0.664585 0.423437 0.666665 0.425000 0.666665 0.426562 0.668745 0.428125 0.668745 0.429688 0.672905 0.432812 0.672905 0.434375 0.677065 0.437500 0.677065 0.439062 0.685386 0.445312 0.687466 0.445312 0.691626 0.448437 0.693706 0.448437 0.695786 0.450000 0.697866 0.450000 0.702026 0.453125 0.702026 0.457812 0.766509 0.457812 0.766509 0.453125 0.772749 0.448437 0.774829 0.448437 0.776909 0.446875 0.778989 0.446875 0.785229 0.442187 0.787310 0.442187 0.787310 0.440625 0.797710 0.432812 0.797710 0.431250 0.799790 0.429688 0.799790 0.428125 0.803950 0.425000 0.810190 0.425000 0.810190 0.379687 0.803950 0.379687 0.799790 0.376562 0.799790 0.375000 0.797710 0.373437 0.797710 0.371875 0.789390 0.365625 0.789390 0.364062 0.778989 0.356250 0.776909 0.356250 0.768589 0.350000 0.766509 0.350000 0.764429 0.348437 0.760269 0.348437 0.758188 0.346875 0.756108 0.346875 0.754028 0.345312 0.754028 0.340625
2 0.358813 0.609375 0.358813 0.614062 0.352573 0.618750 0.350493 0.618750 0.344253 0.623438 0.342173 0.623438 0.335933 0.628125 0.335933 0.629687 0.331772 0.632812 0.331772 0.634375 0.327612 0.637500 0.327612 0.639062 0.325532 0.640625 0.325532 0.642187 0.323452 0.643750 0.323452 0.646875 0.319292 0.650000 0.313052 0.650000 0.313052 0.678125 0.319292 0.678125 0.323452 0.681250 0.323452 0.682812 0.325532 0.684375 0.325532 0.687500 0.327612 0.689062 0.327612 0.690625 0.331772 0.693750 0.331772 0.695312 0.335933 0.698437 0.335933 0.700000 0.350493 0.710938 0.352573 0.710938 0.356733 0.714062 0.358813 0.714062 0.362974 0.717187 0.367134 0.717187 0.369214 0.718750 0.371294 0.718750 0.375454 0.721875 0.375454 0.726562 0.417056 0.726562 0.417056 0.721875 0.421216 0.718750 0.423296 0.718750 0.425376 0.717187 0.427456 0.717187 0.429536 0.715625 0.431616 0.715625 0.435776 0.712500 0.437856 0.712500 0.454497 0.700000 0.454497 0.698437 0.456577 0.696875 0.456577 0.695312 0.462817 0.690625 0.469058 0.690625 0.469058 0.653125 0.462817 0.653125 0.456577 0.648438 0.456577 0.646875 0.454497 0.645312 0.454497 0.643750 0.452417 0.642187 0.452417 0.640625 0.446177 0.635937 0.446177 0.634375 0.442017 0.631250 0.442017 0.629687 0.433696 0.623438 0.433696 0.621875 0.423296 0.614062 0.423296 0.609375
1 0.275610 0.229687 0.271450 0.229687 0.269370 0.228125 0.258970 0.228125 0.256890 0.226562 0.242329 0.226562 0.240249 0.225000 0.200728 0.225000 0.198647 0.223437 0.190327 0.223437 0.188247 0.225000 0.179927 0.225000 0.179927 0.278125 0.186167 0.278125 0.190327 0.281250 0.190327 0.284375 0.192407 0.285937 0.192407 0.287500 0.194487 0.289062 0.194487 0.292187 0.198647 0.295312 0.198647 0.296875 0.200728 0.298437 0.200728 0.300000 0.202808 0.301562 0.202808 0.303125 0.204888 0.304688 0.204888 0.306250 0.209048 0.309375 0.209048 0.310937 0.211128 0.312500 0.211128 0.314062 0.213208 0.315625 0.213208 0.317187 0.215288 0.318750 0.215288 0.320312 0.223608 0.326562 0.223608 0.328125 0.234009 0.335938 0.236089 0.335938 0.244409 0.342187 0.246489 0.342187 0.250649 0.345312 0.252729 0.345312 0.256890 0.348437 0.258970 0.348437 0.261050 0.350000 0.263130 0.350000 0.265210 0.351562 0.267290 0.351562 0.271450 0.354687 0.273530 0.354687 0.275610 0.356250 0.277690 0.356250 0.279770 0.357812 0.281851 0.357812 0.283931 0.359375 0.286011 0.359375 0.288091 0.360937 0.290171 0.360937 0.292251 0.362500 0.294331 0.362500 0.296411 0.364062 0.298491 0.364062 0.300571 0.365625 0.302651 0.365625 0.304731 0.367188 0.306812 0.367188 0.308892 0.368750 0.310972 0.368750 0.315132 0.371875 0.315132 0.376562 0.371294 0.376562 0.371294 0.371875 0.385854 0.360937 0.385854 0.359375 0.387935 0.357812 0.387935 0.354687 0.390015 0.353125 0.390015 0.345312 0.392095 0.343750 0.392095 0.340625 0.394175 0.339062 0.394175 0.337500 0.400415 0.332812 0.410815 0.332812 0.410815 0.318750 0.402495 0.318750 0.392095 0.310937 0.392095 0.309375 0.390015 0.307813 0.390015 0.306250 0.385854 0.303125 0.385854 0.296875 0.383774 0.295312 0.383774 0.293750 0.379614 0.290625 0.379614 0.289062 0.377534 0.287500 0.377534 0.285937 0.375454 0.284375 0.375454 0.282812 0.373374 0.281250 0.373374 0.279687 0.369214 0.276562 0.369214 0.275000 0.365054 0.271875 0.362974 0.271875 0.360894 0.270312 0.358813 0.270312 0.350493 0.264062 0.350493 0.262500 0.346333 0.259375 0.346333 0.253125 0.350493 0.250000 0.350493 0.248437 0.354653 0.245312 0.354653 0.242188 0.356733 0.240625 0.350493 0.240625 0.346333 0.243750 0.338013 0.243750 0.335933 0.245312 0.333853 0.245312 0.329692 0.248437 0.317212 0.248437 0.315132 0.250000 0.308892 0.250000 0.306812 0.248437 0.304731 0.248437 0.300571 0.245312 0.300571 0.240625 0.298491 0.239062 0.298491 0.237500 0.296411 0.235937 0.296411 0.234375 0.294331 0.232812 0.290171 0.232812 0.288091 0.231250 0.277690 0.231250 0.275610 0.229687 0.277690 0.220312 0.281851 0.220312 0.281851 0.215625 0.277690 0.215625 0.277690 0.220312
1 0.712427 0.340625 0.712427 0.345312 0.708267 0.348437 0.704106 0.348437 0.702026 0.350000 0.699946 0.350000 0.691626 0.356250 0.689546 0.356250 0.681226 0.362500 0.679145 0.362500 0.674985 0.365625 0.674985 0.367188 0.668745 0.371875 0.668745 0.373437 0.664585 0.376562 0.664585 0.379687 0.660425 0.382812 0.654185 0.382812 0.654185 0.417187 0.660425 0.417187 0.662505 0.418750 0.662505 0.420312 0.664585 0.421875 0.664585 0.423437 0.666665 0.425000 0.666665 0.426562 0.668745 0.428125 0.668745 0.429688 0.672905 0.432812 0.672905 0.434375 0.677065 0.437500 0.677065 0.439062 0.685386 0.445312 0.687466 0.445312 0.691626 0.448437 0.693706 0.448437 0.695786 0.450000 0.697866 0.450000 0.702026 0.453125 0.702026 0.457812 0.766509 0.457812 0.766509 0.453125 0.772749 0.448437 0.774829 0.448437 0.776909 0.446875 0.778989 0.446875 0.785229 0.442187 0.787310 0.442187 0.787310 0.440625 0.795630 0.434375 0.795630 0.432812 0.799790 0.429688 0.799790 0.428125 0.803950 0.425000 0.810190 0.425000 0.810190 0.379687 0.803950 0.379687 0.799790 0.376562 0.799790 0.375000 0.797710 0.373437 0.797710 0.371875 0.789390 0.365625 0.789390 0.364062 0.778989 0.356250 0.776909 0.356250 0.768589 0.350000 0.766509 0.350000 0.764429 0.348437 0.760269 0.348437 0.758188 0.346875 0.756108 0.346875 0.754028 0.345312 0.754028 0.340625
1 0.023921 0.521875 0.023921 0.526562 0.021841 0.528125 0.019761 0.528125 0.017681 0.529687 0.015601 0.529687 0.013521 0.531250 0.009360 0.531250 0.007280 0.532812 0.005200 0.532812 0.003120 0.534375 0.000000 0.534375 0.000000 0.706250 0.003120 0.706250 0.013521 0.714062 0.015601 0.714062 0.019761 0.717187 0.021841 0.717187 0.023921 0.718750 0.026001 0.718750 0.028081 0.720312 0.030161 0.720312 0.032241 0.721875 0.032241 0.726562 0.053042 0.726562 0.053042 0.721875 0.057202 0.718750 0.063442 0.718750 0.065522 0.717187 0.069683 0.717187 0.071763 0.715625 0.073843 0.715625 0.075923 0.714062 0.078003 0.714062 0.080083 0.712500 0.082163 0.712500 0.084243 0.710938 0.086323 0.710938 0.090483 0.707812 0.092563 0.707812 0.113364 0.692187 0.119604 0.692187 0.119604 0.545312 0.113364 0.545312 0.109204 0.542187 0.109204 0.540625 0.107124 0.539062 0.107124 0.537500 0.096724 0.529687 0.092563 0.529687 0.090483 0.528125 0.090483 0.521875