0 0.279770 0.409375 0.279770 0.414062 0.275610 0.417187 0.273530 0.417187 0.267290 0.421875 0.265210 0.421875 0.261050 0.425000 0.258970 0.425000 0.256890 0.426562 0.256890 0.428125 0.248569 0.434375 0.248569 0.435937 0.246489 0.437500 0.238169 0.437500 0.238169 0.492188 0.246489 0.492188 0.248569 0.493750 0.248569 0.495312 0.252729 0.498437 0.252729 0.500000 0.267290 0.510937 0.269370 0.510937 0.275610 0.515625 0.275610 0.520312 0.340093 0.520312 0.340093 0.515625 0.344253 0.512500 0.346333 0.512500 0.348413 0.510937 0.350493 0.510937 0.360894 0.503125 0.362974 0.503125 0.371294 0.496875 0.371294 0.495312 0.373374 0.493750 0.373374 0.492188 0.375454 0.490625 0.375454 0.489062 0.379614 0.485937 0.385854 0.485937 0.385854 0.448437 0.379614 0.448437 0.377534 0.446875 0.377534 0.445312 0.375454 0.443750 0.375454 0.440625 0.373374 0.439062 0.373374 0.437500 0.371294 0.435937 0.371294 0.434375 0.367134 0.431250 0.367134 0.429688 0.358813 0.423437 0.354653 0.423437 0.348413 0.418750 0.346333 0.418750 0.344253 0.417187 0.342173 0.417187 0.338013 0.414062 0.338013 0.409375
1 0.531460 0.434375 0.531460 0.439062 0.527300 0.442187 0.523140 0.442187 0.516899 0.446875 0.514819 0.446875 0.500259 0.457812 0.500259 0.459375 0.496099 0.462500 0.496099 0.464062 0.491938 0.467187 0.491938 0.468750 0.489858 0.470312 0.489858 0.471875 0.485698 0.475000 0.479458 0.475000 0.479458 0.512500 0.485698 0.512500 0.491938 0.517187 0.491938 0.518750 0.498179 0.523437 0.498179 0.525000 0.502339 0.528125 0.502339 0.529687 0.506499 0.532812 0.506499 0.534375 0.510659 0.537500 0.512739 0.537500 0.523140 0.545312 0.525220 0.545312 0.529380 0.548437 0.533540 0.548437 0.535620 0.550000 0.539780 0.550000 0.543940 0.553125 0.543940 0.557812 0.577222 0.557812 0.577222 0.553125 0.581382 0.550000 0.585542 0.550000 0.587622 0.548437 0.591782 0.548437 0.593862 0.546875 0.598022 0.546875 0.602183 0.543750 0.604263 0.543750 0.606343 0.542187 0.608423 0.542187 0.612583 0.539062 0.614663 0.539062 0.618823 0.535937 0.620903 0.535937 0.627144 0.531250 0.627144 0.529687 0.631304 0.526562 0.631304 0.525000 0.633384 0.523437 0.633384 0.521875 0.637544 0.518750 0.643784 0.518750 0.643784 0.478125 0.637544 0.478125 0.635464 0.476562 0.635464 0.473437 0.633384 0.471875 0.633384 0.467187 0.631304 0.465625 0.631304 0.464062 0.625063 0.459375 0.625063 0.457812 0.614663 0.450000 0.614663 0.448437 0.612583 0.448437 0.606343 0.443750 0.604263 0.443750 0.602183 0.442187 0.598022 0.442187 0.593862 0.439062 0.593862 0.434375
1 0.186167 0.515625 0.186167 0.520312 0.182007 0.523437 0.179927 0.523437 0.177847 0.525000 0.175767 0.525000 0.173687 0.526562 0.171606 0.526562 0.165366 0.531250 0.163286 0.531250 0.136245 0.551562 0.130005 0.551562 0.130005 0.607813 0.136245 0.607813 0.140405 0.610937 0.140405 0.612500 0.142485 0.614062 0.142485 0.615625 0.146646 0.618750 0.146646 0.620312 0.152886 0.625000 0.152886 0.626562 0.163286 0.634375 0.165366 0.634375 0.169526 0.637500 0.169526 0.639062 0.171606 0.639062 0.175767 0.642187 0.177847 0.642187 0.179927 0.643750 0.186167 0.643750 0.188247 0.645312 0.190327 0.645312 0.192407 0.646875 0.192407 0.651562 0.244409 0.651562 0.244409 0.646875 0.248569 0.643750 0.250649 0.643750 0.252729 0.642187 0.254810 0.642187 0.256890 0.640625 0.261050 0.640625 0.265210 0.637500 0.267290 0.637500 0.271450 0.634375 0.273530 0.634375 0.290171 0.621875 0.290171 0.620312 0.296411 0.615625 0.302651 0.615625 0.302651 0.545312 0.296411 0.545312 0.290171 0.540625 0.290171 0.539062 0.275610 0.528125 0.273530 0.528125 0.269370 0.525000 0.265210 0.525000 0.263130 0.523437 0.261050 0.523437 0.258970 0.521875 0.256890 0.521875 0.254810 0.520312 0.254810 0.515625
2 0.371294 0.853125 0.371294 0.859375 0.340093 0.882812 0.340093 0.884375 0.325532 0.895312 0.325532 0.896875 0.321372 0.900000 0.321372 0.901562 0.317212 0.904687 0.317212 0.906250 0.315132 0.907812 0.315132 0.910937 0.313052 0.912500 0.313052 0.915625 0.310972 0.917187 0.310972 0.920312 0.308892 0.921875 0.308892 0.925000 0.306812 0.926562 0.306812 0.929688 0.304731 0.931250 0.304731 0.934375 0.302651 0.935937 0.296411 0.935937 0.296411 0.989062 0.304731 0.989062 0.306812 0.990625 0.306812 0.992188 0.313052 0.996875 0.313052 0.998437 0.660425 0.998437 0.660425 0.987500 0.654185 0.987500 0.650024 0.984375 0.650024 0.981250 0.647944 0.979687 0.647944 0.978125 0.645864 0.976562 0.645864 0.975000 0.643784 0.973437 0.643784 0.971875 0.639624 0.968750 0.639624 0.967187 0.637544 0.965625 0.637544 0.964062 0.631304 0.959375 0.631304 0.957812 0.620903 0.950000 0.618823 0.950000 0.614663 0.946875 0.612583 0.946875 0.608423 0.943750 0.606343 0.943750 0.604263 0.942187 0.600103 0.942187 0.598022 0.940625 0.595942 0.940625 0.591782 0.937500 0.589702 0.937500 0.587622 0.935937 0.583462 0.935937 0.581382 0.934375 0.579302 0.934375 0.577222 0.932812 0.575142 0.932812 0.573062 0.931250 0.570981 0.931250 0.568901 0.929688 0.566821 0.929688 0.564741 0.928125 0.560581 0.928125 0.556421 0.925000 0.554341 0.925000 0.552261 0.923437 0.550181 0.923437 0.548101 0.921875 0.543940 0.921875 0.539780 0.918750 0.535620 0.918750 0.533540 0.917187 0.531460 0.917187 0.527300 0.914062 0.525220 0.914062 0.523140 0.912500 0.521060 0.912500 0.518979 0.910937 0.516899 0.910937 0.514819 0.909375 0.512739 0.909375 0.508579 0.906250 0.506499 0.906250 0.504419 0.904687 0.502339 0.904687 0.500259 0.903125 0.498179 0.903125 0.496099 0.901562 0.494019 0.901562 0.489858 0.898438 0.487778 0.898438 0.483618 0.895312 0.481538 0.895312 0.479458 0.893750 0.477378 0.893750 0.473218 0.890625 0.471138 0.890625 0.466978 0.887500 0.464897 0.887500 0.462817 0.885937 0.460737 0.885937 0.454497 0.881250 0.452417 0.881250 0.450337 0.879687 0.448257 0.879687 0.444097 0.876562 0.442017 0.876562 0.437856 0.873437 0.435776 0.873437 0.431616 0.870312 0.429536 0.870312 0.427456 0.868750 0.425376 0.868750 0.423296 0.867188 0.421216 0.867188 0.419136 0.865625 0.417056 0.865625 0.412896 0.862500 0.410815 0.862500 0.408735 0.860937 0.406655 0.860937 0.404575 0.859375 0.402495 0.859375 0.400415 0.857812 0.400415 0.853125
0 0.537700 0.334375 0.537700 0.339062 0.533540 0.342187 0.531460 0.342187 0.529380 0.343750 0.527300 0.343750 0.525220 0.345312 0.523140 0.345312 0.518979 0.348437 0.516899 0.348437 0.510659 0.353125 0.510659 0.354687 0.504419 0.359375 0.504419 0.360937 0.500259 0.364062 0.500259 0.365625 0.494019 0.370312 0.487778 0.370312 0.487778 0.417187 0.494019 0.417187 0.496099 0.418750 0.496099 0.420312 0.502339 0.425000 0.502339 0.426562 0.514819 0.435937 0.516899 0.435937 0.523140 0.440625 0.523140 0.445312 0.535620 0.445312 0.535620 0.440625 0.537700 0.439062 0.556421 0.439062 0.558501 0.437500 0.587622 0.437500 0.589702 0.439062 0.591782 0.439062 0.593862 0.440625 0.593862 0.445312 0.604263 0.445312 0.604263 0.440625 0.606343 0.439062 0.608423 0.439062 0.610503 0.437500 0.612583 0.437500 0.622983 0.429688 0.622983 0.428125 0.631304 0.421875 0.631304 0.420312 0.633384 0.418750 0.633384 0.417187 0.635464 0.415625 0.635464 0.414062 0.637544 0.412500 0.643784 0.412500 0.643784 0.370312 0.637544 0.370312 0.633384 0.367188 0.633384 0.365625 0.631304 0.364062 0.631304 0.362500 0.627144 0.359375 0.627144 0.357812 0.612583 0.346875 0.610503 0.346875 0.608423 0.345312 0.606343 0.345312 0.604263 0.343750 0.602183 0.343750 0.600103 0.342187 0.598022 0.342187 0.593862 0.339062 0.593862 0.334375
1 0.030161 0.903125 0.030161 0.907812 0.028081 0.909375 0.026001 0.909375 0.013521 0.918750 0.011440 0.918750 0.011440 0.920312 0.000000 0.929688 0.000000 0.931250 0.000000 0.932812 0.000000 0.935937 0.000000 0.937500 0.000000 0.937500 0.000000 0.998437 0.078003 0.998437 0.078003 0.995312 0.080083 0.993750 0.080083 0.992188 0.082163 0.990625 0.082163 0.985937 0.084243 0.984375 0.084243 0.981250 0.086323 0.979687 0.086323 0.978125 0.088403 0.976562 0.094644 0.976562 0.094644 0.923437 0.088403 0.923437 0.084243 0.920312 0.084243 0.918750 0.080083 0.915625 0.080083 0.914062 0.078003 0.912500 0.075923 0.912500 0.071763 0.909375 0.071763 0.903125
1 0.417056 0.321875 0.417056 0.328125 0.414976 0.329687 0.412896 0.329687 0.396255 0.342187 0.396255 0.343750 0.392095 0.346875 0.392095 0.350000 0.390015 0.351562 0.390015 0.354687 0.385854 0.357812 0.379614 0.357812 0.379614 0.378125 0.385854 0.378125 0.392095 0.382812 0.392095 0.392187 0.394175 0.393750 0.394175 0.396875 0.398335 0.400000 0.398335 0.401562 0.400415 0.403125 0.400415 0.407812 0.485698 0.407812 0.485698 0.398438 0.487778 0.396875 0.487778 0.381250 0.489858 0.379687 0.489858 0.376562 0.496099 0.371875 0.496099 0.368750 0.498179 0.367188 0.498179 0.364062 0.504419 0.359375 0.510659 0.359375 0.510659 0.348437 0.504419 0.348437 0.500259 0.345312 0.500259 0.343750 0.498179 0.342187 0.498179 0.340625 0.489858 0.334375 0.489858 0.332812 0.481538 0.326562 0.481538 0.321875
2 0.362974 0.521875 0.362974 0.526562 0.356733 0.531250 0.354653 0.531250 0.335933 0.545312 0.335933 0.546875 0.331772 0.550000 0.331772 0.551562 0.327612 0.554687 0.321372 0.554687 0.321372 0.604687 0.327612 0.604687 0.331772 0.607813 0.331772 0.609375 0.335933 0.612500 0.335933 0.614062 0.344253 0.620312 0.344253 0.621875 0.346333 0.623438 0.348413 0.623438 0.356733 0.629687 0.358813 0.629687 0.360894 0.631250 0.362974 0.631250 0.367134 0.634375 0.367134 0.639062 0.427456 0.639062 0.427456 0.632812 0.429536 0.631250 0.431616 0.631250 0.433696 0.629687 0.437856 0.629687 0.444097 0.625000 0.446177 0.625000 0.458657 0.615625 0.458657 0.614062 0.464897 0.609375 0.464897 0.607813 0.466978 0.606250 0.466978 0.604687 0.471138 0.601562 0.477378 0.601562 0.477378 0.557812 0.471138 0.557812 0.466978 0.554687 0.466978 0.553125 0.464897 0.551562 0.464897 0.550000 0.462817 0.548437 0.462817 0.546875 0.456577 0.542187 0.456577 0.540625 0.446177 0.532812 0.444097 0.532812 0.435776 0.526562 0.435776 0.521875
2 0.689546 0.409375 0.689546 0.414062 0.687466 0.415625 0.685386 0.415625 0.683306 0.417187 0.681226 0.417187 0.679145 0.418750 0.677065 0.418750 0.672905 0.421875 0.670825 0.421875 0.666665 0.425000 0.664585 0.425000 0.662505 0.426562 0.660425 0.426562 0.650024 0.434375 0.650024 0.435937 0.643784 0.440625 0.643784 0.442187 0.639624 0.445312 0.639624 0.446875 0.635464 0.450000 0.629224 0.450000 0.629224 0.485937 0.635464 0.485937 0.637544 0.487500 0.637544 0.490625 0.639624 0.492188 0.639624 0.496875 0.641704 0.498437 0.641704 0.500000 0.643784 0.501562 0.643784 0.503125 0.660425 0.515625 0.662505 0.515625 0.670825 0.521875 0.672905 0.521875 0.677065 0.525000 0.679145 0.525000 0.683306 0.528125 0.683306 0.532812 0.754028 0.532812 0.754028 0.528125 0.760269 0.523437 0.762349 0.523437 0.783149 0.507812 0.783149 0.506250 0.787310 0.503125 0.787310 0.501562 0.789390 0.500000 0.789390 0.496875 0.791470 0.495312 0.791470 0.493750 0.795630 0.490625 0.801870 0.490625 0.801870 0.459375 0.795630 0.459375 0.791470 0.456250 0.791470 0.454687 0.789390 0.453125 0.789390 0.451562 0.787310 0.450000 0.787310 0.448437 0.783149 0.445312 0.783149 0.443750 0.778989 0.440625 0.778989 0.439062 0.760269 0.425000 0.758188 0.425000 0.751948 0.420312 0.749868 0.420312 0.747788 0.418750 0.745708 0.418750 0.743628 0.417187 0.739468 0.417187 0.735308 0.414062 0.735308 0.409375
2 0.512739 0.253125 0.512739 0.257812 0.508579 0.260937 0.504419 0.260937 0.502339 0.262500 0.500259 0.262500 0.483618 0.275000 0.483618 0.276562 0.481538 0.278125 0.481538 0.279687 0.479458 0.281250 0.471138 0.281250 0.471138 0.326562 0.477378 0.326562 0.479458 0.328125 0.481538 0.328125 0.491938 0.335938 0.494019 0.335938 0.498179 0.339062 0.498179 0.345312 0.541860 0.345312 0.541860 0.340625 0.543940 0.339062 0.546021 0.339062 0.548101 0.337500 0.552261 0.337500 0.554341 0.335938 0.570981 0.335938 0.573062 0.334375 0.581382 0.334375 0.583462 0.332812 0.585542 0.332812 0.589702 0.329687 0.589702 0.328125 0.591782 0.326562 0.591782 0.325000 0.593862 0.323437 0.602183 0.323437 0.602183 0.285937 0.595942 0.285937 0.591782 0.282812 0.591782 0.281250 0.589702 0.279687 0.589702 0.278125 0.583462 0.273437 0.583462 0.271875 0.573062 0.264062 0.570981 0.264062 0.566821 0.260937 0.564741 0.260937 0.560581 0.257812 0.560581 0.253125
2 0.300571 0.334375 0.300571 0.339062 0.296411 0.342187 0.294331 0.342187 0.290171 0.345312 0.288091 0.345312 0.273530 0.356250 0.273530 0.357812 0.267290 0.362500 0.267290 0.364062 0.265210 0.365625 0.265210 0.367188 0.261050 0.370312 0.261050 0.371875 0.252729 0.378125 0.246489 0.378125 0.246489 0.406250 0.256890 0.406250 0.258970 0.407812 0.261050 0.407812 0.263130 0.409375 0.265210 0.409375 0.267290 0.410937 0.269370 0.410937 0.271450 0.412500 0.273530 0.412500 0.277690 0.415625 0.288091 0.415625 0.290171 0.414062 0.292251 0.414062 0.294331 0.412500 0.321372 0.412500 0.323452 0.414062 0.327612 0.414062 0.329692 0.415625 0.329692 0.417187 0.331772 0.418750 0.338013 0.418750 0.340093 0.420312 0.342173 0.420312 0.344253 0.421875 0.344253 0.426562 0.373374 0.426562 0.373374 0.421875 0.379614 0.417187 0.385854 0.417187 0.385854 0.360937 0.379614 0.360937 0.375454 0.357812 0.375454 0.356250 0.371294 0.353125 0.371294 0.351562 0.369214 0.351562 0.360894 0.345312 0.358813 0.345312 0.354653 0.342187 0.352573 0.342187 0.348413 0.339062 0.348413 0.334375
2 0.423296 0.396875 0.423296 0.401562 0.421216 0.403125 0.419136 0.403125 0.417056 0.404687 0.414976 0.404687 0.412896 0.406250 0.408735 0.406250 0.402495 0.410937 0.400415 0.410937 0.385854 0.421875 0.385854 0.423437 0.383774 0.425000 0.383774 0.428125 0.381694 0.429688 0.381694 0.439062 0.379614 0.440625 0.379614 0.445312 0.377534 0.446875 0.371294 0.446875 0.371294 0.484375 0.377534 0.484375 0.383774 0.479687 0.385854 0.479687 0.390015 0.482812 0.390015 0.485937 0.394175 0.489062 0.394175 0.490625 0.402495 0.496875 0.404575 0.496875 0.406655 0.498437 0.408735 0.498437 0.410815 0.500000 0.412896 0.500000 0.417056 0.503125 0.417056 0.507812 0.479458 0.507812 0.479458 0.503125 0.481538 0.501562 0.481538 0.496875 0.483618 0.495312 0.483618 0.487500 0.485698 0.485937 0.485698 0.482812 0.487778 0.481250 0.487778 0.475000 0.485698 0.473437 0.485698 0.470312 0.491938 0.465625 0.494019 0.465625 0.496099 0.464062 0.502339 0.464062 0.502339 0.421875 0.496099 0.421875 0.491938 0.418750 0.491938 0.417187 0.489858 0.415625 0.489858 0.414062 0.487778 0.412500 0.487778 0.410937 0.481538 0.406250 0.479458 0.406250 0.477378 0.404687 0.469058 0.404687 0.464897 0.401562 0.464897 0.396875
1 0.687466 0.409375 0.687466 0.414062 0.683306 0.417187 0.681226 0.417187 0.679145 0.418750 0.677065 0.418750 0.674985 0.420312 0.672905 0.420312 0.668745 0.423437 0.666665 0.423437 0.662505 0.426562 0.660425 0.426562 0.647944 0.435937 0.647944 0.437500 0.643784 0.440625 0.643784 0.442187 0.639624 0.445312 0.639624 0.446875 0.637544 0.448437 0.629224 0.448437 0.629224 0.482812 0.635464 0.482812 0.637544 0.484375 0.637544 0.487500 0.639624 0.489062 0.639624 0.495312 0.641704 0.496875 0.641704 0.500000 0.643784 0.501562 0.643784 0.503125 0.662505 0.517187 0.664585 0.517187 0.672905 0.523437 0.674985 0.523437 0.677065 0.525000 0.679145 0.525000 0.683306 0.528125 0.683306 0.532812 0.754028 0.532812 0.754028 0.528125 0.760269 0.523437 0.762349 0.523437 0.783149 0.507812 0.783149 0.506250 0.787310 0.503125 0.787310 0.501562 0.789390 0.500000 0.789390 0.496875 0.791470 0.495312 0.791470 0.493750 0.795630 0.490625 0.801870 0.490625 0.801870 0.459375 0.795630 0.459375 0.791470 0.456250 0.791470 0.454687 0.789390 0.453125 0.789390 0.451562 0.787310 0.450000 0.787310 0.448437 0.785229 0.446875 0.785229 0.445312 0.781069 0.442187 0.781069 0.440625 0.760269 0.425000 0.758188 0.425000 0.749868 0.418750 0.745708 0.418750 0.743628 0.417187 0.739468 0.417187 0.735308 0.414062 0.735308 0.409375