1 0.601665 0.540625 0.601665 0.546875 0.603745 0.548437 0.605825 0.548437 0.609985 0.551562 0.612065 0.551562 0.618306 0.556250 0.620386 0.556250 0.626626 0.560937 0.628706 0.560937 0.649507 0.576562 0.649507 0.578125 0.655747 0.582812 0.661987 0.582812 0.661987 0.635937 0.653667 0.635937 0.651587 0.637500 0.651587 0.639062 0.647427 0.642187 0.647427 0.643750 0.634946 0.653125 0.632866 0.653125 0.628706 0.656250 0.626626 0.656250 0.624546 0.657812 0.622466 0.657812 0.620386 0.659375 0.618306 0.659375 0.616226 0.660937 0.614146 0.660937 0.612065 0.662500 0.605825 0.662500 0.603745 0.664062 0.601665 0.664062 0.599585 0.665625 0.599585 0.670312 0.547583 0.670312 0.547583 0.665625 0.543423 0.662500 0.539263 0.662500 0.537183 0.660937 0.535103 0.660937 0.533022 0.659375 0.530942 0.659375 0.528862 0.657812 0.526782 0.657812 0.524702 0.656250 0.520542 0.656250 0.518462 0.654687 0.516382 0.654687 0.514302 0.653125 0.512222 0.653125 0.510142 0.651562 0.508062 0.651562 0.503901 0.648438 0.501821 0.648438 0.487261 0.637500 0.487261 0.635937 0.483101 0.632812 0.483101 0.631250 0.478940 0.628125 0.472700 0.628125 0.472700 0.582812 0.478940 0.582812 0.483101 0.579687 0.483101 0.576562 0.489341 0.571875 0.489341 0.570312 0.495581 0.565625 0.495581 0.564062 0.501821 0.559375 0.503901 0.559375 0.510142 0.554687 0.512222 0.554687 0.518462 0.550000 0.520542 0.550000 0.526782 0.545312 0.526782 0.540625
1 0.372856 0.515625 0.372856 0.520312 0.379097 0.525000 0.381177 0.525000 0.383257 0.526562 0.387417 0.526562 0.389497 0.528125 0.391577 0.528125 0.393657 0.529687 0.395737 0.529687 0.406138 0.537500 0.406138 0.539062 0.412378 0.543750 0.412378 0.545312 0.424858 0.554687 0.424858 0.556250 0.431099 0.560937 0.437339 0.560937 0.437339 0.607813 0.431099 0.607813 0.426938 0.610937 0.426938 0.612500 0.422778 0.615625 0.422778 0.617188 0.414458 0.623438 0.412378 0.623438 0.410298 0.625000 0.408218 0.625000 0.406138 0.626562 0.404058 0.626562 0.399897 0.629687 0.397817 0.629687 0.395737 0.631250 0.393657 0.631250 0.389497 0.634375 0.387417 0.634375 0.385337 0.635937 0.383257 0.635937 0.381177 0.637500 0.379097 0.637500 0.377017 0.639062 0.374937 0.639062 0.372856 0.640625 0.372856 0.645312 0.297974 0.645312 0.297974 0.640625 0.293814 0.637500 0.291733 0.637500 0.289653 0.635937 0.287573 0.635937 0.281333 0.631250 0.279253 0.631250 0.277173 0.629687 0.275093 0.629687 0.266773 0.623438 0.264692 0.623438 0.250132 0.612500 0.250132 0.610937 0.243892 0.606250 0.243892 0.603125 0.241812 0.601562 0.241812 0.600000 0.237651 0.596875 0.231411 0.596875 0.231411 0.557812 0.237651 0.557812 0.241812 0.554687 0.241812 0.553125 0.243892 0.551562 0.243892 0.550000 0.250132 0.545312 0.250132 0.543750 0.264692 0.532812 0.266773 0.532812 0.268853 0.531250 0.270933 0.531250 0.275093 0.528125 0.277173 0.528125 0.281333 0.525000 0.283413 0.525000 0.285493 0.523437 0.287573 0.523437 0.291733 0.520312 0.291733 0.515625
1 0.753511 0.365625 0.753511 0.370312 0.757671 0.373437 0.761831 0.373437 0.763911 0.375000 0.765991 0.375000 0.770151 0.378125 0.772231 0.378125 0.790952 0.392187 0.790952 0.393750 0.797192 0.398438 0.803433 0.398438 0.803433 0.453125 0.795112 0.453125 0.793032 0.454687 0.793032 0.456250 0.788872 0.459375 0.788872 0.460938 0.782632 0.465625 0.780552 0.465625 0.772231 0.471875 0.770151 0.471875 0.768071 0.473437 0.765991 0.473437 0.763911 0.475000 0.761831 0.475000 0.757671 0.478125 0.757671 0.482812 0.707749 0.482812 0.707749 0.478125 0.703589 0.475000 0.701509 0.475000 0.697349 0.471875 0.695269 0.471875 0.693188 0.470312 0.691108 0.470312 0.684868 0.465625 0.682788 0.465625 0.666147 0.453125 0.664067 0.453125 0.661987 0.451562 0.661987 0.450000 0.653667 0.443750 0.647427 0.443750 0.647427 0.418750 0.653667 0.418750 0.655747 0.417187 0.655747 0.415625 0.657827 0.414062 0.657827 0.412500 0.659907 0.410937 0.659907 0.407812 0.661987 0.406250 0.661987 0.403125 0.664067 0.401562 0.664067 0.400000 0.666147 0.398438 0.666147 0.396875 0.668228 0.395312 0.668228 0.393750 0.670308 0.392187 0.670308 0.390625 0.678628 0.384375 0.678628 0.382812 0.680708 0.382812 0.691108 0.375000 0.693188 0.375000 0.695269 0.373437 0.699429 0.373437 0.703589 0.370312 0.703589 0.365625
0 0.401978 0.403125 0.401978 0.407812 0.404058 0.409375 0.406138 0.409375 0.408218 0.410937 0.410298 0.410937 0.414458 0.414062 0.416538 0.414062 0.422778 0.418750 0.424858 0.418750 0.431099 0.423437 0.433179 0.423437 0.441499 0.429688 0.441499 0.431250 0.451899 0.439062 0.451899 0.440625 0.453979 0.442187 0.462300 0.442187 0.462300 0.495312 0.456060 0.495312 0.451899 0.498437 0.451899 0.500000 0.449819 0.501562 0.449819 0.503125 0.441499 0.509375 0.441499 0.510937 0.439419 0.512500 0.437339 0.512500 0.435259 0.514062 0.435259 0.515625 0.433179 0.517187 0.431099 0.517187 0.424858 0.521875 0.424858 0.526562 0.368696 0.526562 0.368696 0.521875 0.364536 0.518750 0.358296 0.518750 0.356216 0.517187 0.345815 0.517187 0.343735 0.515625 0.337495 0.515625 0.335415 0.514062 0.329175 0.514062 0.327095 0.512500 0.322935 0.512500 0.318774 0.509375 0.316694 0.509375 0.310454 0.504687 0.310454 0.503125 0.304214 0.498437 0.304214 0.496875 0.302134 0.495312 0.302134 0.493750 0.300054 0.492188 0.300054 0.487500 0.297974 0.485937 0.297974 0.484375 0.295894 0.482812 0.289653 0.482812 0.289653 0.456250 0.295894 0.456250 0.297974 0.454687 0.297974 0.451562 0.300054 0.450000 0.300054 0.446875 0.302134 0.445312 0.302134 0.442187 0.306294 0.439062 0.306294 0.437500 0.310454 0.434375 0.310454 0.432812 0.329175 0.418750 0.331255 0.418750 0.335415 0.415625 0.337495 0.415625 0.339575 0.414062 0.341655 0.414062 0.343735 0.412500 0.345815 0.412500 0.347896 0.410937 0.352056 0.410937 0.354136 0.409375 0.356216 0.409375 0.358296 0.407812 0.358296 0.403125
1 0.035884 0.571875 0.035884 0.576562 0.040044 0.579687 0.046284 0.579687 0.048364 0.581250 0.052524 0.581250 0.054605 0.582812 0.056685 0.582812 0.060845 0.585937 0.062925 0.585937 0.065005 0.587500 0.067085 0.587500 0.069165 0.589062 0.071245 0.589062 0.089966 0.603125 0.089966 0.604687 0.094126 0.607813 0.094126 0.609375 0.098286 0.612500 0.098286 0.614062 0.100366 0.615625 0.100366 0.617188 0.102446 0.618750 0.102446 0.621875 0.106606 0.625000 0.112847 0.625000 0.112847 0.668750 0.106606 0.668750 0.104526 0.670312 0.104526 0.671875 0.102446 0.673437 0.102446 0.676562 0.100366 0.678125 0.100366 0.679688 0.098286 0.681250 0.098286 0.682812 0.094126 0.685937 0.094126 0.687500 0.092046 0.689062 0.092046 0.690625 0.089966 0.692187 0.089966 0.693750 0.085806 0.696875 0.085806 0.706250 0.089966 0.709375 0.089966 0.710938 0.092046 0.712500 0.092046 0.714062 0.094126 0.715625 0.094126 0.717187 0.096206 0.718750 0.096206 0.720312 0.100366 0.723437 0.100366 0.725000 0.102446 0.726562 0.102446 0.739062 0.100366 0.740625 0.100366 0.742188 0.089966 0.750000 0.087886 0.750000 0.085806 0.751562 0.085806 0.757812 0.058765 0.757812 0.058765 0.753125 0.054605 0.750000 0.052524 0.750000 0.050444 0.748437 0.048364 0.748437 0.044204 0.745312 0.042124 0.745312 0.037964 0.742188 0.035884 0.742188 0.029644 0.737500 0.027563 0.737500 0.021323 0.732812 0.017163 0.732812 0.015083 0.731250 0.006763 0.731250 0.004683 0.729687 0.000000 0.729687 0.000000 0.571875
2 0.453979 0.296875 0.453979 0.301562 0.458140 0.304688 0.460220 0.304688 0.462300 0.306250 0.464380 0.306250 0.466460 0.307813 0.468540 0.307813 0.472700 0.310937 0.474780 0.310937 0.478940 0.314062 0.481021 0.314062 0.493501 0.323437 0.493501 0.325000 0.497661 0.328125 0.503901 0.328125 0.503901 0.375000 0.497661 0.375000 0.493501 0.378125 0.493501 0.379687 0.491421 0.381250 0.491421 0.382812 0.487261 0.385937 0.487261 0.387500 0.470620 0.400000 0.468540 0.400000 0.464380 0.403125 0.462300 0.403125 0.460220 0.404687 0.458140 0.404687 0.456060 0.406250 0.424858 0.406250 0.422778 0.407812 0.410298 0.407812 0.408218 0.406250 0.401978 0.406250 0.399897 0.404687 0.397817 0.404687 0.395737 0.403125 0.393657 0.403125 0.391577 0.401562 0.389497 0.401562 0.387417 0.400000 0.385337 0.400000 0.374937 0.392187 0.374937 0.390625 0.368696 0.385937 0.368696 0.384375 0.362456 0.379687 0.356216 0.379687 0.356216 0.331250 0.364536 0.331250 0.366616 0.329687 0.366616 0.328125 0.368696 0.326562 0.368696 0.325000 0.374937 0.320312 0.374937 0.318750 0.383257 0.312500 0.385337 0.312500 0.389497 0.309375 0.391577 0.309375 0.395737 0.306250 0.397817 0.306250 0.399897 0.304688 0.401978 0.304688 0.406138 0.301562 0.406138 0.296875
0 1.000000 0.490625 1.000000 0.614062 0.976079 0.614062 0.976079 0.607813 0.973999 0.606250 0.971919 0.606250 0.969839 0.604687 0.967759 0.604687 0.965679 0.603125 0.963599 0.603125 0.955278 0.596875 0.953198 0.596875 0.953198 0.595312 0.944878 0.589062 0.944878 0.587500 0.938638 0.582812 0.938638 0.581250 0.936558 0.579687 0.936558 0.578125 0.934478 0.576562 0.934478 0.575000 0.932397 0.573437 0.932397 0.571875 0.930317 0.570312 0.930317 0.568750 0.928237 0.567187 0.921997 0.567187 0.921997 0.531250 0.928237 0.531250 0.932397 0.528125 0.932397 0.526562 0.934478 0.525000 0.934478 0.523437 0.936558 0.521875 0.936558 0.520312 0.955278 0.506250 0.957358 0.506250 0.959438 0.504687 0.961519 0.504687 0.967759 0.500000 0.969839 0.500000 0.971919 0.498437 0.976079 0.498437 0.980239 0.495312 0.980239 0.490625
2 0.861675 0.871875 0.861675 0.876562 0.865835 0.879687 0.867915 0.879687 0.869995 0.881250 0.872075 0.881250 0.874155 0.882812 0.876235 0.882812 0.882476 0.887500 0.884556 0.887500 0.886636 0.889062 0.888716 0.889062 0.892876 0.892187 0.894956 0.892187 0.899116 0.895312 0.901196 0.895312 0.907437 0.900000 0.909517 0.900000 0.919917 0.907812 0.919917 0.909375 0.924077 0.912500 0.924077 0.914062 0.926157 0.915625 0.926157 0.917187 0.930317 0.920312 0.936558 0.920312 0.936558 0.998437 0.738950 0.998437 0.738950 0.973437 0.745190 0.973437 0.749351 0.970312 0.749351 0.964062 0.751431 0.962500 0.751431 0.954687 0.753511 0.953125 0.753511 0.950000 0.755591 0.948437 0.755591 0.945312 0.757671 0.943750 0.757671 0.939062 0.759751 0.937500 0.759751 0.931250 0.761831 0.929688 0.761831 0.925000 0.763911 0.923437 0.763911 0.918750 0.765991 0.917187 0.765991 0.912500 0.768071 0.910937 0.768071 0.904687 0.770151 0.903125 0.770151 0.900000 0.772231 0.898438 0.772231 0.896875 0.774312 0.895312 0.774312 0.893750 0.776392 0.892187 0.776392 0.890625 0.778472 0.889062 0.778472 0.887500 0.782632 0.884375 0.782632 0.882812 0.788872 0.878125 0.788872 0.871875
2 0.624546 0.334375 0.624546 0.339062 0.630786 0.343750 0.632866 0.343750 0.634946 0.345312 0.637026 0.345312 0.651587 0.356250 0.651587 0.357812 0.655747 0.360937 0.655747 0.362500 0.659907 0.365625 0.659907 0.367188 0.664067 0.370312 0.670308 0.370312 0.670308 0.395312 0.664067 0.395312 0.661987 0.396875 0.661987 0.400000 0.659907 0.401562 0.659907 0.404687 0.657827 0.406250 0.657827 0.409375 0.655747 0.410937 0.655747 0.414062 0.653667 0.415625 0.653667 0.418750 0.651587 0.420312 0.651587 0.421875 0.645347 0.426562 0.645347 0.428125 0.639106 0.432812 0.637026 0.432812 0.632866 0.435937 0.630786 0.435937 0.628706 0.437500 0.626626 0.437500 0.624546 0.439062 0.622466 0.439062 0.620386 0.440625 0.618306 0.440625 0.616226 0.442187 0.612065 0.442187 0.609985 0.443750 0.605825 0.443750 0.603745 0.445312 0.601665 0.445312 0.599585 0.446875 0.599585 0.451562 0.560064 0.451562 0.560064 0.446875 0.555903 0.443750 0.553823 0.443750 0.551743 0.442187 0.549663 0.442187 0.547583 0.440625 0.545503 0.440625 0.541343 0.437500 0.539263 0.437500 0.528862 0.429688 0.528862 0.428125 0.520542 0.421875 0.514302 0.421875 0.514302 0.375000 0.520542 0.375000 0.522622 0.373437 0.522622 0.371875 0.524702 0.370312 0.524702 0.365625 0.526782 0.364062 0.526782 0.362500 0.528862 0.360937 0.528862 0.359375 0.533022 0.356250 0.533022 0.354687 0.547583 0.343750 0.549663 0.343750 0.555903 0.339062 0.555903 0.334375
1 0.316694 0.884375 0.316694 0.889062 0.320855 0.892187 0.322935 0.892187 0.327095 0.895312 0.329175 0.895312 0.343735 0.906250 0.343735 0.907812 0.349976 0.912500 0.352056 0.912500 0.360376 0.918750 0.362456 0.918750 0.368696 0.923437 0.370776 0.923437 0.372856 0.925000 0.374937 0.925000 0.377017 0.926562 0.379097 0.926562 0.385337 0.931250 0.387417 0.931250 0.393657 0.935937 0.395737 0.935937 0.399897 0.939062 0.401978 0.939062 0.406138 0.942187 0.408218 0.942187 0.410298 0.943750 0.412378 0.943750 0.431099 0.957812 0.431099 0.959375 0.435259 0.962500 0.435259 0.965625 0.439419 0.968750 0.445659 0.968750 0.445659 0.998437 0.231411 0.998437 0.231411 0.884375
2 0.668228 0.453125 0.668228 0.459375 0.670308 0.460938 0.672388 0.460938 0.684868 0.470312 0.686948 0.470312 0.693188 0.475000 0.695269 0.475000 0.701509 0.479687 0.703589 0.479687 0.709829 0.484375 0.711909 0.484375 0.713989 0.485937 0.720230 0.485937 0.722310 0.487500 0.726470 0.487500 0.728550 0.489062 0.730630 0.489062 0.738950 0.495312 0.745190 0.495312 0.745190 0.550000 0.738950 0.550000 0.734790 0.553125 0.734790 0.554687 0.732710 0.556250 0.732710 0.557812 0.720230 0.567187 0.718149 0.567187 0.711909 0.571875 0.709829 0.571875 0.707749 0.573437 0.705669 0.573437 0.703589 0.575000 0.701509 0.575000 0.697349 0.578125 0.697349 0.582812 0.655747 0.582812 0.655747 0.576562 0.651587 0.573437 0.649507 0.573437 0.639106 0.565625 0.637026 0.565625 0.626626 0.557812 0.624546 0.557812 0.618306 0.553125 0.616226 0.553125 0.607905 0.546875 0.605825 0.546875 0.603745 0.545312 0.601665 0.545312 0.599585 0.543750 0.597505 0.543750 0.595425 0.542187 0.593345 0.542187 0.591265 0.540625 0.589185 0.540625 0.587104 0.539062 0.585024 0.539062 0.582944 0.537500 0.580864 0.537500 0.578784 0.535937 0.576704 0.535937 0.574624 0.534375 0.572544 0.534375 0.570464 0.532812 0.564224 0.532812 0.564224 0.493750 0.572544 0.493750 0.574624 0.492188 0.574624 0.490625 0.576704 0.489062 0.576704 0.487500 0.578784 0.485937 0.578784 0.484375 0.587104 0.478125 0.587104 0.476562 0.589185 0.476562 0.599585 0.468750 0.601665 0.468750 0.607905 0.464062 0.609985 0.464062 0.614146 0.460938 0.616226 0.460938 0.618306 0.459375 0.618306 0.453125
2 0.160689 0.871875 0.160689 0.878125 0.164849 0.881250 0.179409 0.881250 0.179409 0.892187 0.171089 0.892187 0.169009 0.893750 0.169009 0.898438 0.173169 0.901562 0.179409 0.901562 0.179409 0.998437 0.000000 0.998437 0.000000 0.900000 0.004683 0.900000 0.008843 0.896875 0.010923 0.896875 0.013003 0.895312 0.015083 0.895312 0.017163 0.893750 0.023403 0.893750 0.025483 0.892187 0.033804 0.892187 0.035884 0.890625 0.042124 0.890625 0.044204 0.889062 0.048364 0.889062 0.050444 0.887500 0.054605 0.887500 0.056685 0.885937 0.060845 0.885937 0.062925 0.884375 0.065005 0.884375 0.067085 0.882812 0.069165 0.882812 0.071245 0.881250 0.075405 0.881250 0.077485 0.879687 0.081646 0.879687 0.083726 0.878125 0.085806 0.878125 0.087886 0.876562 0.087886 0.871875