1 0.576562 0.495833 0.576562 0.502083 0.578125 0.504167 0.579688 0.504167 0.581250 0.506250 0.582812 0.506250 0.584375 0.508333 0.585938 0.508333 0.589063 0.512500 0.590625 0.512500 0.593750 0.516667 0.595313 0.516667 0.595313 0.518750 0.596875 0.520833 0.598437 0.520833 0.607812 0.533333 0.607812 0.535417 0.610938 0.539583 0.615625 0.539583 0.615625 0.602083 0.610938 0.602083 0.607812 0.606250 0.607812 0.608333 0.604688 0.612500 0.604688 0.614583 0.596875 0.625000 0.596875 0.627083 0.590625 0.635417 0.590625 0.637500 0.587500 0.641667 0.585938 0.641667 0.582812 0.645833 0.582812 0.652083 0.540625 0.652083 0.540625 0.645833 0.537500 0.641667 0.534375 0.641667 0.531250 0.637500 0.529687 0.637500 0.528125 0.635417 0.526563 0.635417 0.509375 0.612500 0.504687 0.612500 0.504687 0.543750 0.509375 0.543750 0.514062 0.537500 0.514062 0.535417 0.515625 0.533333 0.515625 0.531250 0.521875 0.522917 0.521875 0.520833 0.528125 0.512500 0.529687 0.512500 0.532813 0.508333 0.534375 0.508333 0.535937 0.506250 0.539062 0.506250 0.542188 0.502083 0.542188 0.495833
0 0.471875 0.445833 0.471875 0.452083 0.475000 0.456250 0.476562 0.456250 0.478125 0.458333 0.482813 0.458333 0.484375 0.460417 0.492188 0.460417 0.493750 0.462500 0.498438 0.462500 0.500000 0.464583 0.503125 0.464583 0.512500 0.477083 0.512500 0.479167 0.514062 0.481250 0.514062 0.483333 0.515625 0.485417 0.521875 0.485417 0.521875 0.529167 0.517188 0.529167 0.515625 0.531250 0.515625 0.533333 0.514062 0.535417 0.514062 0.539583 0.512500 0.541667 0.512500 0.545833 0.510938 0.547917 0.510938 0.550000 0.509375 0.552083 0.509375 0.554167 0.507812 0.556250 0.507812 0.558333 0.506250 0.560417 0.506250 0.564583 0.504687 0.566667 0.504687 0.568750 0.503125 0.570833 0.503125 0.572917 0.501563 0.575000 0.501563 0.577083 0.493750 0.587500 0.492188 0.587500 0.490625 0.589583 0.489062 0.589583 0.487500 0.591667 0.484375 0.591667 0.481250 0.595833 0.481250 0.602083 0.446875 0.602083 0.446875 0.595833 0.443750 0.591667 0.442187 0.591667 0.440625 0.589583 0.439062 0.589583 0.437500 0.587500 0.435938 0.587500 0.432813 0.583333 0.431250 0.583333 0.420313 0.568750 0.420313 0.566667 0.415625 0.560417 0.415625 0.558333 0.414062 0.556250 0.414062 0.554167 0.412500 0.552083 0.412500 0.550000 0.409375 0.545833 0.404688 0.545833 0.404688 0.500000 0.409375 0.500000 0.410937 0.497917 0.410937 0.495833 0.412500 0.493750 0.412500 0.491667 0.414062 0.489583 0.414062 0.487500 0.417188 0.483333 0.417188 0.481250 0.421875 0.475000 0.421875 0.472917 0.432813 0.458333 0.434375 0.458333 0.437500 0.454167 0.437500 0.445833
1 0.517188 0.320833 0.517188 0.327083 0.521875 0.333333 0.523438 0.333333 0.532813 0.345833 0.532813 0.347917 0.535937 0.352083 0.535937 0.354167 0.537500 0.356250 0.537500 0.358333 0.539062 0.360417 0.539062 0.364583 0.542188 0.368750 0.546875 0.368750 0.546875 0.420833 0.542188 0.420833 0.539062 0.425000 0.539062 0.427083 0.537500 0.429167 0.537500 0.431250 0.531250 0.439583 0.531250 0.441667 0.529687 0.443750 0.528125 0.443750 0.523438 0.450000 0.521875 0.450000 0.518750 0.454167 0.518750 0.460417 0.473437 0.460417 0.473437 0.454167 0.467188 0.445833 0.465625 0.445833 0.464063 0.443750 0.462500 0.443750 0.457812 0.437500 0.456250 0.437500 0.450000 0.429167 0.450000 0.427083 0.446875 0.422917 0.446875 0.418750 0.445312 0.416667 0.445312 0.414583 0.443750 0.412500 0.443750 0.410417 0.440625 0.406250 0.435938 0.406250 0.435938 0.372917 0.440625 0.372917 0.443750 0.368750 0.443750 0.364583 0.445312 0.362500 0.445312 0.360417 0.446875 0.358333 0.446875 0.356250 0.451563 0.350000 0.451563 0.347917 0.464063 0.331250 0.465625 0.331250 0.467188 0.329167 0.467188 0.320833
0 0.128125 0.000000 0.128125 0.004167 0.121875 0.004167 0.120313 0.006250 0.120313 0.008333 0.118750 0.010417 0.118750 0.012500 0.117188 0.014583 0.117188 0.018750 0.114062 0.022917 0.114062 0.025000 0.112500 0.027083 0.112500 0.029167 0.110937 0.029167 0.106250 0.035417 0.104688 0.035417 0.101562 0.039583 0.100000 0.039583 0.096875 0.043750 0.096875 0.052083 0.065625 0.052083 0.065625 0.045833 0.062500 0.041667 0.059375 0.041667 0.057813 0.039583 0.054688 0.039583 0.053125 0.037500 0.050000 0.037500 0.048437 0.035417 0.046875 0.035417 0.045313 0.033333 0.043750 0.033333 0.042188 0.031250 0.040625 0.031250 0.037500 0.027083 0.035937 0.027083 0.023438 0.010417 0.017187 0.010417 0.017187 0.000000
2 0.607812 0.337500 0.607812 0.343750 0.610938 0.347917 0.615625 0.347917 0.617188 0.350000 0.618750 0.350000 0.620313 0.352083 0.621875 0.352083 0.626563 0.358333 0.628125 0.358333 0.632812 0.364583 0.632812 0.366667 0.639062 0.375000 0.639062 0.377083 0.643750 0.383333 0.643750 0.385417 0.645312 0.387500 0.645312 0.393750 0.648438 0.397917 0.653125 0.397917 0.653125 0.439583 0.648438 0.439583 0.645312 0.443750 0.645312 0.447917 0.643750 0.450000 0.643750 0.452083 0.639062 0.458333 0.639062 0.460417 0.631250 0.470833 0.631250 0.472917 0.626563 0.479167 0.625000 0.479167 0.621875 0.483333 0.620313 0.483333 0.617188 0.487500 0.617188 0.493750 0.576562 0.493750 0.576562 0.487500 0.573438 0.483333 0.571875 0.483333 0.570312 0.481250 0.568750 0.481250 0.567187 0.479167 0.565625 0.479167 0.562500 0.475000 0.560937 0.475000 0.546875 0.456250 0.542188 0.456250 0.542188 0.379167 0.546875 0.379167 0.551562 0.372917 0.551562 0.370833 0.564063 0.354167 0.565625 0.354167 0.568750 0.350000 0.570312 0.350000 0.571875 0.347917 0.573438 0.347917 0.576562 0.343750 0.576562 0.337500
2 0.739062 0.320833 0.739062 0.327083 0.742188 0.331250 0.743750 0.331250 0.745313 0.333333 0.746875 0.333333 0.748437 0.335417 0.750000 0.335417 0.757812 0.345833 0.757812 0.347917 0.760937 0.352083 0.760937 0.354167 0.762500 0.356250 0.762500 0.358333 0.764062 0.360417 0.764062 0.362500 0.767188 0.366667 0.771875 0.366667 0.771875 0.429167 0.767188 0.429167 0.762500 0.435417 0.762500 0.437500 0.746875 0.458333 0.745313 0.458333 0.742188 0.462500 0.740625 0.462500 0.739062 0.464583 0.735938 0.464583 0.734375 0.466667 0.731250 0.466667 0.729688 0.468750 0.728125 0.468750 0.726562 0.470833 0.726562 0.477083 0.693750 0.477083 0.693750 0.470833 0.692187 0.468750 0.690625 0.468750 0.689063 0.466667 0.687500 0.466667 0.685937 0.464583 0.684375 0.464583 0.682813 0.462500 0.681250 0.462500 0.675000 0.454167 0.673438 0.454167 0.671875 0.452083 0.671875 0.450000 0.667188 0.443750 0.667188 0.441667 0.664062 0.437500 0.664062 0.433333 0.662500 0.431250 0.662500 0.427083 0.659375 0.422917 0.654687 0.422917 0.654687 0.381250 0.659375 0.381250 0.660937 0.379167 0.660937 0.377083 0.662500 0.375000 0.662500 0.370833 0.664062 0.368750 0.664062 0.366667 0.665625 0.364583 0.665625 0.360417 0.670312 0.354167 0.670312 0.352083 0.685937 0.331250 0.687500 0.331250 0.690625 0.327083 0.690625 0.320833
2 0.414062 0.345833 0.414062 0.352083 0.417188 0.356250 0.418750 0.356250 0.420313 0.358333 0.421875 0.358333 0.426562 0.364583 0.428125 0.364583 0.437500 0.377083 0.437500 0.379167 0.439062 0.381250 0.439062 0.385417 0.440625 0.387500 0.440625 0.389583 0.442187 0.391667 0.446875 0.391667 0.446875 0.439583 0.442187 0.439583 0.440625 0.441667 0.440625 0.443750 0.439062 0.445833 0.439062 0.447917 0.417188 0.477083 0.417188 0.479167 0.412500 0.485417 0.412500 0.493750 0.368750 0.493750 0.368750 0.487500 0.364062 0.481250 0.362500 0.481250 0.351562 0.466667 0.351562 0.464583 0.346875 0.458333 0.342188 0.458333 0.342188 0.383333 0.348437 0.383333 0.350000 0.381250 0.350000 0.379167 0.367188 0.356250 0.368750 0.356250 0.371875 0.352083 0.371875 0.345833
1 0.025000 0.085417 0.018750 0.093750 0.018750 0.095833 0.017187 0.097917 0.015625 0.097917 0.015625 0.095833 0.014063 0.093750 0.014063 0.085417 0.020312 0.077083 0.020312 0.062500 0.031250 0.062500 0.031250 0.070833 0.029688 0.072917 0.029688 0.075000 0.026563 0.079167 0.026563 0.081250 0.025000 0.083333 0.025000 0.085417 0.050000 0.108333 0.051562 0.108333 0.057813 0.100000 0.059375 0.100000 0.060938 0.097917 0.062500 0.097917 0.065625 0.093750 0.067187 0.093750 0.070312 0.089583 0.071875 0.089583 0.075000 0.085417 0.076563 0.085417 0.078125 0.083333 0.079687 0.083333 0.082812 0.079167 0.084375 0.079167 0.087500 0.075000 0.089063 0.075000 0.090625 0.072917 0.092188 0.072917 0.095312 0.068750 0.095312 0.062500 0.168750 0.062500 0.168750 0.068750 0.170313 0.070833 0.171875 0.070833 0.173437 0.072917 0.176562 0.072917 0.178125 0.075000 0.179688 0.075000 0.181250 0.077083 0.184375 0.077083 0.187500 0.081250 0.189062 0.081250 0.192187 0.085417 0.193750 0.085417 0.196875 0.089583 0.198438 0.089583 0.200000 0.091667 0.201563 0.091667 0.204687 0.095833 0.215625 0.095833 0.215625 0.158333 0.210938 0.158333 0.207812 0.162500 0.207812 0.168750 0.206250 0.170833 0.206250 0.172917 0.204687 0.175000 0.203125 0.175000 0.184375 0.200000 0.184375 0.202083 0.178125 0.210417 0.178125 0.212500 0.173437 0.218750 0.173437 0.220833 0.170313 0.225000 0.170313 0.227083 0.168750 0.229167 0.168750 0.233333 0.167188 0.235417 0.167188 0.237500 0.165625 0.239583 0.165625 0.241667 0.162500 0.245833 0.162500 0.247917 0.157812 0.254167 0.157812 0.256250 0.156250 0.258333 0.156250 0.260417 0.153125 0.264583 0.153125 0.266667 0.140625 0.283333 0.140625 0.285417 0.139063 0.285417 0.132812 0.293750 0.131250 0.293750 0.128125 0.297917 0.126562 0.297917 0.125000 0.300000 0.123438 0.300000 0.120313 0.304167 0.118750 0.304167 0.117188 0.306250 0.115625 0.306250 0.114062 0.308333 0.112500 0.308333 0.110937 0.310417 0.109375 0.310417 0.106250 0.314583 0.103125 0.314583 0.101562 0.316667 0.100000 0.316667 0.096875 0.320833 0.096875 0.327083 0.056250 0.327083 0.056250 0.320833 0.054688 0.318750 0.053125 0.318750 0.051562 0.316667 0.048437 0.316667 0.046875 0.314583 0.043750 0.314583 0.042188 0.312500 0.040625 0.312500 0.039062 0.310417 0.037500 0.310417 0.035937 0.308333 0.034375 0.308333 0.032812 0.306250 0.031250 0.306250 0.028125 0.302083 0.026563 0.302083 0.018750 0.291667 0.018750 0.289583 0.015625 0.285417 0.015625 0.283333 0.012500 0.279167 0.012500 0.275000 0.009375 0.270833 0.004687 0.270833 0.004687 0.181250 0.009375 0.181250 0.010938 0.179167 0.010938 0.177083 0.012500 0.175000 0.012500 0.166667 0.014063 0.164583 0.014063 0.162500 0.017187 0.158333 0.017187 0.156250 0.018750 0.154167 0.018750 0.152083 0.020312 0.150000 0.020312 0.147917 0.025000 0.141667 0.025000 0.139583 0.026563 0.139583 0.050000 0.108333
2 0.662500 0.570833 0.662500 0.577083 0.664062 0.579167 0.665625 0.579167 0.667188 0.581250 0.670312 0.581250 0.671875 0.583333 0.673438 0.583333 0.675000 0.585417 0.676562 0.585417 0.678125 0.587500 0.679688 0.587500 0.681250 0.589583 0.682813 0.589583 0.685937 0.593750 0.687500 0.593750 0.687500 0.595833 0.689063 0.597917 0.690625 0.597917 0.693750 0.602083 0.693750 0.604167 0.700000 0.612500 0.700000 0.614583 0.701562 0.616667 0.701562 0.618750 0.704688 0.622917 0.709375 0.622917 0.709375 0.687500 0.703125 0.687500 0.701562 0.689583 0.701562 0.691667 0.700000 0.693750 0.700000 0.695833 0.696875 0.700000 0.696875 0.702083 0.692187 0.708333 0.692187 0.710417 0.684375 0.720833 0.682813 0.720833 0.679688 0.725000 0.678125 0.725000 0.675000 0.729167 0.675000 0.735417 0.628125 0.735417 0.628125 0.729167 0.625000 0.725000 0.623437 0.725000 0.621875 0.722917 0.620313 0.722917 0.618750 0.720833 0.617188 0.720833 0.612500 0.714583 0.610938 0.714583 0.603125 0.704167 0.603125 0.702083 0.598437 0.695833 0.598437 0.693750 0.596875 0.691667 0.596875 0.689583 0.595313 0.687500 0.595313 0.683333 0.593750 0.681250 0.593750 0.679167 0.590625 0.675000 0.585938 0.675000 0.585938 0.637500 0.590625 0.637500 0.600000 0.625000 0.600000 0.622917 0.607812 0.612500 0.607812 0.610417 0.609375 0.608333 0.609375 0.606250 0.610938 0.604167 0.610938 0.602083 0.614062 0.597917 0.614062 0.595833 0.621875 0.585417 0.623437 0.585417 0.625000 0.583333 0.626563 0.583333 0.628125 0.581250 0.631250 0.581250 0.634375 0.577083 0.634375 0.570833
2 0.528125 0.629167 0.528125 0.637500 0.529687 0.639583 0.531250 0.639583 0.534375 0.643750 0.537500 0.643750 0.539062 0.645833 0.542188 0.645833 0.545312 0.650000 0.546875 0.650000 0.553125 0.658333 0.554688 0.658333 0.554688 0.660417 0.557813 0.664583 0.557813 0.666667 0.560937 0.670833 0.565625 0.670833 0.565625 0.733333 0.560937 0.733333 0.556250 0.739583 0.556250 0.741667 0.548438 0.752083 0.548438 0.754167 0.546875 0.756250 0.545312 0.756250 0.539062 0.764583 0.537500 0.764583 0.532813 0.770833 0.532813 0.777083 0.484375 0.777083 0.484375 0.770833 0.479688 0.764583 0.478125 0.764583 0.476562 0.762500 0.475000 0.762500 0.465625 0.750000 0.465625 0.747917 0.460938 0.741667 0.460938 0.739583 0.459375 0.737500 0.459375 0.735417 0.457812 0.733333 0.457812 0.731250 0.456250 0.729167 0.456250 0.727083 0.453125 0.722917 0.448438 0.722917 0.448438 0.685417 0.453125 0.685417 0.456250 0.681250 0.456250 0.677083 0.457812 0.675000 0.457812 0.670833 0.459375 0.668750 0.459375 0.666667 0.460938 0.664583 0.460938 0.662500 0.476562 0.641667 0.478125 0.641667 0.482813 0.635417 0.482813 0.629167
2 1.000000 0.000000 1.000000 0.168750 0.906250 0.168750 0.906250 0.162500 0.898438 0.152083 0.892187 0.152083 0.892187 0.089583 0.898438 0.089583 0.901562 0.093750 0.901562 0.095833 0.900000 0.097917 0.900000 0.100000 0.898438 0.102083 0.898438 0.104167 0.900000 0.106250 0.900000 0.110417 0.907812 0.120833 0.909375 0.120833 0.910938 0.122917 0.914062 0.118750 0.914062 0.110417 0.912500 0.108333 0.912500 0.106250 0.904688 0.095833 0.904688 0.083333 0.903125 0.081250 0.903125 0.077083 0.901562 0.075000 0.901562 0.033333 0.903125 0.031250 0.903125 0.027083 0.904688 0.025000 0.904688 0.018750 0.906250 0.016667 0.906250 0.000000
1 0.028125 0.000000 0.028125 0.045833 0.021875 0.045833 0.020312 0.047917 0.020312 0.050000 0.017187 0.054167 0.017187 0.056250 0.014063 0.060417 0.014063 0.064583 0.010938 0.068750 0.010938 0.072917 0.009375 0.075000 0.009375 0.077083 0.007812 0.079167 0.007812 0.081250 0.006250 0.083333 0.006250 0.087500 0.004687 0.089583 0.004687 0.102083 0.001562 0.102083 0.001562 0.000000
2 0.814063 0.952083 0.812500 0.954167 0.812500 0.958333 0.810937 0.960417 0.810937 0.962500 0.806250 0.968750 0.804688 0.968750 0.803125 0.970833 0.801563 0.970833 0.800000 0.972917 0.792187 0.972917 0.790625 0.975000 0.787500 0.975000 0.785938 0.977083 0.785938 0.979167 0.787500 0.981250 0.789062 0.981250 0.790625 0.983333 0.793750 0.983333 0.795312 0.985417 0.801563 0.985417 0.801563 0.987500 0.798438 0.987500 0.796875 0.989583 0.795312 0.989583 0.792187 0.993750 0.792187 0.997917 0.779687 0.997917 0.779687 0.902083 0.785938 0.902083 0.787500 0.904167 0.789062 0.904167 0.795312 0.912500 0.796875 0.912500 0.801563 0.918750 0.803125 0.918750 0.807812 0.925000 0.807812 0.927083 0.809375 0.929167 0.809375 0.931250 0.810937 0.933333 0.810937 0.939583 0.812500 0.941667 0.812500 0.950000 0.814063 0.952083 0.818750 0.954167 0.818750 0.950000 0.820312 0.947917 0.820312 0.941667 0.821875 0.939583 0.821875 0.937500 0.823437 0.935417 0.826562 0.939583 0.837500 0.939583 0.840625 0.943750 0.842187 0.943750 0.843750 0.941667 0.843750 0.939583 0.845313 0.937500 0.845313 0.935417 0.846875 0.933333 0.846875 0.931250 0.853125 0.931250 0.854687 0.929167 0.854687 0.927083 0.851562 0.922917 0.850000 0.922917 0.850000 0.916667 0.851562 0.914583 0.851562 0.910417 0.850000 0.908333 0.850000 0.906250 0.848438 0.904167 0.848438 0.902083 0.845313 0.897917 0.845313 0.895833 0.843750 0.893750 0.843750 0.891667 0.842187 0.889583 0.842187 0.887500 0.840625 0.885417 0.839062 0.885417 0.837500 0.883333 0.837500 0.881250 0.831250 0.872917 0.831250 0.870833 0.828125 0.866667 0.826562 0.866667 0.826562 0.864583 0.820312 0.856250 0.820312 0.854167 0.815625 0.847917 0.815625 0.845833 0.806250 0.833333 0.806250 0.831250 0.801563 0.825000 0.800000 0.825000 0.787500 0.808333 0.787500 0.806250 0.784375 0.802083 0.779687 0.802083 0.779687 0.716667 0.784375 0.716667 0.785938 0.714583 0.785938 0.710417 0.787500 0.708333 0.787500 0.702083 0.789062 0.700000 0.789062 0.695833 0.790625 0.693750 0.790625 0.685417 0.792187 0.683333 0.792187 0.685417 0.793750 0.687500 0.793750 0.689583 0.795312 0.691667 0.795312 0.693750 0.796875 0.695833 0.803125 0.695833 0.804688 0.693750 0.806250 0.693750 0.807812 0.691667 0.809375 0.691667 0.810937 0.689583 0.820312 0.689583 0.821875 0.691667 0.828125 0.691667 0.832813 0.685417 0.832813 0.670833 0.862500 0.670833 0.862500 0.679167 0.865625 0.683333 0.867188 0.683333 0.868750 0.685417 0.870312 0.685417 0.871875 0.687500 0.878125 0.687500 0.879688 0.685417 0.879688 0.683333 0.878125 0.681250 0.878125 0.670833 1.000000 0.670833 1.000000 0.689583 0.995312 0.689583 0.993750 0.691667 0.992188 0.691667 0.989063 0.695833 0.989063 0.697917 0.990625 0.700000 0.990625 0.702083 0.992188 0.704167 0.995312 0.704167 0.996875 0.706250 1.000000 0.706250 1.000000 0.991667 0.996875 0.991667 0.995312 0.993750 0.995312 0.997917 0.879688 0.997917 0.879688 0.985417 0.881250 0.985417 0.884375 0.981250 0.885937 0.981250 0.887500 0.979167 0.890625 0.979167 0.893750 0.975000 0.895313 0.975000 0.898438 0.970833 0.898438 0.968750 0.901562 0.964583 0.901562 0.960417 0.898438 0.956250 0.896875 0.956250 0.895313 0.954167 0.885937 0.954167 0.884375 0.956250 0.876562 0.956250 0.875000 0.958333 0.870312 0.958333 0.868750 0.960417 0.865625 0.960417 0.864063 0.962500 0.859375 0.962500 0.857812 0.964583 0.853125 0.964583 0.851562 0.966667 0.850000 0.966667 0.848438 0.968750 0.845313 0.968750 0.843750 0.970833 0.834375 0.970833 0.832813 0.968750 0.829688 0.968750 0.826562 0.964583 0.826562 0.962500 0.821875 0.956250 0.820312 0.956250 0.818750 0.954167
2 0.720313 0.020833 0.720313 0.027083 0.723437 0.031250 0.726562 0.031250 0.728125 0.033333 0.731250 0.033333 0.732812 0.035417 0.734375 0.035417 0.737500 0.039583 0.739062 0.039583 0.740625 0.041667 0.742188 0.041667 0.743750 0.043750 0.745313 0.043750 0.748437 0.047917 0.750000 0.047917 0.751563 0.050000 0.753125 0.050000 0.756250 0.054167 0.757812 0.054167 0.760937 0.058333 0.762500 0.058333 0.767188 0.064583 0.768750 0.064583 0.775000 0.072917 0.775000 0.075000 0.781250 0.083333 0.781250 0.085417 0.782813 0.087500 0.782813 0.089583 0.785938 0.093750 0.790625 0.093750 0.790625 0.133333 0.785938 0.133333 0.782813 0.137500 0.782813 0.141667 0.781250 0.143750 0.781250 0.145833 0.776562 0.152083 0.776562 0.154167 0.775000 0.156250 0.773438 0.156250 0.767188 0.164583 0.765625 0.164583 0.760937 0.170833 0.760937 0.177083 0.714063 0.177083 0.714063 0.170833 0.710938 0.166667 0.706250 0.166667 0.704688 0.164583 0.698438 0.164583 0.696875 0.162500 0.692187 0.162500 0.690625 0.160417 0.689063 0.160417 0.687500 0.158333 0.684375 0.158333 0.682813 0.156250 0.679688 0.156250 0.678125 0.154167 0.671875 0.154167 0.670312 0.152083 0.667188 0.152083 0.664062 0.147917 0.662500 0.147917 0.660937 0.145833 0.659375 0.145833 0.657813 0.143750 0.656250 0.143750 0.651563 0.137500 0.650000 0.137500 0.648438 0.135417 0.650000 0.133333 0.650000 0.129167 0.646875 0.125000 0.640625 0.125000 0.639062 0.122917 0.635938 0.122917 0.634375 0.120833 0.629687 0.120833 0.628125 0.118750 0.623437 0.118750 0.621875 0.116667 0.615625 0.116667 0.612500 0.112500 0.612500 0.110417 0.610938 0.108333 0.604688 0.108333 0.604688 0.075000 0.609375 0.075000 0.612500 0.070833 0.612500 0.066667 0.614062 0.064583 0.614062 0.060417 0.618750 0.054167 0.618750 0.052083 0.623437 0.045833 0.623437 0.043750 0.628125 0.037500 0.628125 0.035417 0.629687 0.035417 0.631250 0.033333 0.632812 0.033333 0.635938 0.029167 0.637500 0.029167 0.639062 0.027083 0.639062 0.020833