1 0.512739 0.446875 0.512739 0.451562 0.508579 0.454687 0.506499 0.454687 0.498179 0.460938 0.496099 0.460938 0.496099 0.462500 0.491938 0.465625 0.491938 0.467187 0.489858 0.468750 0.489858 0.470312 0.487778 0.471875 0.479458 0.471875 0.479458 0.528125 0.487778 0.528125 0.489858 0.529687 0.489858 0.531250 0.508579 0.545312 0.510659 0.545312 0.512739 0.546875 0.512739 0.548437 0.514819 0.548437 0.516899 0.550000 0.521060 0.550000 0.525220 0.553125 0.525220 0.557812 0.575142 0.557812 0.575142 0.553125 0.579302 0.550000 0.581382 0.550000 0.583462 0.548437 0.585542 0.548437 0.587622 0.546875 0.589702 0.546875 0.591782 0.545312 0.593862 0.545312 0.608423 0.534375 0.608423 0.532812 0.610503 0.531250 0.612583 0.531250 0.620903 0.525000 0.627144 0.525000 0.627144 0.475000 0.620903 0.475000 0.618823 0.473437 0.618823 0.471875 0.616743 0.470312 0.616743 0.468750 0.600103 0.456250 0.598022 0.456250 0.591782 0.451562 0.591782 0.446875
0 0.423296 0.521875 0.423296 0.526562 0.419136 0.529687 0.417056 0.529687 0.414976 0.531250 0.412896 0.531250 0.408735 0.534375 0.406655 0.534375 0.404575 0.535937 0.402495 0.535937 0.400415 0.537500 0.398335 0.537500 0.390015 0.543750 0.387935 0.543750 0.381694 0.548437 0.381694 0.550000 0.375454 0.554687 0.375454 0.556250 0.373374 0.557812 0.373374 0.560937 0.369214 0.564062 0.362974 0.564062 0.362974 0.600000 0.369214 0.600000 0.375454 0.604687 0.375454 0.606250 0.377534 0.607813 0.377534 0.609375 0.379614 0.610937 0.379614 0.612500 0.385854 0.617188 0.385854 0.618750 0.398335 0.628125 0.400415 0.628125 0.402495 0.629687 0.404575 0.629687 0.410815 0.634375 0.410815 0.639062 0.483618 0.639062 0.483618 0.634375 0.489858 0.629687 0.491938 0.629687 0.506499 0.618750 0.506499 0.617188 0.512739 0.612500 0.518979 0.612500 0.518979 0.553125 0.510659 0.553125 0.508579 0.551562 0.508579 0.550000 0.485698 0.532812 0.483618 0.532812 0.479458 0.529687 0.475298 0.529687 0.471138 0.526562 0.471138 0.521875
1 0.841392 0.496875 0.841392 0.503125 0.839311 0.504687 0.837231 0.504687 0.835151 0.506250 0.833071 0.506250 0.828911 0.509375 0.826831 0.509375 0.822671 0.512500 0.820591 0.512500 0.816431 0.515625 0.814351 0.515625 0.801870 0.525000 0.801870 0.526562 0.799790 0.528125 0.799790 0.529687 0.797710 0.531250 0.797710 0.534375 0.793550 0.537500 0.787310 0.537500 0.787310 0.573437 0.793550 0.573437 0.797710 0.576562 0.797710 0.578125 0.801870 0.581250 0.801870 0.582812 0.808110 0.587500 0.808110 0.589062 0.820591 0.598437 0.822671 0.598437 0.828911 0.603125 0.830991 0.603125 0.835151 0.606250 0.837231 0.606250 0.841392 0.609375 0.843472 0.609375 0.845552 0.610937 0.849712 0.610937 0.851792 0.612500 0.853872 0.612500 0.858032 0.615625 0.858032 0.620312 0.891313 0.620312 0.891313 0.615625 0.893394 0.614062 0.895474 0.614062 0.897554 0.612500 0.901714 0.612500 0.903794 0.610937 0.907954 0.610937 0.910034 0.609375 0.912114 0.609375 0.916274 0.606250 0.918354 0.606250 0.930835 0.596875 0.930835 0.595312 0.934995 0.592187 0.934995 0.590625 0.937075 0.589062 0.937075 0.587500 0.941235 0.584375 0.941235 0.582812 0.945395 0.579687 0.951636 0.579687 0.951636 0.531250 0.943315 0.531250 0.941235 0.529687 0.941235 0.526562 0.939155 0.525000 0.939155 0.523437 0.930835 0.517187 0.930835 0.515625 0.918354 0.506250 0.916274 0.506250 0.910034 0.501562 0.910034 0.496875
1 0.371294 0.334375 0.371294 0.339062 0.367134 0.342187 0.365054 0.342187 0.362974 0.343750 0.360894 0.343750 0.358813 0.345312 0.356733 0.345312 0.354653 0.346875 0.352573 0.346875 0.348413 0.350000 0.346333 0.350000 0.342173 0.353125 0.340093 0.353125 0.335933 0.356250 0.335933 0.357812 0.327612 0.364062 0.327612 0.365625 0.323452 0.368750 0.323452 0.370312 0.319292 0.373437 0.313052 0.373437 0.313052 0.414062 0.319292 0.414062 0.327612 0.420312 0.327612 0.421875 0.335933 0.428125 0.338013 0.428125 0.346333 0.434375 0.350493 0.434375 0.352573 0.435937 0.354653 0.435937 0.360894 0.440625 0.360894 0.445312 0.435776 0.445312 0.435776 0.440625 0.444097 0.434375 0.446177 0.434375 0.448257 0.432812 0.448257 0.431250 0.454497 0.426562 0.460737 0.426562 0.460737 0.367188 0.454497 0.367188 0.446177 0.360937 0.446177 0.359375 0.442017 0.356250 0.439936 0.356250 0.431616 0.350000 0.429536 0.350000 0.427456 0.348437 0.425376 0.348437 0.421216 0.345312 0.419136 0.345312 0.417056 0.343750 0.410815 0.343750 0.408735 0.342187 0.406655 0.342187 0.402495 0.339062 0.402495 0.334375
0 0.504419 0.340625 0.504419 0.345312 0.500259 0.348437 0.498179 0.348437 0.496099 0.350000 0.494019 0.350000 0.485698 0.356250 0.483618 0.356250 0.479458 0.359375 0.477378 0.359375 0.466978 0.367188 0.466978 0.368750 0.464897 0.370312 0.464897 0.371875 0.460737 0.375000 0.454497 0.375000 0.454497 0.432812 0.462817 0.432812 0.464897 0.434375 0.464897 0.435937 0.473218 0.442187 0.475298 0.442187 0.485698 0.450000 0.487778 0.450000 0.491938 0.453125 0.491938 0.457812 0.516899 0.457812 0.516899 0.453125 0.518979 0.451562 0.521060 0.451562 0.523140 0.450000 0.525220 0.450000 0.527300 0.448437 0.541860 0.448437 0.543940 0.446875 0.570981 0.446875 0.573062 0.445312 0.575142 0.445312 0.577222 0.443750 0.579302 0.443750 0.587622 0.437500 0.587622 0.435937 0.591782 0.432812 0.591782 0.431250 0.595942 0.428125 0.602183 0.428125 0.602183 0.373437 0.595942 0.373437 0.589702 0.368750 0.589702 0.367188 0.577222 0.357812 0.575142 0.357812 0.570981 0.354687 0.568901 0.354687 0.562661 0.350000 0.560581 0.350000 0.558501 0.348437 0.556421 0.348437 0.552261 0.345312 0.552261 0.340625
2 0.290171 0.565625 0.290171 0.570312 0.283931 0.575000 0.279770 0.575000 0.275610 0.578125 0.273530 0.578125 0.267290 0.582812 0.265210 0.582812 0.256890 0.589062 0.256890 0.590625 0.250649 0.595312 0.250649 0.596875 0.244409 0.601562 0.238169 0.601562 0.238169 0.651562 0.244409 0.651562 0.250649 0.656250 0.250649 0.657812 0.252729 0.659375 0.252729 0.660937 0.271450 0.675000 0.273530 0.675000 0.277690 0.678125 0.279770 0.678125 0.281851 0.679688 0.286011 0.679688 0.288091 0.681250 0.290171 0.681250 0.294331 0.684375 0.294331 0.689062 0.335933 0.689062 0.335933 0.684375 0.340093 0.681250 0.344253 0.681250 0.346333 0.679688 0.348413 0.679688 0.350493 0.678125 0.354653 0.678125 0.360894 0.673437 0.362974 0.673437 0.381694 0.659375 0.381694 0.657812 0.387935 0.653125 0.394175 0.653125 0.394175 0.621875 0.387935 0.621875 0.383774 0.618750 0.383774 0.617188 0.381694 0.615625 0.381694 0.614062 0.377534 0.610937 0.377534 0.609375 0.375454 0.607813 0.375454 0.606250 0.371294 0.603125 0.371294 0.600000 0.369214 0.598437 0.369214 0.596875 0.367134 0.595312 0.367134 0.593750 0.365054 0.592187 0.365054 0.590625 0.362974 0.589062 0.362974 0.587500 0.358813 0.584375 0.358813 0.582812 0.350493 0.576562 0.348413 0.576562 0.344253 0.573437 0.342173 0.573437 0.338013 0.570312 0.338013 0.565625
2 0.591782 0.540625 0.591782 0.545312 0.587622 0.548437 0.585542 0.548437 0.583462 0.550000 0.581382 0.550000 0.579302 0.551562 0.577222 0.551562 0.575142 0.553125 0.573062 0.553125 0.570981 0.554687 0.568901 0.554687 0.562661 0.559375 0.560581 0.559375 0.550181 0.567187 0.550181 0.568750 0.548101 0.570312 0.548101 0.571875 0.543940 0.575000 0.543940 0.576562 0.539780 0.579687 0.539780 0.581250 0.535620 0.584375 0.529380 0.584375 0.529380 0.626562 0.535620 0.626562 0.539780 0.629687 0.539780 0.631250 0.541860 0.632812 0.541860 0.634375 0.560581 0.648438 0.562661 0.648438 0.566821 0.651562 0.568901 0.651562 0.570981 0.653125 0.573062 0.653125 0.575142 0.654687 0.579302 0.654687 0.581382 0.656250 0.585542 0.656250 0.589702 0.659375 0.589702 0.664062 0.622983 0.664062 0.622983 0.659375 0.627144 0.656250 0.631304 0.656250 0.633384 0.654687 0.637544 0.654687 0.639624 0.653125 0.643784 0.653125 0.650024 0.648438 0.652104 0.648438 0.654185 0.646875 0.656265 0.646875 0.666665 0.639062 0.666665 0.637500 0.672905 0.632812 0.672905 0.631250 0.674985 0.629687 0.674985 0.628125 0.679145 0.625000 0.685386 0.625000 0.685386 0.578125 0.679145 0.578125 0.674985 0.575000 0.674985 0.573437 0.672905 0.571875 0.672905 0.570312 0.668745 0.567187 0.668745 0.565625 0.654185 0.554687 0.652104 0.554687 0.645864 0.550000 0.643784 0.550000 0.641704 0.548437 0.639624 0.548437 0.635464 0.545312 0.635464 0.540625
1 0.670825 0.409375 0.670825 0.414062 0.666665 0.417187 0.664585 0.417187 0.662505 0.418750 0.660425 0.418750 0.658345 0.420312 0.656265 0.420312 0.654185 0.421875 0.652104 0.421875 0.650024 0.423437 0.647944 0.423437 0.643784 0.426562 0.641704 0.426562 0.629224 0.435937 0.629224 0.437500 0.625063 0.440625 0.625063 0.442187 0.622983 0.443750 0.622983 0.445312 0.618823 0.448437 0.612583 0.448437 0.612583 0.476562 0.618823 0.476562 0.622983 0.479687 0.622983 0.481250 0.625063 0.482812 0.625063 0.485937 0.627144 0.487500 0.627144 0.489062 0.629224 0.490625 0.629224 0.495312 0.631304 0.496875 0.631304 0.498437 0.637544 0.503125 0.637544 0.504687 0.656265 0.518750 0.658345 0.518750 0.660425 0.520312 0.660425 0.526562 0.726987 0.526562 0.726987 0.521875 0.731147 0.518750 0.733227 0.518750 0.735308 0.517187 0.737388 0.517187 0.754028 0.504687 0.754028 0.503125 0.756108 0.501562 0.756108 0.500000 0.762349 0.495312 0.768589 0.495312 0.768589 0.450000 0.762349 0.450000 0.758188 0.446875 0.758188 0.445312 0.756108 0.443750 0.756108 0.442187 0.754028 0.440625 0.754028 0.439062 0.747788 0.434375 0.747788 0.432812 0.739468 0.426562 0.737388 0.426562 0.733227 0.423437 0.731147 0.423437 0.726987 0.420312 0.724907 0.420312 0.722827 0.418750 0.720747 0.418750 0.718667 0.417187 0.716587 0.417187 0.712427 0.414062 0.712427 0.409375
1 0.591782 0.540625 0.591782 0.545312 0.589702 0.546875 0.587622 0.546875 0.583462 0.550000 0.581382 0.550000 0.579302 0.551562 0.577222 0.551562 0.575142 0.553125 0.573062 0.553125 0.570981 0.554687 0.568901 0.554687 0.562661 0.559375 0.560581 0.559375 0.550181 0.567187 0.550181 0.568750 0.548101 0.570312 0.548101 0.571875 0.546021 0.573437 0.546021 0.575000 0.541860 0.578125 0.541860 0.579687 0.535620 0.584375 0.529380 0.584375 0.529380 0.625000 0.535620 0.625000 0.539780 0.628125 0.539780 0.631250 0.541860 0.632812 0.541860 0.634375 0.560581 0.648438 0.562661 0.648438 0.566821 0.651562 0.568901 0.651562 0.570981 0.653125 0.573062 0.653125 0.575142 0.654687 0.579302 0.654687 0.581382 0.656250 0.585542 0.656250 0.589702 0.659375 0.589702 0.664062 0.622983 0.664062 0.622983 0.659375 0.627144 0.656250 0.631304 0.656250 0.633384 0.654687 0.637544 0.654687 0.639624 0.653125 0.643784 0.653125 0.650024 0.648438 0.652104 0.648438 0.654185 0.646875 0.656265 0.646875 0.666665 0.639062 0.666665 0.637500 0.672905 0.632812 0.672905 0.631250 0.674985 0.629687 0.674985 0.628125 0.679145 0.625000 0.685386 0.625000 0.685386 0.578125 0.679145 0.578125 0.674985 0.575000 0.674985 0.573437 0.672905 0.571875 0.672905 0.570312 0.668745 0.567187 0.668745 0.565625 0.656265 0.556250 0.654185 0.556250 0.645864 0.550000 0.641704 0.550000 0.639624 0.548437 0.637544 0.548437 0.633384 0.545312 0.633384 0.540625
1 0.423296 0.246875 0.423296 0.251562 0.419136 0.254687 0.417056 0.254687 0.414976 0.256250 0.412896 0.256250 0.406655 0.260937 0.404575 0.260937 0.383774 0.276562 0.383774 0.278125 0.381694 0.279687 0.381694 0.281250 0.377534 0.284375 0.371294 0.284375 0.371294 0.326562 0.377534 0.326562 0.383774 0.331250 0.383774 0.332812 0.385854 0.334375 0.387935 0.334375 0.394175 0.339062 0.398335 0.339062 0.400415 0.340625 0.406655 0.340625 0.408735 0.342187 0.412896 0.342187 0.414976 0.343750 0.419136 0.343750 0.421216 0.345312 0.423296 0.345312 0.425376 0.346875 0.427456 0.346875 0.431616 0.350000 0.433696 0.350000 0.435776 0.351562 0.437856 0.351562 0.439936 0.353125 0.439936 0.357812 0.487778 0.357812 0.487778 0.353125 0.491938 0.350000 0.494019 0.350000 0.498179 0.346875 0.500259 0.346875 0.514819 0.335938 0.514819 0.334375 0.516899 0.332812 0.516899 0.331250 0.521060 0.328125 0.527300 0.328125 0.527300 0.284375 0.521060 0.284375 0.516899 0.281250 0.516899 0.279687 0.514819 0.278125 0.514819 0.276562 0.508579 0.271875 0.508579 0.270312 0.496099 0.260937 0.494019 0.260937 0.487778 0.256250 0.485698 0.256250 0.483618 0.254687 0.481538 0.254687 0.477378 0.251562 0.477378 0.246875
1 0.159126 0.000000 0.159126 0.012500 0.157046 0.014062 0.157046 0.017187 0.154966 0.018750 0.154966 0.020312 0.152886 0.021875 0.146646 0.021875 0.146646 0.112500 0.154966 0.112500 0.157046 0.114062 0.159126 0.114062 0.169526 0.121875 0.169526 0.123437 0.173687 0.126562 0.173687 0.128125 0.177847 0.131250 0.177847 0.132812 0.188247 0.140625 0.192407 0.140625 0.194487 0.142187 0.204888 0.142187 0.206968 0.143750 0.211128 0.143750 0.227769 0.156250 0.229849 0.156250 0.236089 0.160937 0.238169 0.160937 0.242329 0.164062 0.244409 0.164062 0.248569 0.167187 0.250649 0.167187 0.252729 0.168750 0.256890 0.168750 0.261050 0.171875 0.261050 0.176562 0.294331 0.176562 0.294331 0.171875 0.296411 0.170312 0.298491 0.171875 0.298491 0.176562 0.356733 0.176562 0.356733 0.171875 0.362974 0.167187 0.367134 0.167187 0.369214 0.168750 0.373374 0.165625 0.373374 0.164062 0.377534 0.160937 0.377534 0.159375 0.379614 0.157812 0.379614 0.156250 0.381694 0.154687 0.381694 0.153125 0.383774 0.151562 0.383774 0.145312 0.379614 0.142187 0.379614 0.140625 0.377534 0.139062 0.377534 0.137500 0.375454 0.135937 0.375454 0.132812 0.373374 0.131250 0.373374 0.120312 0.371294 0.118750 0.371294 0.109375 0.369214 0.107812 0.369214 0.106250 0.358813 0.098437 0.358813 0.096875 0.356733 0.095312 0.356733 0.089062 0.354653 0.087500 0.354653 0.082812 0.356733 0.081250 0.356733 0.078125 0.360894 0.075000 0.360894 0.073437 0.373374 0.064062 0.375454 0.064062 0.377534 0.062500 0.379614 0.062500 0.383774 0.059375 0.385854 0.059375 0.387935 0.057812 0.390015 0.057812 0.392095 0.056250 0.396255 0.056250 0.398335 0.054688 0.400415 0.054688 0.402495 0.053125 0.404575 0.053125 0.406655 0.051562 0.408735 0.051562 0.410815 0.050000 0.412896 0.050000 0.417056 0.046875 0.419136 0.046875 0.437856 0.032812 0.437856 0.031250 0.439936 0.029687 0.439936 0.028125 0.442017 0.026562 0.442017 0.025000 0.446177 0.021875 0.452417 0.021875 0.452417 0.000000
1 0.000000 0.165625 0.000000 0.407812 0.034321 0.407812 0.034321 0.401562 0.036401 0.400000 0.036401 0.398438 0.040562 0.395312 0.040562 0.393750 0.042642 0.392187 0.042642 0.390625 0.046802 0.387500 0.048882 0.387500 0.055122 0.382812 0.057202 0.382812 0.059282 0.381250 0.063442 0.381250 0.065522 0.379687 0.067603 0.379687 0.069683 0.378125 0.071763 0.378125 0.073843 0.376562 0.075923 0.376562 0.078003 0.375000 0.080083 0.375000 0.084243 0.371875 0.086323 0.371875 0.096724 0.364062 0.096724 0.362500 0.100884 0.359375 0.100884 0.357812 0.107124 0.353125 0.107124 0.351562 0.109204 0.350000 0.109204 0.348437 0.113364 0.345312 0.113364 0.342187 0.115444 0.340625 0.115444 0.339062 0.117524 0.337500 0.117524 0.329687 0.119604 0.328125 0.119604 0.315625 0.121685 0.314062 0.127925 0.314062 0.127925 0.239062 0.121685 0.239062 0.117524 0.235937 0.117524 0.232812 0.115444 0.231250 0.115444 0.229687 0.111284 0.226562 0.111284 0.225000 0.107124 0.221875 0.107124 0.220312 0.102964 0.217187 0.102964 0.206250 0.105044 0.204687 0.105044 0.195312 0.102964 0.193750 0.102964 0.190625 0.098804 0.187500 0.098804 0.185937 0.086323 0.176562 0.084243 0.176562 0.080083 0.173437 0.078003 0.173437 0.073843 0.170312 0.073843 0.165625 0.009360 0.165625 0.009360 0.170312 0.005200 0.173437 0.003120 0.173437 0.000000 0.170312 0.000000 0.165625
2 0.327612 0.440625 0.327612 0.445312 0.321372 0.450000 0.319292 0.450000 0.313052 0.454687 0.310972 0.454687 0.310972 0.456250 0.300571 0.464062 0.300571 0.465625 0.298491 0.467187 0.298491 0.468750 0.294331 0.471875 0.288091 0.471875 0.288091 0.512500 0.294331 0.512500 0.298491 0.515625 0.298491 0.517187 0.302651 0.520312 0.302651 0.521875 0.308892 0.526562 0.308892 0.528125 0.321372 0.537500 0.323452 0.537500 0.329692 0.542187 0.331772 0.542187 0.338013 0.546875 0.338013 0.551562 0.375454 0.551562 0.375454 0.546875 0.377534 0.545312 0.379614 0.545312 0.381694 0.543750 0.383774 0.543750 0.387935 0.540625 0.390015 0.540625 0.394175 0.537500 0.396255 0.537500 0.398335 0.535937 0.400415 0.535937 0.402495 0.534375 0.404575 0.534375 0.406655 0.532812 0.408735 0.532812 0.412896 0.529687 0.414976 0.529687 0.417056 0.528125 0.419136 0.528125 0.421216 0.526562 0.423296 0.526562 0.431616 0.520312 0.431616 0.518750 0.433696 0.517187 0.433696 0.515625 0.437856 0.512500 0.444097 0.512500 0.444097 0.475000 0.437856 0.475000 0.433696 0.471875 0.433696 0.470312 0.431616 0.468750 0.431616 0.467187 0.429536 0.465625 0.429536 0.464062 0.423296 0.459375 0.423296 0.457812 0.419136 0.454687 0.417056 0.454687 0.414976 0.453125 0.414976 0.451562 0.410815 0.448437 0.408735 0.448437 0.404575 0.445312 0.404575 0.440625
2 0.670825 0.409375 0.670825 0.414062 0.666665 0.417187 0.664585 0.417187 0.662505 0.418750 0.660425 0.418750 0.658345 0.420312 0.656265 0.420312 0.654185 0.421875 0.652104 0.421875 0.647944 0.425000 0.645864 0.425000 0.641704 0.428125 0.639624 0.428125 0.631304 0.434375 0.631304 0.435937 0.625063 0.440625 0.625063 0.442187 0.622983 0.443750 0.622983 0.446875 0.618823 0.450000 0.612583 0.450000 0.612583 0.478125 0.618823 0.478125 0.622983 0.481250 0.622983 0.482812 0.625063 0.484375 0.625063 0.485937 0.627144 0.487500 0.627144 0.489062 0.629224 0.490625 0.629224 0.493750 0.631304 0.495312 0.631304 0.498437 0.633384 0.500000 0.635464 0.500000 0.639624 0.503125 0.639624 0.504687 0.641704 0.506250 0.641704 0.507812 0.654185 0.517187 0.656265 0.517187 0.660425 0.520312 0.660425 0.526562 0.726987 0.526562 0.726987 0.521875 0.731147 0.518750 0.733227 0.518750 0.735308 0.517187 0.737388 0.517187 0.751948 0.506250 0.751948 0.504687 0.756108 0.501562 0.756108 0.500000 0.762349 0.495312 0.768589 0.495312 0.768589 0.450000 0.762349 0.450000 0.758188 0.446875 0.758188 0.445312 0.756108 0.443750 0.756108 0.442187 0.754028 0.440625 0.754028 0.439062 0.747788 0.434375 0.747788 0.432812 0.743628 0.429688 0.741548 0.429688 0.739468 0.428125 0.739468 0.426562 0.737388 0.426562 0.733227 0.423437 0.731147 0.423437 0.726987 0.420312 0.724907 0.420312 0.722827 0.418750 0.720747 0.418750 0.718667 0.417187 0.716587 0.417187 0.712427 0.414062 0.712427 0.409375
2 0.876753 0.839062 0.876753 0.840625 0.880913 0.840625 0.878833 0.839062 0.876753 0.839062 0.606343 0.810937 0.604263 0.812500 0.600103 0.812500 0.598022 0.810937 0.591782 0.812500 0.589702 0.810937 0.587622 0.810937 0.585542 0.809375 0.585542 0.807812 0.583462 0.806250 0.583462 0.804688 0.581382 0.803125 0.589702 0.796875 0.589702 0.790625 0.450337 0.790625 0.450337 0.795312 0.446177 0.798437 0.444097 0.798437 0.442017 0.800000 0.437856 0.800000 0.435776 0.801562 0.433696 0.801562 0.431616 0.803125 0.429536 0.803125 0.427456 0.804688 0.423296 0.804688 0.421216 0.806250 0.417056 0.806250 0.414976 0.807812 0.412896 0.807812 0.410815 0.809375 0.408735 0.809375 0.406655 0.810937 0.404575 0.810937 0.402495 0.812500 0.400415 0.812500 0.398335 0.814062 0.396255 0.814062 0.392095 0.817187 0.390015 0.817187 0.377534 0.826562 0.377534 0.828125 0.369214 0.834375 0.369214 0.835938 0.350493 0.850000 0.350493 0.851562 0.340093 0.859375 0.340093 0.860937 0.331772 0.867188 0.331772 0.868750 0.323452 0.875000 0.323452 0.876562 0.319292 0.879687 0.319292 0.881250 0.315132 0.884375 0.315132 0.885937 0.308892 0.890625 0.308892 0.892187 0.306812 0.893750 0.306812 0.895312 0.302651 0.898438 0.302651 0.900000 0.300571 0.901562 0.300571 0.903125 0.298491 0.904687 0.298491 0.906250 0.294331 0.909375 0.294331 0.910937 0.292251 0.912500 0.292251 0.914062 0.290171 0.915625 0.290171 0.917187 0.288091 0.918750 0.288091 0.920312 0.283931 0.923437 0.283931 0.925000 0.281851 0.926562 0.281851 0.929688 0.279770 0.931250 0.279770 0.932812 0.275610 0.935937 0.275610 0.937500 0.273530 0.939062 0.273530 0.942187 0.265210 0.948437 0.265210 0.950000 0.263130 0.951562 0.263130 0.953125 0.261050 0.954687 0.254810 0.954687 0.254810 0.998437 1.000000 0.998437 1.000000 0.790625 0.959956 0.790625 0.959956 0.795312 0.964116 0.798437 0.966196 0.798437 0.972437 0.803125 0.972437 0.818750 0.970356 0.820312 0.970356 0.831250 0.968276 0.832812 0.968276 0.839062 0.964116 0.842187 0.962036 0.842187 0.953716 0.848437 0.949556 0.848437 0.947476 0.846875 0.941235 0.846875 0.939155 0.848437 0.934995 0.848437 0.932915 0.846875 0.914194 0.846875 0.912114 0.845312 0.903794 0.845312 0.901714 0.846875 0.905874 0.846875 0.910034 0.850000 0.910034 0.851562 0.916274 0.856250 0.918354 0.856250 0.920435 0.857812 0.920435 0.859375 0.922515 0.860937 0.922515 0.865625 0.910034 0.875000 0.907954 0.875000 0.905874 0.876562 0.895474 0.876562 0.893394 0.875000 0.878833 0.875000 0.874673 0.871875 0.872593 0.871875 0.868433 0.868750 0.866352 0.868750 0.864272 0.867188 0.860112 0.867188 0.853872 0.862500 0.851792 0.862500 0.849712 0.860937 0.845552 0.860937 0.839311 0.856250 0.837231 0.856250 0.835151 0.854687 0.830991 0.854687 0.822671 0.848437 0.818511 0.848437 0.816431 0.846875 0.812270 0.846875 0.810190 0.845312 0.808110 0.845312 0.806030 0.843750 0.803950 0.843750 0.801870 0.842187 0.799790 0.842187 0.797710 0.840625 0.793550 0.840625 0.791470 0.839062 0.789390 0.839062 0.787310 0.837500 0.785229 0.837500 0.783149 0.835938 0.781069 0.835938 0.772749 0.829687 0.772749 0.828125 0.770669 0.826562 0.768589 0.826562 0.766509 0.825000 0.764429 0.825000 0.762349 0.823437 0.756108 0.823437 0.754028 0.821875 0.751948 0.821875 0.749868 0.823437 0.745708 0.823437 0.743628 0.825000 0.741548 0.825000 0.739468 0.826562 0.737388 0.826562 0.733227 0.829687 0.731147 0.829687 0.729067 0.831250 0.722827 0.831250 0.720747 0.832812 0.712427 0.832812 0.710347 0.834375 0.702026 0.834375 0.699946 0.835938 0.683306 0.835938 0.681226 0.837500 0.674985 0.837500 0.672905 0.839062 0.668745 0.839062 0.666665 0.840625 0.658345 0.840625 0.656265 0.842187 0.643784 0.842187 0.641704 0.840625 0.637544 0.840625 0.633384 0.837500 0.631304 0.837500 0.629224 0.835938 0.627144 0.835938 0.625063 0.834375 0.625063 0.832812 0.622983 0.831250 0.620903 0.831250 0.618823 0.829687 0.614663 0.829687 0.612583 0.828125 0.608423 0.828125 0.600103 0.821875 0.600103 0.820312 0.591782 0.814062 0.591782 0.812500 0.598022 0.810937 0.598022 0.807812 0.600103 0.806250 0.602183 0.806250 0.606343 0.809375 0.606343 0.810937