1 0.641187 0.540625 0.641187 0.545312 0.655747 0.556250 0.655747 0.557812 0.659907 0.560937 0.659907 0.562500 0.661987 0.564062 0.661987 0.565625 0.664067 0.567187 0.670308 0.567187 0.670308 0.603125 0.664067 0.603125 0.661987 0.604687 0.661987 0.606250 0.659907 0.607813 0.659907 0.610937 0.655747 0.614062 0.655747 0.615625 0.641187 0.626562 0.639106 0.626562 0.637026 0.628125 0.634946 0.628125 0.630786 0.631250 0.626626 0.631250 0.624546 0.632812 0.622466 0.632812 0.620386 0.634375 0.620386 0.639062 0.572544 0.639062 0.572544 0.634375 0.570464 0.632812 0.568384 0.632812 0.566304 0.631250 0.564224 0.631250 0.562144 0.629687 0.560064 0.629687 0.555903 0.626562 0.553823 0.626562 0.535103 0.612500 0.535103 0.609375 0.533022 0.607813 0.533022 0.606250 0.530942 0.604687 0.530942 0.603125 0.528862 0.601562 0.522622 0.601562 0.522622 0.581250 0.528862 0.581250 0.533022 0.578125 0.533022 0.575000 0.535103 0.573437 0.535103 0.571875 0.537183 0.570312 0.537183 0.568750 0.547583 0.560937 0.549663 0.560937 0.553823 0.557812 0.555903 0.557812 0.557983 0.556250 0.560064 0.556250 0.562144 0.554687 0.564224 0.554687 0.568384 0.551562 0.570464 0.551562 0.578784 0.545312 0.578784 0.540625
0 0.689028 0.628125 0.689028 0.632812 0.693188 0.635937 0.695269 0.635937 0.697349 0.637500 0.699429 0.637500 0.701509 0.639062 0.701509 0.640625 0.713989 0.650000 0.713989 0.651562 0.716069 0.653125 0.716069 0.654687 0.722310 0.659375 0.728550 0.659375 0.728550 0.701562 0.722310 0.701562 0.716069 0.706250 0.716069 0.707812 0.713989 0.709375 0.713989 0.710938 0.705669 0.717187 0.705669 0.718750 0.701509 0.721875 0.699429 0.721875 0.691108 0.728125 0.689028 0.728125 0.686948 0.729687 0.682788 0.729687 0.680708 0.731250 0.678628 0.731250 0.674468 0.734375 0.674468 0.739062 0.630786 0.739062 0.630786 0.734375 0.626626 0.731250 0.624546 0.731250 0.622466 0.729687 0.618306 0.729687 0.616226 0.728125 0.614146 0.728125 0.612065 0.726562 0.609985 0.726562 0.605825 0.723437 0.603745 0.723437 0.593345 0.715625 0.593345 0.714062 0.587104 0.709375 0.580864 0.709375 0.580864 0.653125 0.589185 0.653125 0.591265 0.651562 0.591265 0.650000 0.603745 0.640625 0.605825 0.640625 0.607905 0.639062 0.612065 0.639062 0.614146 0.637500 0.616226 0.637500 0.618306 0.635937 0.622466 0.635937 0.624546 0.634375 0.628706 0.634375 0.630786 0.632812 0.630786 0.628125
1 0.568384 0.378125 0.568384 0.382812 0.572544 0.385937 0.574624 0.385937 0.576704 0.387500 0.576704 0.389062 0.582944 0.393750 0.585024 0.393750 0.585024 0.395312 0.587104 0.396875 0.587104 0.398438 0.589185 0.400000 0.595425 0.400000 0.595425 0.445312 0.589185 0.445312 0.587104 0.446875 0.587104 0.448437 0.585024 0.450000 0.585024 0.451562 0.582944 0.453125 0.582944 0.454687 0.580864 0.456250 0.578784 0.456250 0.574624 0.459375 0.574624 0.460938 0.572544 0.460938 0.570464 0.462500 0.568384 0.462500 0.566304 0.464062 0.566304 0.470312 0.510142 0.470312 0.510142 0.465625 0.508062 0.464062 0.505981 0.464062 0.503901 0.462500 0.501821 0.462500 0.493501 0.456250 0.493501 0.454687 0.485181 0.448437 0.485181 0.446875 0.483101 0.445312 0.483101 0.443750 0.478940 0.440625 0.472700 0.440625 0.472700 0.406250 0.481021 0.406250 0.483101 0.404687 0.483101 0.403125 0.487261 0.400000 0.487261 0.398438 0.491421 0.395312 0.491421 0.393750 0.495581 0.390625 0.495581 0.389062 0.497661 0.387500 0.497661 0.385937 0.499741 0.384375 0.499741 0.378125
0 0.672388 0.428125 0.672388 0.432812 0.676548 0.435937 0.678628 0.435937 0.680708 0.437500 0.682788 0.437500 0.689028 0.442187 0.691108 0.442187 0.705669 0.453125 0.705669 0.454687 0.720230 0.465625 0.728550 0.465625 0.728550 0.500000 0.722310 0.500000 0.703589 0.514062 0.699429 0.514062 0.697349 0.515625 0.695269 0.515625 0.693188 0.517187 0.691108 0.517187 0.689028 0.518750 0.686948 0.518750 0.682788 0.521875 0.682788 0.526562 0.632866 0.526562 0.632866 0.521875 0.630786 0.520312 0.628706 0.520312 0.626626 0.518750 0.624546 0.518750 0.622466 0.517187 0.620386 0.517187 0.618306 0.515625 0.616226 0.515625 0.609985 0.510937 0.607905 0.510937 0.601665 0.506250 0.601665 0.504687 0.595425 0.500000 0.589185 0.500000 0.589185 0.451562 0.597505 0.451562 0.599585 0.450000 0.599585 0.448437 0.616226 0.435937 0.618306 0.435937 0.620386 0.434375 0.622466 0.434375 0.624546 0.432812 0.624546 0.428125
0 0.433179 0.403125 0.433179 0.409375 0.435259 0.410937 0.437339 0.410937 0.445659 0.417187 0.447739 0.417187 0.449819 0.418750 0.449819 0.420312 0.460220 0.428125 0.460220 0.429688 0.462300 0.431250 0.470620 0.431250 0.470620 0.467187 0.462300 0.467187 0.453979 0.473437 0.451899 0.473437 0.447739 0.476562 0.447739 0.478125 0.445659 0.479687 0.443579 0.479687 0.441499 0.481250 0.441499 0.482812 0.437339 0.485937 0.435259 0.485937 0.431099 0.489062 0.431099 0.495312 0.374937 0.495312 0.374937 0.490625 0.372856 0.489062 0.370776 0.489062 0.366616 0.485937 0.364536 0.485937 0.356216 0.479687 0.356216 0.478125 0.349976 0.473437 0.349976 0.471875 0.347896 0.470312 0.347896 0.468750 0.345815 0.467187 0.339575 0.467187 0.339575 0.432812 0.345815 0.432812 0.349976 0.429688 0.349976 0.428125 0.352056 0.426562 0.352056 0.425000 0.354136 0.423437 0.354136 0.421875 0.366616 0.412500 0.368696 0.412500 0.370776 0.410937 0.372856 0.410937 0.377017 0.407812 0.377017 0.403125
0 0.555903 0.265625 0.555903 0.270312 0.560064 0.273437 0.562144 0.273437 0.564224 0.275000 0.566304 0.275000 0.585024 0.289062 0.585024 0.290625 0.587104 0.292187 0.595425 0.292187 0.595425 0.337500 0.589185 0.337500 0.582944 0.342187 0.582944 0.343750 0.570464 0.353125 0.568384 0.353125 0.564224 0.356250 0.562144 0.356250 0.557983 0.359375 0.557983 0.364062 0.512222 0.364062 0.512222 0.359375 0.508062 0.356250 0.505981 0.356250 0.495581 0.348437 0.495581 0.346875 0.493501 0.345312 0.493501 0.343750 0.487261 0.339062 0.487261 0.335938 0.485181 0.334375 0.485181 0.332812 0.483101 0.331250 0.483101 0.329687 0.481021 0.328125 0.472700 0.328125 0.472700 0.296875 0.478940 0.296875 0.485181 0.292187 0.485181 0.290625 0.487261 0.289062 0.487261 0.287500 0.503901 0.275000 0.505981 0.275000 0.508062 0.273437 0.510142 0.273437 0.514302 0.270312 0.514302 0.265625
1 0.331255 0.303125 0.331255 0.307813 0.335415 0.310937 0.337495 0.310937 0.358296 0.326562 0.358296 0.328125 0.360376 0.329687 0.360376 0.332812 0.364536 0.335938 0.370776 0.335938 0.370776 0.376562 0.364536 0.376562 0.352056 0.385937 0.349976 0.385937 0.343735 0.390625 0.341655 0.390625 0.333335 0.396875 0.333335 0.401562 0.300054 0.401562 0.300054 0.396875 0.295894 0.393750 0.291733 0.393750 0.289653 0.392187 0.287573 0.392187 0.285493 0.390625 0.281333 0.390625 0.268853 0.381250 0.268853 0.379687 0.262612 0.375000 0.262612 0.373437 0.258452 0.370312 0.258452 0.368750 0.254292 0.365625 0.248052 0.365625 0.248052 0.334375 0.254292 0.334375 0.258452 0.331250 0.258452 0.329687 0.260532 0.328125 0.260532 0.326562 0.268853 0.320312 0.268853 0.318750 0.270933 0.318750 0.279253 0.312500 0.281333 0.312500 0.283413 0.310937 0.285493 0.310937 0.287573 0.309375 0.287573 0.303125
1 0.395737 0.490625 0.395737 0.495312 0.399897 0.498437 0.401978 0.498437 0.410298 0.504687 0.412378 0.504687 0.414458 0.506250 0.416538 0.506250 0.418618 0.507812 0.418618 0.509375 0.424858 0.514062 0.424858 0.515625 0.426938 0.517187 0.426938 0.518750 0.431099 0.521875 0.431099 0.523437 0.433179 0.525000 0.433179 0.526562 0.439419 0.531250 0.445659 0.531250 0.445659 0.581250 0.408218 0.581250 0.406138 0.582812 0.401978 0.582812 0.399897 0.584375 0.399897 0.589062 0.352056 0.589062 0.352056 0.584375 0.347896 0.581250 0.345815 0.581250 0.343735 0.579687 0.341655 0.579687 0.339575 0.578125 0.337495 0.578125 0.329175 0.571875 0.329175 0.570312 0.325015 0.567187 0.325015 0.565625 0.320855 0.562500 0.314614 0.562500 0.314614 0.529687 0.320855 0.529687 0.327095 0.525000 0.327095 0.523437 0.329175 0.521875 0.329175 0.520312 0.331255 0.518750 0.331255 0.515625 0.335415 0.512500 0.335415 0.510937 0.349976 0.500000 0.352056 0.500000 0.354136 0.498437 0.358296 0.498437 0.362456 0.495312 0.362456 0.490625
0 0.447739 0.678125 0.453979 0.678125 0.453979 0.682812 0.447739 0.682812 0.447739 0.678125 0.429019 0.664062 0.422778 0.668750 0.420698 0.668750 0.414458 0.673437 0.410298 0.673437 0.408218 0.675000 0.406138 0.675000 0.401978 0.678125 0.401978 0.682812 0.356216 0.682812 0.356216 0.676562 0.354136 0.675000 0.352056 0.675000 0.349976 0.673437 0.347896 0.673437 0.339575 0.667187 0.337495 0.667187 0.337495 0.665625 0.331255 0.660937 0.331255 0.659375 0.327095 0.656250 0.327095 0.653125 0.325015 0.651562 0.325015 0.650000 0.320855 0.646875 0.314614 0.646875 0.314614 0.620312 0.320855 0.620312 0.325015 0.617188 0.325015 0.614062 0.327095 0.612500 0.327095 0.610937 0.329175 0.609375 0.329175 0.607813 0.333335 0.604687 0.333335 0.603125 0.345815 0.593750 0.347896 0.593750 0.349976 0.592187 0.352056 0.592187 0.356216 0.589062 0.356216 0.584375 0.453979 0.584375 0.453979 0.643750 0.447739 0.643750 0.443579 0.646875 0.443579 0.648438 0.441499 0.650000 0.441499 0.651562 0.435259 0.656250 0.435259 0.657812 0.429019 0.662500 0.429019 0.664062
2 0.289653 0.446875 0.289653 0.451562 0.293814 0.454687 0.295894 0.454687 0.297974 0.456250 0.300054 0.456250 0.304214 0.459375 0.306294 0.459375 0.310454 0.462500 0.312534 0.462500 0.325015 0.471875 0.325015 0.473437 0.327095 0.475000 0.327095 0.476562 0.331255 0.479687 0.337495 0.479687 0.337495 0.518750 0.331255 0.518750 0.325015 0.523437 0.325015 0.525000 0.322935 0.526562 0.322935 0.528125 0.316694 0.532812 0.316694 0.534375 0.304214 0.543750 0.302134 0.543750 0.297974 0.546875 0.297974 0.551562 0.245972 0.551562 0.245972 0.546875 0.241812 0.543750 0.239731 0.543750 0.237651 0.542187 0.235571 0.542187 0.233491 0.540625 0.231411 0.540625 0.225171 0.535937 0.223091 0.535937 0.218931 0.532812 0.218931 0.531250 0.214771 0.528125 0.206450 0.528125 0.206450 0.476562 0.214771 0.476562 0.216851 0.475000 0.216851 0.473437 0.227251 0.465625 0.227251 0.464062 0.229331 0.462500 0.231411 0.462500 0.237651 0.457812 0.239731 0.457812 0.241812 0.456250 0.243892 0.456250 0.245972 0.454687 0.248052 0.454687 0.252212 0.451562 0.252212 0.446875
2 0.518462 0.465625 0.518462 0.470312 0.520542 0.471875 0.522622 0.471875 0.524702 0.473437 0.528862 0.473437 0.530942 0.475000 0.535103 0.475000 0.537183 0.476562 0.541343 0.476562 0.543423 0.478125 0.545503 0.478125 0.547583 0.479687 0.549663 0.479687 0.551743 0.481250 0.562144 0.481250 0.562144 0.543750 0.541343 0.543750 0.539263 0.542187 0.537183 0.542187 0.533022 0.545312 0.530942 0.545312 0.526782 0.548437 0.524702 0.548437 0.522622 0.550000 0.520542 0.550000 0.516382 0.553125 0.516382 0.557812 0.470620 0.557812 0.470620 0.553125 0.466460 0.550000 0.464380 0.550000 0.462300 0.548437 0.460220 0.548437 0.458140 0.546875 0.456060 0.546875 0.439419 0.534375 0.439419 0.532812 0.437339 0.531250 0.437339 0.529687 0.435259 0.528125 0.435259 0.526562 0.433179 0.525000 0.433179 0.523437 0.429019 0.520312 0.422778 0.520312 0.422778 0.498437 0.429019 0.498437 0.431099 0.496875 0.431099 0.495312 0.433179 0.493750 0.433179 0.490625 0.445659 0.481250 0.445659 0.479687 0.458140 0.470312 0.458140 0.465625
1 0.911597 0.246875 0.911597 0.251562 0.915757 0.254687 0.917837 0.254687 0.919917 0.256250 0.921997 0.256250 0.926157 0.259375 0.928237 0.259375 0.942798 0.270312 0.942798 0.271875 0.946958 0.275000 0.953198 0.275000 0.953198 0.304688 0.946958 0.304688 0.942798 0.307813 0.942798 0.309375 0.940718 0.310937 0.940718 0.312500 0.938638 0.314062 0.938638 0.315625 0.932397 0.320312 0.932397 0.321875 0.919917 0.331250 0.917837 0.331250 0.913677 0.334375 0.911597 0.334375 0.909517 0.335938 0.907437 0.335938 0.905356 0.337500 0.899116 0.337500 0.897036 0.339062 0.892876 0.339062 0.890796 0.340625 0.890796 0.345312 0.882476 0.345312 0.882476 0.340625 0.880396 0.339062 0.876235 0.339062 0.874155 0.337500 0.855435 0.337500 0.853354 0.335938 0.851274 0.335938 0.849194 0.334375 0.847114 0.334375 0.838794 0.328125 0.836714 0.328125 0.836714 0.326562 0.832554 0.323437 0.832554 0.321875 0.828394 0.318750 0.822153 0.318750 0.822153 0.282812 0.828394 0.282812 0.834634 0.278125 0.834634 0.276562 0.842954 0.270312 0.842954 0.268750 0.849194 0.264062 0.851274 0.264062 0.855435 0.260937 0.857515 0.260937 0.861675 0.257812 0.865835 0.257812 0.867915 0.256250 0.869995 0.256250 0.872075 0.254687 0.874155 0.254687 0.878315 0.251562 0.878315 0.246875
2 0.481021 0.325000 0.483101 0.326562 0.483101 0.328125 0.485181 0.329687 0.485181 0.331250 0.489341 0.334375 0.495581 0.334375 0.495581 0.375000 0.489341 0.375000 0.481021 0.381250 0.481021 0.382812 0.472700 0.389062 0.472700 0.390625 0.470620 0.390625 0.468540 0.392187 0.466460 0.392187 0.460220 0.396875 0.460220 0.401562 0.406138 0.401562 0.406138 0.396875 0.399897 0.392187 0.397817 0.392187 0.383257 0.381250 0.383257 0.379687 0.379097 0.376562 0.372856 0.376562 0.372856 0.332812 0.379097 0.332812 0.385337 0.328125 0.385337 0.326562 0.387417 0.325000 0.389497 0.325000 0.393657 0.321875 0.393657 0.320312 0.395737 0.320312 0.399897 0.317187 0.401978 0.317187 0.406138 0.314062 0.406138 0.309375 0.456060 0.309375 0.456060 0.314062 0.462300 0.318750 0.464380 0.318750 0.466460 0.320312 0.468540 0.320312 0.472700 0.323437 0.476860 0.323437 0.478940 0.325000 0.481021 0.325000 0.485181 0.323437 0.485181 0.321875 0.481021 0.318750 0.481021 0.309375 0.495581 0.309375 0.495581 0.323437 0.485181 0.323437
1 0.969839 0.521875 0.969839 0.526562 0.973999 0.529687 0.976079 0.529687 0.978159 0.531250 0.980239 0.531250 0.986479 0.535937 0.988560 0.535937 0.996880 0.542187 1.000000 0.542187 1.000000 0.635937 0.996880 0.635937 0.990640 0.640625 0.990640 0.645312 0.917837 0.645312 0.917837 0.640625 0.911597 0.635937 0.909517 0.635937 0.905356 0.632812 0.905356 0.618750 0.903276 0.617188 0.903276 0.612500 0.901196 0.610937 0.901196 0.604687 0.899116 0.603125 0.899116 0.596875 0.897036 0.595312 0.897036 0.590625 0.894956 0.589062 0.888716 0.589062 0.888716 0.543750 0.894956 0.543750 0.899116 0.540625 0.899116 0.539062 0.905356 0.534375 0.905356 0.532812 0.913677 0.526562 0.913677 0.521875
2 0.759751 0.528125 0.759751 0.532812 0.763911 0.535937 0.765991 0.535937 0.770151 0.539062 0.772231 0.539062 0.776392 0.542187 0.778472 0.542187 0.782632 0.545312 0.784712 0.545312 0.793032 0.551562 0.795112 0.551562 0.797192 0.553125 0.797192 0.554687 0.799272 0.556250 0.799272 0.557812 0.805513 0.562500 0.811753 0.562500 0.811753 0.607813 0.805513 0.607813 0.799272 0.612500 0.799272 0.614062 0.790952 0.620312 0.790952 0.621875 0.788872 0.621875 0.780552 0.628125 0.778472 0.628125 0.776392 0.629687 0.774312 0.629687 0.772231 0.631250 0.770151 0.631250 0.765991 0.634375 0.765991 0.639062 0.718149 0.639062 0.718149 0.634375 0.713989 0.631250 0.711909 0.631250 0.709829 0.629687 0.705669 0.629687 0.703589 0.628125 0.701509 0.628125 0.686948 0.617188 0.686948 0.615625 0.678628 0.609375 0.672388 0.609375 0.672388 0.564062 0.678628 0.564062 0.684868 0.559375 0.684868 0.557812 0.691108 0.553125 0.691108 0.551562 0.701509 0.543750 0.703589 0.543750 0.707749 0.540625 0.709829 0.540625 0.713989 0.537500 0.718149 0.537500 0.720230 0.535937 0.726470 0.535937 0.728550 0.534375 0.730630 0.534375 0.732710 0.532812 0.732710 0.528125
2 0.524702 0.609375 0.524702 0.614062 0.528862 0.617188 0.535103 0.617188 0.539263 0.620312 0.541343 0.620312 0.545503 0.623438 0.547583 0.623438 0.553823 0.628125 0.555903 0.628125 0.572544 0.640625 0.578784 0.640625 0.578784 0.685937 0.572544 0.685937 0.568384 0.689062 0.568384 0.690625 0.566304 0.692187 0.566304 0.693750 0.564224 0.695312 0.564224 0.696875 0.562144 0.696875 0.555903 0.701562 0.553823 0.701562 0.551743 0.703125 0.549663 0.703125 0.547583 0.704687 0.545503 0.704687 0.539263 0.709375 0.535103 0.709375 0.533022 0.710938 0.530942 0.710938 0.528862 0.712500 0.526782 0.712500 0.524702 0.714062 0.524702 0.720312 0.464380 0.720312 0.464380 0.715625 0.456060 0.709375 0.453979 0.709375 0.443579 0.701562 0.443579 0.700000 0.437339 0.695312 0.431099 0.695312 0.431099 0.609375 0.476860 0.609375 0.476860 0.614062 0.478940 0.615625 0.481021 0.614062 0.481021 0.609375
1 0.360376 0.959375 0.360376 0.964062 0.364536 0.967187 0.370776 0.967187 0.370776 0.998437 0.189810 0.998437 0.189810 0.995312 0.198130 0.995312 0.200210 0.993750 0.202290 0.993750 0.204370 0.992188 0.206450 0.992188 0.208530 0.990625 0.210610 0.990625 0.214771 0.987500 0.216851 0.987500 0.218931 0.985937 0.221011 0.985937 0.223091 0.984375 0.225171 0.984375 0.227251 0.982812 0.229331 0.982812 0.231411 0.981250 0.233491 0.981250 0.235571 0.979687 0.239731 0.979687 0.241812 0.978125 0.243892 0.978125 0.248052 0.975000 0.252212 0.975000 0.254292 0.973437 0.256372 0.973437 0.258452 0.971875 0.260532 0.971875 0.264692 0.968750 0.266773 0.968750 0.268853 0.967187 0.273013 0.967187 0.277173 0.964062 0.277173 0.959375
2 0.666147 0.334375 0.666147 0.339062 0.670308 0.342187 0.672388 0.342187 0.674468 0.343750 0.676548 0.343750 0.678628 0.345312 0.680708 0.345312 0.689028 0.351562 0.691108 0.351562 0.691108 0.353125 0.699429 0.359375 0.699429 0.360937 0.705669 0.365625 0.711909 0.365625 0.711909 0.404687 0.705669 0.404687 0.701509 0.407812 0.701509 0.409375 0.682788 0.423437 0.680708 0.423437 0.678628 0.425000 0.674468 0.425000 0.670308 0.428125 0.670308 0.432812 0.637026 0.432812 0.637026 0.428125 0.634946 0.426562 0.626626 0.426562 0.624546 0.425000 0.618306 0.425000 0.616226 0.423437 0.614146 0.423437 0.597505 0.410937 0.597505 0.409375 0.595425 0.407812 0.595425 0.404687 0.593345 0.403125 0.593345 0.401562 0.591265 0.400000 0.591265 0.396875 0.589185 0.395312 0.589185 0.393750 0.587104 0.392187 0.580864 0.392187 0.580864 0.365625 0.587104 0.365625 0.593345 0.360937 0.593345 0.359375 0.597505 0.356250 0.597505 0.354687 0.612065 0.343750 0.614146 0.343750 0.620386 0.339062 0.620386 0.334375
1 0.027563 0.571875 0.027563 0.576562 0.031724 0.579687 0.033804 0.579687 0.046284 0.589062 0.048364 0.589062 0.050444 0.590625 0.050444 0.592187 0.054605 0.595312 0.054605 0.596875 0.060845 0.601562 0.060845 0.603125 0.065005 0.606250 0.065005 0.607813 0.067085 0.609375 0.067085 0.610937 0.069165 0.612500 0.069165 0.614062 0.073325 0.617188 0.079565 0.617188 0.079565 0.720312 0.062925 0.720312 0.062925 0.714062 0.065005 0.712500 0.065005 0.709375 0.067085 0.707812 0.067085 0.704687 0.069165 0.703125 0.069165 0.698437 0.071245 0.696875 0.069165 0.695312 0.069165 0.692187 0.065005 0.689062 0.062925 0.689062 0.060845 0.690625 0.058765 0.690625 0.046284 0.700000 0.044204 0.700000 0.040044 0.703125 0.037964 0.703125 0.033804 0.706250 0.031724 0.706250 0.029644 0.707812 0.027563 0.707812 0.025483 0.709375 0.023403 0.709375 0.021323 0.710938 0.019243 0.710938 0.017163 0.712500 0.015083 0.712500 0.010923 0.715625 0.010923 0.720312 0.000000 0.720312 0.000000 0.571875
2 0.499741 0.946875 0.499741 0.951562 0.501821 0.953125 0.501821 0.954687 0.510142 0.960938 0.510142 0.962500 0.514302 0.965625 0.520542 0.965625 0.520542 0.998437 0.356216 0.998437 0.356216 0.990625 0.362456 0.990625 0.368696 0.985937 0.368696 0.984375 0.370776 0.982812 0.370776 0.981250 0.374937 0.978125 0.374937 0.976562 0.379097 0.973437 0.379097 0.971875 0.389497 0.964062 0.391577 0.964062 0.393657 0.962500 0.395737 0.962500 0.399897 0.959375 0.404058 0.959375 0.406138 0.957812 0.408218 0.957812 0.410298 0.956250 0.412378 0.956250 0.414458 0.954687 0.416538 0.954687 0.420698 0.951562 0.420698 0.946875 0.422778 0.946875 0.422778 0.951562 0.426938 0.954687 0.441499 0.954687 0.445659 0.951562 0.445659 0.946875
1 0.015083 0.221875 0.015083 0.228125 0.019243 0.231250 0.021323 0.231250 0.042124 0.246875 0.042124 0.248437 0.050444 0.254687 0.050444 0.256250 0.060845 0.264062 0.060845 0.265625 0.073325 0.275000 0.073325 0.276562 0.077485 0.279687 0.077485 0.281250 0.081646 0.284375 0.087886 0.284375 0.087886 0.325000 0.081646 0.325000 0.077485 0.328125 0.077485 0.329687 0.075405 0.331250 0.075405 0.332812 0.071245 0.335938 0.071245 0.337500 0.065005 0.342187 0.065005 0.343750 0.048364 0.356250 0.046284 0.356250 0.042124 0.359375 0.040044 0.359375 0.037964 0.360937 0.035884 0.360937 0.033804 0.362500 0.031724 0.362500 0.029644 0.364062 0.027563 0.364062 0.025483 0.365625 0.025483 0.370312 0.000000 0.370312 0.000000 0.221875