1 0.524702 0.546875 0.524702 0.551562 0.528862 0.554687 0.530942 0.554687 0.533022 0.556250 0.537183 0.556250 0.539263 0.557812 0.541343 0.557812 0.545503 0.560937 0.547583 0.560937 0.549663 0.562500 0.551743 0.562500 0.553823 0.564062 0.555903 0.564062 0.572544 0.576562 0.572544 0.578125 0.574624 0.579687 0.574624 0.581250 0.576704 0.582812 0.576704 0.584375 0.580864 0.587500 0.587104 0.587500 0.587104 0.623438 0.580864 0.623438 0.576704 0.626562 0.576704 0.628125 0.572544 0.631250 0.572544 0.632812 0.568384 0.635937 0.568384 0.637500 0.547583 0.653125 0.547583 0.657812 0.472700 0.657812 0.472700 0.651562 0.470620 0.650000 0.468540 0.650000 0.462300 0.645312 0.460220 0.645312 0.460220 0.643750 0.445659 0.632812 0.439419 0.632812 0.439419 0.579687 0.447739 0.579687 0.449819 0.578125 0.449819 0.576562 0.453979 0.573437 0.456060 0.573437 0.458140 0.571875 0.458140 0.570312 0.466460 0.564062 0.468540 0.564062 0.474780 0.559375 0.476860 0.559375 0.481021 0.556250 0.483101 0.556250 0.489341 0.551562 0.489341 0.546875
1 0.734790 0.515625 0.734790 0.520312 0.738950 0.523437 0.741030 0.523437 0.745190 0.526562 0.747271 0.526562 0.755591 0.532812 0.755591 0.534375 0.763911 0.540625 0.763911 0.542187 0.768071 0.545312 0.768071 0.546875 0.772231 0.550000 0.778472 0.550000 0.778472 0.582812 0.770151 0.582812 0.768071 0.584375 0.768071 0.585937 0.765991 0.587500 0.765991 0.589062 0.763911 0.590625 0.763911 0.592187 0.757671 0.596875 0.757671 0.598437 0.747271 0.606250 0.745190 0.606250 0.741030 0.609375 0.738950 0.609375 0.736870 0.610937 0.734790 0.610937 0.732710 0.612500 0.730630 0.612500 0.726470 0.615625 0.726470 0.620312 0.691108 0.620312 0.691108 0.615625 0.686948 0.612500 0.684868 0.612500 0.682788 0.610937 0.680708 0.610937 0.678628 0.609375 0.676548 0.609375 0.674468 0.607813 0.672388 0.607813 0.668228 0.604687 0.666147 0.604687 0.661987 0.601562 0.659907 0.601562 0.645347 0.590625 0.645347 0.589062 0.641187 0.585937 0.641187 0.584375 0.639106 0.582812 0.630786 0.582812 0.630786 0.551562 0.637026 0.551562 0.639106 0.550000 0.639106 0.548437 0.641187 0.546875 0.641187 0.545312 0.643267 0.543750 0.643267 0.542187 0.645347 0.540625 0.645347 0.539062 0.649507 0.535937 0.649507 0.534375 0.661987 0.525000 0.664067 0.525000 0.670308 0.520312 0.670308 0.515625
0 0.674468 0.415625 0.674468 0.420312 0.678628 0.423437 0.682788 0.423437 0.684868 0.425000 0.686948 0.425000 0.689028 0.426562 0.691108 0.426562 0.695269 0.429688 0.697349 0.429688 0.713989 0.442187 0.720230 0.442187 0.720230 0.493750 0.711909 0.493750 0.709829 0.495312 0.709829 0.496875 0.701509 0.503125 0.701509 0.504687 0.699429 0.504687 0.695269 0.507812 0.695269 0.514062 0.634946 0.514062 0.634946 0.509375 0.632866 0.507812 0.630786 0.507812 0.618306 0.498437 0.616226 0.498437 0.614146 0.496875 0.614146 0.495312 0.599585 0.484375 0.599585 0.482812 0.595425 0.479687 0.589185 0.479687 0.589185 0.453125 0.595425 0.453125 0.599585 0.450000 0.599585 0.448437 0.601665 0.446875 0.601665 0.445312 0.603745 0.443750 0.603745 0.442187 0.607905 0.439062 0.609985 0.439062 0.618306 0.432812 0.620386 0.432812 0.630786 0.425000 0.634946 0.425000 0.637026 0.423437 0.639106 0.423437 0.641187 0.421875 0.645347 0.421875 0.647427 0.420312 0.647427 0.415625
0 0.441499 0.465625 0.441499 0.470312 0.443579 0.471875 0.445659 0.471875 0.447739 0.473437 0.449819 0.473437 0.451899 0.475000 0.453979 0.475000 0.458140 0.478125 0.460220 0.478125 0.481021 0.493750 0.481021 0.495312 0.483101 0.496875 0.483101 0.498437 0.487261 0.501562 0.487261 0.503125 0.489341 0.504687 0.495581 0.504687 0.495581 0.534375 0.489341 0.534375 0.485181 0.537500 0.485181 0.540625 0.483101 0.542187 0.483101 0.543750 0.478940 0.546875 0.478940 0.548437 0.474780 0.551562 0.474780 0.553125 0.466460 0.559375 0.464380 0.559375 0.458140 0.564062 0.456060 0.564062 0.451899 0.567187 0.449819 0.567187 0.447739 0.568750 0.443579 0.568750 0.441499 0.570312 0.439419 0.570312 0.437339 0.571875 0.437339 0.576562 0.406138 0.576562 0.406138 0.571875 0.404058 0.570312 0.401978 0.570312 0.399897 0.568750 0.395737 0.568750 0.393657 0.567187 0.389497 0.567187 0.387417 0.565625 0.385337 0.565625 0.383257 0.564062 0.381177 0.564062 0.377017 0.560937 0.374937 0.560937 0.360376 0.550000 0.360376 0.548437 0.358296 0.546875 0.358296 0.545312 0.356216 0.543750 0.347896 0.543750 0.347896 0.498437 0.354136 0.498437 0.358296 0.495312 0.358296 0.493750 0.360376 0.492188 0.360376 0.490625 0.362456 0.489062 0.362456 0.487500 0.379097 0.475000 0.381177 0.475000 0.383257 0.473437 0.385337 0.473437 0.389497 0.470312 0.389497 0.465625
1 0.499741 0.390625 0.499741 0.395312 0.501821 0.396875 0.503901 0.396875 0.505981 0.398438 0.508062 0.398438 0.512222 0.401562 0.514302 0.401562 0.524702 0.409375 0.524702 0.410937 0.530942 0.415625 0.530942 0.417187 0.533022 0.418750 0.533022 0.420312 0.535103 0.421875 0.535103 0.423437 0.537183 0.425000 0.545503 0.425000 0.545503 0.434375 0.539263 0.434375 0.535103 0.437500 0.535103 0.440625 0.533022 0.442187 0.533022 0.445312 0.530942 0.446875 0.530942 0.450000 0.533022 0.451562 0.530942 0.453125 0.530942 0.457812 0.520542 0.465625 0.520542 0.470312 0.512222 0.470312 0.512222 0.465625 0.510142 0.464062 0.503901 0.464062 0.501821 0.465625 0.501821 0.470312 0.426938 0.470312 0.426938 0.464062 0.424858 0.462500 0.424858 0.460938 0.422778 0.459375 0.422778 0.457812 0.420698 0.456250 0.414458 0.456250 0.414458 0.426562 0.420698 0.426562 0.424858 0.423437 0.424858 0.421875 0.426938 0.420312 0.426938 0.418750 0.429019 0.417187 0.429019 0.415625 0.431099 0.414062 0.431099 0.412500 0.443579 0.403125 0.445659 0.403125 0.449819 0.400000 0.451899 0.400000 0.453979 0.398438 0.458140 0.398438 0.462300 0.395312 0.462300 0.390625
1 0.984399 0.371875 0.988560 0.371875 0.988560 0.376562 0.984399 0.376562 0.984399 0.371875 0.982319 0.360937 0.973999 0.360937 0.971919 0.362500 0.963599 0.362500 0.961519 0.364062 0.959438 0.364062 0.957358 0.365625 0.955278 0.365625 0.953198 0.367188 0.949038 0.367188 0.946958 0.368750 0.942798 0.368750 0.940718 0.370312 0.938638 0.370312 0.936558 0.371875 0.936558 0.376562 0.909517 0.376562 0.909517 0.371875 0.907437 0.370312 0.907437 0.368750 0.905356 0.367188 0.901196 0.367188 0.897036 0.370312 0.897036 0.376562 0.815913 0.376562 0.815913 0.367188 0.817993 0.365625 0.817993 0.362500 0.815913 0.360937 0.815913 0.354687 0.817993 0.353125 0.817993 0.351562 0.815913 0.350000 0.815913 0.348437 0.813833 0.346875 0.813833 0.335938 0.820073 0.331250 0.822153 0.331250 0.824233 0.329687 0.838794 0.329687 0.845034 0.325000 0.845034 0.321875 0.849194 0.318750 0.851274 0.318750 0.853354 0.317187 0.853354 0.315625 0.857515 0.312500 0.857515 0.301562 0.842954 0.290625 0.842954 0.289062 0.838794 0.285937 0.836714 0.285937 0.836714 0.284375 0.834634 0.282812 0.832554 0.282812 0.822153 0.275000 0.820073 0.275000 0.795112 0.256250 0.795112 0.254687 0.790952 0.251562 0.790952 0.250000 0.784712 0.245312 0.784712 0.243750 0.782632 0.242188 0.782632 0.240625 0.778472 0.237500 0.772231 0.237500 0.772231 0.207812 0.778472 0.207812 0.782632 0.204687 0.782632 0.201562 0.784712 0.200000 0.784712 0.198437 0.790952 0.193750 0.790952 0.192187 0.799272 0.185937 0.801353 0.185937 0.807593 0.181250 0.809673 0.181250 0.811753 0.179688 0.813833 0.179688 0.817993 0.176562 0.817993 0.171875 0.888716 0.171875 0.888716 0.176562 0.892876 0.179688 0.894956 0.179688 0.899116 0.182812 0.901196 0.182812 0.905356 0.185937 0.909517 0.185937 0.911597 0.187500 0.913677 0.187500 0.917837 0.190625 0.919917 0.190625 0.921997 0.192187 0.926157 0.192187 0.928237 0.193750 0.930317 0.193750 0.932397 0.195312 0.934478 0.195312 0.936558 0.196875 0.938638 0.196875 0.940718 0.198437 0.942798 0.198437 0.944878 0.200000 0.949038 0.200000 0.953198 0.203125 0.955278 0.203125 0.957358 0.204687 0.959438 0.204687 0.961519 0.206250 0.963599 0.206250 0.965679 0.207812 0.967759 0.207812 0.971919 0.210938 0.973999 0.210938 0.976079 0.212500 0.978159 0.212500 0.980239 0.214062 0.982319 0.214062 0.988560 0.218750 0.990640 0.218750 0.992720 0.220312 0.994800 0.220312 0.996880 0.221875 1.000000 0.221875 1.000000 0.357812 0.994800 0.357812 0.992720 0.359375 0.984399 0.359375 0.982319 0.360937
2 0.659907 0.596875 0.659907 0.601562 0.664067 0.604687 0.666147 0.604687 0.672388 0.609375 0.674468 0.609375 0.676548 0.610937 0.678628 0.610937 0.680708 0.612500 0.682788 0.612500 0.684868 0.614062 0.686948 0.614062 0.689028 0.615625 0.691108 0.615625 0.693188 0.617188 0.695269 0.617188 0.699429 0.620312 0.701509 0.620312 0.705669 0.623438 0.707749 0.623438 0.713989 0.628125 0.713989 0.629687 0.718149 0.632812 0.718149 0.635937 0.722310 0.639062 0.728550 0.639062 0.728550 0.664062 0.722310 0.664062 0.718149 0.667187 0.718149 0.670312 0.716069 0.671875 0.716069 0.673437 0.713989 0.675000 0.713989 0.676562 0.707749 0.681250 0.707749 0.682812 0.699429 0.689062 0.699429 0.690625 0.693188 0.695312 0.691108 0.695312 0.686948 0.698437 0.684868 0.698437 0.678628 0.703125 0.678628 0.707812 0.622466 0.707812 0.622466 0.701562 0.620386 0.700000 0.618306 0.700000 0.616226 0.698437 0.614146 0.698437 0.607905 0.693750 0.605825 0.693750 0.593345 0.684375 0.593345 0.682812 0.587104 0.678125 0.580864 0.678125 0.580864 0.637500 0.587104 0.637500 0.591265 0.634375 0.591265 0.628125 0.593345 0.626562 0.593345 0.623438 0.597505 0.620312 0.597505 0.618750 0.599585 0.617188 0.599585 0.615625 0.603745 0.612500 0.605825 0.612500 0.614146 0.606250 0.616226 0.606250 0.618306 0.604687 0.620386 0.604687 0.624546 0.601562 0.624546 0.596875
2 0.385337 0.359375 0.385337 0.364062 0.389497 0.367188 0.391577 0.367188 0.395737 0.370312 0.397817 0.370312 0.414458 0.382812 0.414458 0.384375 0.416538 0.385937 0.416538 0.387500 0.418618 0.389062 0.418618 0.390625 0.422778 0.393750 0.429019 0.393750 0.429019 0.421875 0.422778 0.421875 0.420698 0.423437 0.420698 0.425000 0.418618 0.426562 0.418618 0.428125 0.416538 0.429688 0.416538 0.431250 0.412378 0.434375 0.412378 0.435937 0.406138 0.440625 0.406138 0.442187 0.401978 0.445312 0.401978 0.446875 0.393657 0.453125 0.391577 0.453125 0.387417 0.456250 0.385337 0.456250 0.381177 0.459375 0.381177 0.464062 0.327095 0.464062 0.327095 0.459375 0.320855 0.454687 0.318774 0.454687 0.316694 0.453125 0.314614 0.453125 0.308374 0.448437 0.306294 0.448437 0.304214 0.446875 0.304214 0.445312 0.300054 0.442187 0.300054 0.440625 0.295894 0.437500 0.295894 0.434375 0.293814 0.432812 0.293814 0.431250 0.291733 0.429688 0.291733 0.426562 0.289653 0.425000 0.289653 0.423437 0.287573 0.421875 0.281333 0.421875 0.281333 0.400000 0.287573 0.400000 0.289653 0.398438 0.289653 0.396875 0.291733 0.395312 0.291733 0.393750 0.293814 0.392187 0.293814 0.389062 0.295894 0.387500 0.295894 0.385937 0.300054 0.382812 0.300054 0.381250 0.304214 0.378125 0.304214 0.376562 0.312534 0.370312 0.314614 0.370312 0.318774 0.367188 0.320855 0.367188 0.325015 0.364062 0.325015 0.359375
2 0.614146 0.346875 0.614146 0.351562 0.620386 0.356250 0.622466 0.356250 0.632866 0.364062 0.632866 0.365625 0.639106 0.370312 0.645347 0.370312 0.645347 0.417187 0.639106 0.417187 0.620386 0.431250 0.618306 0.431250 0.614146 0.434375 0.612065 0.434375 0.607905 0.437500 0.605825 0.437500 0.601665 0.440625 0.601665 0.445312 0.557983 0.445312 0.557983 0.440625 0.553823 0.437500 0.551743 0.437500 0.549663 0.435937 0.547583 0.435937 0.543423 0.432812 0.543423 0.431250 0.537183 0.426562 0.537183 0.423437 0.535103 0.421875 0.535103 0.420312 0.528862 0.415625 0.522622 0.415625 0.522622 0.368750 0.530942 0.368750 0.533022 0.367188 0.533022 0.365625 0.545503 0.356250 0.547583 0.356250 0.549663 0.354687 0.551743 0.354687 0.553823 0.353125 0.553823 0.346875
1 0.137808 0.000000 0.137808 0.007812 0.129487 0.007812 0.127407 0.009375 0.127407 0.010937 0.121167 0.015625 0.121167 0.017187 0.106606 0.028125 0.106606 0.029687 0.100366 0.034375 0.100366 0.035937 0.089966 0.043750 0.089966 0.045312 0.081646 0.051562 0.081646 0.053125 0.075405 0.057812 0.075405 0.059375 0.067085 0.065625 0.067085 0.067187 0.056685 0.075000 0.056685 0.076562 0.044204 0.085938 0.044204 0.087500 0.033804 0.095312 0.033804 0.096875 0.021323 0.106250 0.021323 0.107812 0.015083 0.112500 0.015083 0.114062 0.006763 0.120312 0.006763 0.126562 0.000000 0.126562 0.000000 0.000000
2 0.418618 0.609375 0.418618 0.614062 0.424858 0.618750 0.426938 0.618750 0.439419 0.628125 0.441499 0.628125 0.441499 0.629687 0.447739 0.634375 0.447739 0.635937 0.451899 0.639062 0.453979 0.639062 0.456060 0.640625 0.462300 0.640625 0.462300 0.676562 0.456060 0.676562 0.451899 0.679688 0.451899 0.681250 0.449819 0.682812 0.449819 0.684375 0.445659 0.687500 0.445659 0.689062 0.439419 0.693750 0.439419 0.695312 0.435259 0.698437 0.433179 0.698437 0.424858 0.704687 0.422778 0.704687 0.420698 0.706250 0.418618 0.706250 0.416538 0.707812 0.416538 0.714062 0.356216 0.714062 0.356216 0.709375 0.349976 0.704687 0.347896 0.704687 0.329175 0.690625 0.329175 0.687500 0.327095 0.685937 0.327095 0.684375 0.325015 0.682812 0.325015 0.681250 0.320855 0.678125 0.314614 0.678125 0.314614 0.648438 0.320855 0.648438 0.325015 0.645312 0.325015 0.643750 0.327095 0.642187 0.327095 0.639062 0.331255 0.635937 0.331255 0.634375 0.335415 0.631250 0.335415 0.629687 0.347896 0.620312 0.349976 0.620312 0.352056 0.618750 0.354136 0.618750 0.360376 0.614062 0.360376 0.609375
2 0.193970 0.784375 0.193970 0.789062 0.200210 0.793750 0.202290 0.793750 0.206450 0.796875 0.208530 0.796875 0.212690 0.800000 0.214771 0.800000 0.216851 0.801562 0.218931 0.801562 0.221011 0.803125 0.223091 0.803125 0.227251 0.806250 0.229331 0.806250 0.231411 0.807812 0.233491 0.807812 0.235571 0.809375 0.237651 0.809375 0.239731 0.810937 0.241812 0.810937 0.245972 0.814062 0.248052 0.814062 0.250132 0.815625 0.252212 0.815625 0.256372 0.818750 0.258452 0.818750 0.260532 0.820312 0.262612 0.820312 0.266773 0.823437 0.268853 0.823437 0.273013 0.826562 0.275093 0.826562 0.277173 0.828125 0.279253 0.828125 0.283413 0.831250 0.285493 0.831250 0.289653 0.834375 0.291733 0.834375 0.293814 0.835938 0.295894 0.835938 0.297974 0.837500 0.300054 0.837500 0.304214 0.840625 0.308374 0.840625 0.312534 0.843750 0.314614 0.843750 0.316694 0.845312 0.318774 0.845312 0.322935 0.848437 0.325015 0.848437 0.327095 0.850000 0.329175 0.850000 0.333335 0.853125 0.335415 0.853125 0.337495 0.854687 0.339575 0.854687 0.341655 0.856250 0.343735 0.856250 0.347896 0.859375 0.349976 0.859375 0.352056 0.860937 0.354136 0.860937 0.356216 0.862500 0.358296 0.862500 0.362456 0.865625 0.364536 0.865625 0.366616 0.867188 0.368696 0.867188 0.372856 0.870312 0.374937 0.870312 0.377017 0.871875 0.379097 0.871875 0.383257 0.875000 0.385337 0.875000 0.389497 0.878125 0.391577 0.878125 0.393657 0.879687 0.395737 0.879687 0.397817 0.881250 0.399897 0.881250 0.404058 0.884375 0.406138 0.884375 0.408218 0.885937 0.410298 0.885937 0.414458 0.889062 0.416538 0.889062 0.418618 0.890625 0.420698 0.890625 0.422778 0.892187 0.424858 0.892187 0.429019 0.895312 0.431099 0.895312 0.433179 0.896875 0.435259 0.896875 0.439419 0.900000 0.441499 0.900000 0.443579 0.901562 0.445659 0.901562 0.447739 0.903125 0.449819 0.903125 0.451899 0.904687 0.453979 0.904687 0.456060 0.906250 0.458140 0.906250 0.462300 0.909375 0.464380 0.909375 0.468540 0.912500 0.470620 0.912500 0.474780 0.915625 0.476860 0.915625 0.478940 0.917187 0.481021 0.917187 0.483101 0.918750 0.485181 0.918750 0.489341 0.921875 0.491421 0.921875 0.495581 0.925000 0.497661 0.925000 0.499741 0.926562 0.501821 0.926562 0.503901 0.928125 0.505981 0.928125 0.508062 0.929688 0.510142 0.929688 0.514302 0.932812 0.516382 0.932812 0.518462 0.934375 0.520542 0.934375 0.524702 0.937500 0.526782 0.937500 0.530942 0.940625 0.533022 0.940625 0.535103 0.942187 0.537183 0.942187 0.539263 0.943750 0.541343 0.943750 0.543423 0.945312 0.545503 0.945312 0.549663 0.948437 0.551743 0.948437 0.555903 0.951562 0.557983 0.951562 0.560064 0.953125 0.562144 0.953125 0.564224 0.954687 0.566304 0.954687 0.568384 0.956250 0.570464 0.956250 0.572544 0.957812 0.574624 0.957812 0.578784 0.960938 0.580864 0.960938 0.582944 0.962500 0.585024 0.962500 0.589185 0.965625 0.591265 0.965625 0.595425 0.968750 0.597505 0.968750 0.599585 0.970312 0.601665 0.970312 0.605825 0.973437 0.607905 0.973437 0.609985 0.975000 0.612065 0.975000 0.616226 0.978125 0.618306 0.978125 0.622466 0.981250 0.624546 0.981250 0.626626 0.982812 0.628706 0.982812 0.632866 0.985937 0.634946 0.985937 0.637026 0.987500 0.645347 0.987500 0.645347 0.998437 0.002603 0.998437 0.002603 0.995312 0.000522 0.993750 0.000522 0.800000 0.002603 0.798437 0.002603 0.784375
1 0.418618 0.609375 0.418618 0.614062 0.424858 0.618750 0.426938 0.618750 0.447739 0.634375 0.447739 0.635937 0.453979 0.640625 0.462300 0.640625 0.462300 0.676562 0.456060 0.676562 0.451899 0.679688 0.451899 0.681250 0.449819 0.682812 0.449819 0.684375 0.447739 0.685937 0.447739 0.687500 0.439419 0.693750 0.439419 0.695312 0.435259 0.698437 0.433179 0.698437 0.424858 0.704687 0.422778 0.704687 0.420698 0.706250 0.418618 0.706250 0.416538 0.707812 0.416538 0.714062 0.356216 0.714062 0.356216 0.709375 0.349976 0.704687 0.347896 0.704687 0.329175 0.690625 0.329175 0.687500 0.327095 0.685937 0.327095 0.684375 0.325015 0.682812 0.325015 0.681250 0.320855 0.678125 0.314614 0.678125 0.314614 0.648438 0.320855 0.648438 0.325015 0.645312 0.325015 0.643750 0.327095 0.642187 0.327095 0.639062 0.331255 0.635937 0.331255 0.634375 0.335415 0.631250 0.335415 0.629687 0.347896 0.620312 0.349976 0.620312 0.352056 0.618750 0.354136 0.618750 0.360376 0.614062 0.360376 0.609375
2 0.566304 0.465625 0.566304 0.470312 0.568384 0.471875 0.570464 0.471875 0.572544 0.473437 0.576704 0.473437 0.578784 0.475000 0.580864 0.475000 0.582944 0.476562 0.585024 0.476562 0.589185 0.479687 0.591265 0.479687 0.593345 0.481250 0.595425 0.481250 0.601665 0.485937 0.603745 0.485937 0.612065 0.492188 0.620386 0.492188 0.620386 0.535937 0.614146 0.535937 0.609985 0.539062 0.609985 0.540625 0.605825 0.543750 0.605825 0.545312 0.587104 0.559375 0.587104 0.564062 0.539263 0.564062 0.539263 0.559375 0.535103 0.556250 0.533022 0.556250 0.530942 0.554687 0.526782 0.554687 0.524702 0.553125 0.516382 0.553125 0.514302 0.551562 0.510142 0.551562 0.508062 0.550000 0.505981 0.550000 0.499741 0.545312 0.499741 0.542187 0.497661 0.540625 0.497661 0.539062 0.495581 0.537500 0.489341 0.537500 0.489341 0.506250 0.495581 0.506250 0.497661 0.504687 0.497661 0.501562 0.499741 0.500000 0.499741 0.495312 0.501821 0.493750 0.501821 0.490625 0.510142 0.484375 0.510142 0.482812 0.512222 0.481250 0.514302 0.481250 0.522622 0.475000 0.524702 0.475000 0.526782 0.473437 0.530942 0.473437 0.533022 0.471875 0.537183 0.471875 0.539263 0.470312 0.539263 0.465625
2 0.865835 0.760937 0.867915 0.762500 0.872075 0.762500 0.874155 0.764062 0.876235 0.764062 0.884556 0.770312 0.886636 0.770312 0.888716 0.771875 0.890796 0.771875 0.894956 0.775000 0.897036 0.775000 0.899116 0.776562 0.899116 0.778125 0.901196 0.779687 0.903276 0.779687 0.907437 0.782812 0.907437 0.784375 0.911597 0.787500 0.919917 0.787500 0.919917 0.851562 0.913677 0.851562 0.909517 0.854687 0.909517 0.857812 0.907437 0.859375 0.907437 0.862500 0.905356 0.864062 0.905356 0.865625 0.903276 0.867188 0.903276 0.868750 0.901196 0.870312 0.901196 0.871875 0.899116 0.873437 0.899116 0.876562 0.897036 0.878125 0.897036 0.879687 0.894956 0.881250 0.894956 0.882812 0.892876 0.884375 0.892876 0.885937 0.888716 0.889062 0.888716 0.890625 0.886636 0.892187 0.886636 0.893750 0.884556 0.895312 0.884556 0.896875 0.880396 0.900000 0.880396 0.901562 0.872075 0.907812 0.872075 0.909375 0.865835 0.914062 0.865835 0.915625 0.855435 0.923437 0.855435 0.925000 0.849194 0.929688 0.849194 0.931250 0.828394 0.946875 0.826313 0.946875 0.822153 0.950000 0.820073 0.950000 0.815913 0.953125 0.815913 0.957812 0.784712 0.957812 0.784712 0.953125 0.780552 0.950000 0.778472 0.950000 0.776392 0.948437 0.772231 0.948437 0.770151 0.946875 0.768071 0.946875 0.763911 0.943750 0.761831 0.943750 0.757671 0.940625 0.755591 0.940625 0.736870 0.926562 0.736870 0.925000 0.734790 0.923437 0.734790 0.921875 0.732710 0.920312 0.732710 0.918750 0.728550 0.915625 0.722310 0.915625 0.722310 0.867188 0.728550 0.867188 0.732710 0.864062 0.732710 0.862500 0.734790 0.860937 0.734790 0.859375 0.736870 0.857812 0.736870 0.856250 0.741030 0.853125 0.741030 0.851562 0.743110 0.850000 0.743110 0.848437 0.749351 0.843750 0.749351 0.842187 0.751431 0.840625 0.751431 0.839062 0.753511 0.837500 0.753511 0.835938 0.755591 0.834375 0.755591 0.832812 0.757671 0.831250 0.757671 0.829687 0.759751 0.828125 0.759751 0.826562 0.761831 0.825000 0.761831 0.823437 0.763911 0.821875 0.763911 0.820312 0.765991 0.818750 0.765991 0.817187 0.768071 0.815625 0.768071 0.814062 0.770151 0.812500 0.770151 0.810937 0.772231 0.809375 0.772231 0.807812 0.774312 0.806250 0.774312 0.804688 0.776392 0.803125 0.776392 0.801562 0.778472 0.800000 0.778472 0.798437 0.782632 0.795312 0.782632 0.793750 0.784712 0.792187 0.784712 0.790625 0.786792 0.789062 0.786792 0.787500 0.788872 0.785937 0.790952 0.785937 0.795112 0.782812 0.795112 0.776562 0.797192 0.775000 0.797192 0.773438 0.799272 0.771875 0.801353 0.771875 0.805513 0.768750 0.820073 0.768750 0.822153 0.767187 0.832554 0.767187 0.834634 0.765625 0.838794 0.765625 0.840874 0.764062 0.845034 0.764062 0.847114 0.762500 0.851274 0.762500 0.853354 0.760937