1 0.637026 0.346875 0.637026 0.351562 0.641187 0.354687 0.643267 0.354687 0.645347 0.356250 0.647427 0.356250 0.649507 0.357812 0.651587 0.357812 0.655747 0.360937 0.657827 0.360937 0.661987 0.364062 0.664067 0.364062 0.674468 0.371875 0.674468 0.373437 0.682788 0.379687 0.682788 0.381250 0.684868 0.382812 0.684868 0.384375 0.686948 0.385937 0.686948 0.387500 0.689028 0.389062 0.695269 0.389062 0.695269 0.431250 0.689028 0.431250 0.686948 0.432812 0.684868 0.432812 0.682788 0.434375 0.680708 0.434375 0.676548 0.437500 0.676548 0.439062 0.661987 0.450000 0.659907 0.450000 0.655747 0.453125 0.653667 0.453125 0.651587 0.454687 0.647427 0.454687 0.645347 0.456250 0.643267 0.456250 0.641187 0.457812 0.639106 0.457812 0.637026 0.459375 0.637026 0.464062 0.585024 0.464062 0.585024 0.459375 0.580864 0.456250 0.576704 0.456250 0.574624 0.454687 0.572544 0.454687 0.570464 0.453125 0.568384 0.453125 0.562144 0.448437 0.560064 0.448437 0.555903 0.445312 0.555903 0.443750 0.549663 0.439062 0.549663 0.437500 0.545503 0.434375 0.539263 0.434375 0.539263 0.381250 0.545503 0.381250 0.549663 0.378125 0.549663 0.376562 0.553823 0.373437 0.553823 0.371875 0.555903 0.370312 0.557983 0.370312 0.568384 0.362500 0.570464 0.362500 0.572544 0.360937 0.574624 0.360937 0.578784 0.357812 0.582944 0.357812 0.585024 0.356250 0.587104 0.356250 0.589185 0.354687 0.591265 0.354687 0.595425 0.351562 0.595425 0.346875
1 0.483101 0.459375 0.483101 0.464062 0.487261 0.467187 0.489341 0.467187 0.491421 0.468750 0.493501 0.468750 0.503901 0.476562 0.503901 0.478125 0.505981 0.479687 0.505981 0.481250 0.510142 0.484375 0.510142 0.485937 0.512222 0.487500 0.520542 0.487500 0.520542 0.539062 0.514302 0.539062 0.478940 0.565625 0.478940 0.570312 0.420698 0.570312 0.420698 0.564062 0.418618 0.562500 0.416538 0.562500 0.414458 0.560937 0.412378 0.560937 0.410298 0.559375 0.408218 0.559375 0.404058 0.556250 0.401978 0.556250 0.399897 0.554687 0.399897 0.553125 0.393657 0.548437 0.393657 0.546875 0.387417 0.542187 0.387417 0.540625 0.379097 0.534375 0.372856 0.534375 0.372856 0.489062 0.379097 0.489062 0.383257 0.485937 0.383257 0.484375 0.385337 0.482812 0.385337 0.481250 0.397817 0.471875 0.399897 0.471875 0.404058 0.468750 0.406138 0.468750 0.412378 0.464062 0.412378 0.459375
0 0.578784 0.534375 0.578784 0.539062 0.589185 0.546875 0.591265 0.546875 0.595425 0.550000 0.597505 0.550000 0.599585 0.551562 0.601665 0.551562 0.609985 0.557812 0.612065 0.557812 0.622466 0.565625 0.628706 0.565625 0.628706 0.620312 0.620386 0.620312 0.618306 0.621875 0.618306 0.625000 0.597505 0.640625 0.595425 0.640625 0.591265 0.643750 0.589185 0.643750 0.587104 0.645312 0.585024 0.645312 0.582944 0.646875 0.580864 0.646875 0.578784 0.648438 0.574624 0.648438 0.572544 0.650000 0.568384 0.650000 0.564224 0.653125 0.564224 0.657812 0.535103 0.657812 0.535103 0.653125 0.533022 0.651562 0.530942 0.651562 0.528862 0.650000 0.522622 0.650000 0.520542 0.648438 0.516382 0.648438 0.514302 0.646875 0.512222 0.646875 0.508062 0.643750 0.505981 0.643750 0.493501 0.634375 0.493501 0.632812 0.489341 0.629687 0.489341 0.628125 0.487261 0.626562 0.487261 0.625000 0.485181 0.623438 0.485181 0.621875 0.483101 0.620312 0.483101 0.617188 0.478940 0.614062 0.472700 0.614062 0.472700 0.575000 0.478940 0.575000 0.483101 0.571875 0.483101 0.568750 0.489341 0.564062 0.489341 0.562500 0.516382 0.542187 0.518462 0.542187 0.522622 0.539062 0.522622 0.534375
0 0.497661 0.346875 0.497661 0.351562 0.505981 0.357812 0.508062 0.357812 0.512222 0.360937 0.514302 0.360937 0.518462 0.364062 0.520542 0.364062 0.535103 0.375000 0.535103 0.376562 0.537183 0.378125 0.545503 0.378125 0.545503 0.434375 0.539263 0.434375 0.535103 0.437500 0.535103 0.439062 0.533022 0.440625 0.533022 0.442187 0.520542 0.451562 0.518462 0.451562 0.514302 0.454687 0.512222 0.454687 0.505981 0.459375 0.505981 0.464062 0.437339 0.464062 0.437339 0.459375 0.433179 0.456250 0.431099 0.456250 0.429019 0.454687 0.426938 0.454687 0.410298 0.442187 0.410298 0.440625 0.408218 0.439062 0.408218 0.437500 0.406138 0.435937 0.397817 0.435937 0.397817 0.379687 0.404058 0.379687 0.408218 0.376562 0.408218 0.375000 0.412378 0.371875 0.412378 0.370312 0.424858 0.360937 0.426938 0.360937 0.431099 0.357812 0.433179 0.357812 0.435259 0.356250 0.437339 0.356250 0.439419 0.354687 0.441499 0.354687 0.445659 0.351562 0.445659 0.346875
1 0.339575 0.421875 0.339575 0.426562 0.343735 0.429688 0.345815 0.429688 0.349976 0.432812 0.352056 0.432812 0.368696 0.445312 0.368696 0.446875 0.374937 0.451562 0.374937 0.453125 0.377017 0.454687 0.377017 0.456250 0.381177 0.459375 0.387417 0.459375 0.387417 0.490625 0.381177 0.490625 0.379097 0.492188 0.379097 0.493750 0.377017 0.495312 0.377017 0.496875 0.374937 0.498437 0.374937 0.500000 0.372856 0.501562 0.372856 0.506250 0.370776 0.507812 0.370776 0.514062 0.368696 0.515625 0.368696 0.517187 0.366616 0.518750 0.366616 0.520312 0.362456 0.523437 0.360376 0.523437 0.354136 0.528125 0.352056 0.528125 0.343735 0.534375 0.343735 0.539062 0.275093 0.539062 0.275093 0.534375 0.270933 0.531250 0.268853 0.531250 0.266773 0.529687 0.264692 0.529687 0.262612 0.528125 0.260532 0.528125 0.254292 0.523437 0.252212 0.523437 0.250132 0.521875 0.250132 0.520312 0.237651 0.510937 0.237651 0.509375 0.235571 0.507812 0.235571 0.506250 0.233491 0.504687 0.233491 0.501562 0.229331 0.498437 0.223091 0.498437 0.223091 0.468750 0.229331 0.468750 0.231411 0.467187 0.231411 0.465625 0.233491 0.464062 0.233491 0.462500 0.235571 0.460938 0.235571 0.457812 0.239731 0.454687 0.239731 0.453125 0.243892 0.450000 0.243892 0.448437 0.264692 0.432812 0.266773 0.432812 0.268853 0.431250 0.270933 0.431250 0.277173 0.426562 0.277173 0.421875
1 0.154448 0.496875 0.154448 0.501562 0.160689 0.506250 0.162769 0.506250 0.169009 0.510937 0.171089 0.510937 0.179409 0.517187 0.181489 0.517187 0.193970 0.526562 0.193970 0.528125 0.200210 0.532812 0.200210 0.535937 0.202290 0.537500 0.202290 0.539062 0.206450 0.542187 0.212690 0.542187 0.212690 0.581250 0.206450 0.581250 0.202290 0.584375 0.202290 0.585937 0.200210 0.587500 0.200210 0.589062 0.193970 0.593750 0.193970 0.595312 0.189810 0.598437 0.189810 0.600000 0.179409 0.607813 0.177329 0.607813 0.171089 0.612500 0.169009 0.612500 0.164849 0.615625 0.162769 0.615625 0.158608 0.618750 0.156528 0.618750 0.152368 0.621875 0.150288 0.621875 0.148208 0.623438 0.144048 0.623438 0.141968 0.625000 0.139888 0.625000 0.137808 0.626562 0.135728 0.626562 0.133648 0.628125 0.133648 0.632812 0.106606 0.632812 0.106606 0.628125 0.104526 0.626562 0.100366 0.626562 0.098286 0.625000 0.092046 0.625000 0.089966 0.623438 0.085806 0.623438 0.083726 0.621875 0.081646 0.621875 0.077485 0.618750 0.075405 0.618750 0.073325 0.617188 0.071245 0.617188 0.058765 0.607813 0.058765 0.606250 0.054605 0.603125 0.054605 0.601562 0.050444 0.598437 0.050444 0.596875 0.046284 0.593750 0.046284 0.592187 0.044204 0.590625 0.044204 0.587500 0.042124 0.585937 0.042124 0.584375 0.040044 0.582812 0.040044 0.581250 0.037964 0.579687 0.031724 0.579687 0.031724 0.543750 0.037964 0.543750 0.042124 0.540625 0.042124 0.537500 0.044204 0.535937 0.044204 0.534375 0.046284 0.532812 0.046284 0.531250 0.050444 0.528125 0.050444 0.526562 0.052524 0.525000 0.052524 0.523437 0.069165 0.510937 0.071245 0.510937 0.077485 0.506250 0.079565 0.506250 0.085806 0.501562 0.085806 0.496875
2 0.678628 0.459375 0.678628 0.464062 0.686948 0.470312 0.689028 0.470312 0.689028 0.471875 0.697349 0.478125 0.697349 0.479687 0.699429 0.481250 0.699429 0.482812 0.701509 0.484375 0.701509 0.485937 0.705669 0.489062 0.711909 0.489062 0.711909 0.529687 0.705669 0.529687 0.701509 0.532812 0.701509 0.534375 0.697349 0.537500 0.697349 0.539062 0.693188 0.542187 0.693188 0.543750 0.680708 0.553125 0.678628 0.553125 0.674468 0.556250 0.672388 0.556250 0.670308 0.557812 0.670308 0.564062 0.618306 0.564062 0.618306 0.559375 0.616226 0.557812 0.614146 0.557812 0.607905 0.553125 0.605825 0.553125 0.603745 0.551562 0.601665 0.551562 0.595425 0.546875 0.593345 0.546875 0.591265 0.545312 0.589185 0.545312 0.582944 0.540625 0.580864 0.540625 0.566304 0.529687 0.566304 0.528125 0.562144 0.525000 0.555903 0.525000 0.555903 0.492188 0.562144 0.492188 0.566304 0.489062 0.566304 0.487500 0.568384 0.485937 0.568384 0.484375 0.570464 0.482812 0.570464 0.481250 0.572544 0.479687 0.572544 0.478125 0.578784 0.473437 0.578784 0.471875 0.582944 0.468750 0.585024 0.468750 0.587104 0.467187 0.589185 0.467187 0.593345 0.464062 0.593345 0.459375
2 0.701509 0.584375 0.701509 0.589062 0.705669 0.592187 0.707749 0.592187 0.709829 0.593750 0.711909 0.593750 0.716069 0.596875 0.718149 0.596875 0.722310 0.600000 0.724390 0.600000 0.741030 0.612500 0.741030 0.614062 0.743110 0.615625 0.743110 0.617188 0.747271 0.620312 0.753511 0.620312 0.753511 0.667187 0.747271 0.667187 0.741030 0.671875 0.741030 0.673437 0.738950 0.675000 0.738950 0.676562 0.730630 0.682812 0.730630 0.684375 0.728550 0.684375 0.720230 0.690625 0.718149 0.690625 0.716069 0.692187 0.713989 0.692187 0.711909 0.693750 0.709829 0.693750 0.705669 0.696875 0.705669 0.701562 0.649507 0.701562 0.649507 0.695312 0.647427 0.693750 0.645347 0.693750 0.643267 0.692187 0.641187 0.692187 0.639106 0.690625 0.637026 0.690625 0.618306 0.676562 0.618306 0.675000 0.612065 0.670312 0.605825 0.670312 0.605825 0.628125 0.612065 0.628125 0.622466 0.620312 0.622466 0.618750 0.626626 0.615625 0.626626 0.614062 0.628706 0.612500 0.628706 0.610937 0.630786 0.609375 0.630786 0.607813 0.634946 0.604687 0.634946 0.603125 0.647427 0.593750 0.649507 0.593750 0.655747 0.589062 0.655747 0.584375
1 0.582944 0.259375 0.582944 0.265625 0.585024 0.267187 0.587104 0.267187 0.591265 0.270312 0.593345 0.270312 0.593345 0.271875 0.595425 0.273437 0.597505 0.273437 0.601665 0.276562 0.601665 0.278125 0.603745 0.279687 0.605825 0.279687 0.607905 0.281250 0.607905 0.282812 0.609985 0.284375 0.609985 0.285937 0.614146 0.289062 0.620386 0.289062 0.620386 0.337500 0.614146 0.337500 0.609985 0.340625 0.609985 0.342187 0.601665 0.348437 0.599585 0.348437 0.595425 0.351562 0.593345 0.351562 0.591265 0.353125 0.587104 0.353125 0.585024 0.354687 0.582944 0.354687 0.580864 0.356250 0.578784 0.356250 0.576704 0.357812 0.574624 0.357812 0.572544 0.359375 0.570464 0.359375 0.562144 0.365625 0.562144 0.370312 0.524702 0.370312 0.524702 0.365625 0.518462 0.360937 0.516382 0.360937 0.514302 0.359375 0.512222 0.359375 0.505981 0.354687 0.503901 0.354687 0.501821 0.353125 0.499741 0.353125 0.497661 0.351562 0.495581 0.351562 0.495581 0.350000 0.487261 0.343750 0.487261 0.342187 0.485181 0.340625 0.485181 0.339062 0.483101 0.337500 0.483101 0.335938 0.478940 0.332812 0.472700 0.332812 0.472700 0.296875 0.478940 0.296875 0.483101 0.293750 0.483101 0.292187 0.485181 0.290625 0.485181 0.289062 0.487261 0.287500 0.487261 0.285937 0.491421 0.282812 0.491421 0.281250 0.505981 0.270312 0.508062 0.270312 0.512222 0.267187 0.514302 0.267187 0.518462 0.264062 0.518462 0.259375
1 0.406138 0.553125 0.406138 0.557812 0.410298 0.560937 0.412378 0.560937 0.416538 0.564062 0.420698 0.564062 0.424858 0.567187 0.426938 0.567187 0.431099 0.570312 0.433179 0.570312 0.439419 0.575000 0.441499 0.575000 0.441499 0.576562 0.447739 0.581250 0.447739 0.582812 0.451899 0.585937 0.451899 0.587500 0.458140 0.592187 0.458140 0.593750 0.464380 0.598437 0.470620 0.598437 0.470620 0.637500 0.464380 0.637500 0.460220 0.640625 0.460220 0.642187 0.458140 0.643750 0.458140 0.645312 0.451899 0.650000 0.451899 0.651562 0.441499 0.659375 0.439419 0.659375 0.431099 0.665625 0.429019 0.665625 0.426938 0.667187 0.424858 0.667187 0.422778 0.668750 0.420698 0.668750 0.416538 0.671875 0.416538 0.676562 0.366616 0.676562 0.366616 0.671875 0.360376 0.667187 0.356216 0.667187 0.354136 0.665625 0.352056 0.665625 0.347896 0.662500 0.345815 0.662500 0.339575 0.657812 0.337495 0.657812 0.337495 0.656250 0.327095 0.648438 0.327095 0.646875 0.325015 0.645312 0.325015 0.643750 0.322935 0.642187 0.314614 0.642187 0.314614 0.587500 0.320855 0.587500 0.327095 0.582812 0.327095 0.581250 0.345815 0.567187 0.347896 0.567187 0.352056 0.564062 0.354136 0.564062 0.356216 0.562500 0.358296 0.562500 0.360376 0.560937 0.364536 0.560937 0.366616 0.559375 0.368696 0.559375 0.370776 0.557812 0.370776 0.553125
2 0.982319 0.934375 0.982319 0.939062 0.984399 0.940625 0.986479 0.940625 0.996880 0.948437 1.000000 0.948437 1.000000 0.998437 0.888716 0.998437 0.888716 0.981250 0.903276 0.981250 0.905356 0.979687 0.905356 0.978125 0.907437 0.976562 0.907437 0.975000 0.909517 0.973437 0.909517 0.971875 0.911597 0.970312 0.911597 0.968750 0.915757 0.965625 0.915757 0.964062 0.921997 0.959375 0.921997 0.957812 0.930317 0.951562 0.932397 0.951562 0.944878 0.942187 0.946958 0.942187 0.949038 0.940625 0.951118 0.940625 0.953198 0.939062 0.953198 0.934375
1 0.699429 0.584375 0.699429 0.589062 0.701509 0.590625 0.703589 0.590625 0.705669 0.592187 0.707749 0.592187 0.709829 0.593750 0.711909 0.593750 0.716069 0.596875 0.718149 0.596875 0.722310 0.600000 0.724390 0.600000 0.743110 0.614062 0.743110 0.617188 0.747271 0.620312 0.753511 0.620312 0.753511 0.667187 0.747271 0.667187 0.741030 0.671875 0.741030 0.673437 0.738950 0.675000 0.738950 0.676562 0.730630 0.682812 0.730630 0.684375 0.728550 0.684375 0.720230 0.690625 0.718149 0.690625 0.716069 0.692187 0.713989 0.692187 0.711909 0.693750 0.709829 0.693750 0.705669 0.696875 0.705669 0.701562 0.649507 0.701562 0.649507 0.695312 0.647427 0.693750 0.645347 0.693750 0.643267 0.692187 0.641187 0.692187 0.639106 0.690625 0.637026 0.690625 0.618306 0.676562 0.618306 0.675000 0.612065 0.670312 0.605825 0.670312 0.605825 0.629687 0.612065 0.629687 0.618306 0.625000 0.618306 0.623438 0.624546 0.618750 0.624546 0.617188 0.626626 0.615625 0.626626 0.614062 0.630786 0.610937 0.630786 0.609375 0.632866 0.607813 0.632866 0.606250 0.634946 0.604687 0.634946 0.603125 0.647427 0.593750 0.649507 0.593750 0.655747 0.589062 0.655747 0.584375
2 0.404058 0.553125 0.404058 0.557812 0.406138 0.559375 0.408218 0.559375 0.410298 0.560937 0.412378 0.560937 0.416538 0.564062 0.418618 0.564062 0.420698 0.565625 0.422778 0.565625 0.424858 0.567187 0.426938 0.567187 0.431099 0.570312 0.433179 0.570312 0.439419 0.575000 0.441499 0.575000 0.441499 0.576562 0.447739 0.581250 0.447739 0.582812 0.451899 0.585937 0.451899 0.587500 0.456060 0.590625 0.462300 0.590625 0.462300 0.648438 0.453979 0.648438 0.451899 0.650000 0.451899 0.651562 0.439419 0.660937 0.437339 0.660937 0.431099 0.665625 0.429019 0.665625 0.426938 0.667187 0.424858 0.667187 0.422778 0.668750 0.420698 0.668750 0.416538 0.671875 0.416538 0.676562 0.366616 0.676562 0.366616 0.671875 0.360376 0.667187 0.356216 0.667187 0.354136 0.665625 0.352056 0.665625 0.347896 0.662500 0.345815 0.662500 0.339575 0.657812 0.337495 0.657812 0.337495 0.656250 0.327095 0.648438 0.327095 0.646875 0.325015 0.645312 0.325015 0.643750 0.320855 0.640625 0.320855 0.639062 0.318774 0.637500 0.318774 0.634375 0.316694 0.632812 0.316694 0.629687 0.312534 0.626562 0.306294 0.626562 0.306294 0.603125 0.312534 0.603125 0.316694 0.600000 0.316694 0.596875 0.318774 0.595312 0.318774 0.590625 0.322935 0.587500 0.322935 0.585937 0.327095 0.582812 0.327095 0.581250 0.331255 0.578125 0.331255 0.576562 0.333335 0.575000 0.335415 0.575000 0.345815 0.567187 0.347896 0.567187 0.354136 0.562500 0.358296 0.562500 0.360376 0.560937 0.364536 0.560937 0.366616 0.559375 0.368696 0.559375 0.370776 0.557812 0.370776 0.553125
2 0.006763 0.815625 0.004683 0.815625 0.004683 0.790625 0.015083 0.790625 0.015083 0.796875 0.013003 0.798437 0.013003 0.804688 0.010923 0.806250 0.010923 0.807812 0.008843 0.809375 0.008843 0.812500 0.006763 0.814062 0.006763 0.815625 0.006763 0.850000 0.006763 0.851562 0.010923 0.854687 0.019243 0.854687 0.021323 0.856250 0.023403 0.854687 0.033804 0.854687 0.035884 0.853125 0.037964 0.853125 0.040044 0.851562 0.042124 0.851562 0.044204 0.850000 0.050444 0.850000 0.052524 0.848437 0.077485 0.848437 0.079565 0.850000 0.083726 0.850000 0.085806 0.851562 0.089966 0.851562 0.089966 0.854687 0.087886 0.856250 0.087886 0.857812 0.085806 0.859375 0.085806 0.864062 0.087886 0.865625 0.100366 0.865625 0.102446 0.864062 0.104526 0.864062 0.108687 0.860937 0.112847 0.860937 0.114927 0.859375 0.121167 0.859375 0.127407 0.854687 0.129487 0.854687 0.131567 0.853125 0.139888 0.853125 0.141968 0.851562 0.144048 0.851562 0.146128 0.850000 0.150288 0.850000 0.152368 0.848437 0.156528 0.848437 0.158608 0.846875 0.162769 0.846875 0.166929 0.843750 0.169009 0.843750 0.171089 0.842187 0.173169 0.842187 0.179409 0.837500 0.191890 0.837500 0.193970 0.835938 0.204370 0.835938 0.206450 0.834375 0.206450 0.829687 0.204370 0.828125 0.204370 0.818750 0.206450 0.817187 0.206450 0.814062 0.204370 0.812500 0.204370 0.806250 0.206450 0.804688 0.208530 0.804688 0.210610 0.803125 0.210610 0.790625 0.337495 0.790625 0.337495 0.796875 0.335415 0.798437 0.335415 0.803125 0.337495 0.804688 0.337495 0.806250 0.339575 0.807812 0.339575 0.810937 0.337495 0.812500 0.337495 0.815625 0.335415 0.817187 0.335415 0.820312 0.333335 0.821875 0.333335 0.823437 0.329175 0.826562 0.322935 0.826562 0.320855 0.828125 0.322935 0.829687 0.322935 0.832812 0.327095 0.835938 0.331255 0.835938 0.335415 0.839062 0.335415 0.840625 0.337495 0.842187 0.349976 0.842187 0.352056 0.840625 0.354136 0.840625 0.358296 0.837500 0.358296 0.835938 0.366616 0.829687 0.366616 0.828125 0.368696 0.826562 0.368696 0.823437 0.370776 0.821875 0.370776 0.818750 0.372856 0.817187 0.372856 0.815625 0.379097 0.810937 0.381177 0.810937 0.383257 0.809375 0.389497 0.809375 0.393657 0.806250 0.395737 0.806250 0.404058 0.800000 0.404058 0.798437 0.408218 0.795312 0.408218 0.790625 0.503901 0.790625 0.503901 0.795312 0.510142 0.800000 0.512222 0.800000 0.514302 0.801562 0.516382 0.801562 0.520542 0.804688 0.522622 0.804688 0.524702 0.806250 0.528862 0.806250 0.530942 0.807812 0.533022 0.807812 0.535103 0.809375 0.537183 0.809375 0.539263 0.810937 0.541343 0.810937 0.543423 0.812500 0.545503 0.812500 0.547583 0.814062 0.549663 0.814062 0.551743 0.815625 0.553823 0.815625 0.557983 0.818750 0.560064 0.818750 0.566304 0.823437 0.566304 0.825000 0.576704 0.832812 0.576704 0.834375 0.580864 0.837500 0.580864 0.839062 0.593345 0.848437 0.593345 0.850000 0.601665 0.856250 0.601665 0.857812 0.612065 0.865625 0.612065 0.867188 0.618306 0.871875 0.618306 0.873437 0.624546 0.878125 0.624546 0.879687 0.626626 0.881250 0.626626 0.882812 0.628706 0.884375 0.628706 0.885937 0.634946 0.890625 0.634946 0.892187 0.637026 0.893750 0.637026 0.895312 0.641187 0.898438 0.641187 0.900000 0.643267 0.901562 0.643267 0.903125 0.645347 0.904687 0.645347 0.907812 0.647427 0.909375 0.647427 0.910937 0.649507 0.912500 0.649507 0.914062 0.651587 0.915625 0.651587 0.917187 0.653667 0.918750 0.653667 0.920312 0.657827 0.923437 0.657827 0.925000 0.659907 0.926562 0.659907 0.929688 0.661987 0.931250 0.661987 0.932812 0.664067 0.934375 0.664067 0.937500 0.666147 0.939062 0.666147 0.942187 0.668228 0.943750 0.668228 0.946875 0.670308 0.948437 0.670308 0.950000 0.672388 0.951562 0.672388 0.957812 0.674468 0.959375 0.674468 0.960938 0.676548 0.962500 0.676548 0.965625 0.680708 0.968750 0.686948 0.968750 0.686948 0.998437 0.002603 0.998437 0.002603 0.982812 0.000522 0.981250 0.000522 0.898438 0.002603 0.896875 0.002603 0.895312 0.000522 0.893750 0.000522 0.881250 0.002603 0.879687 0.002603 0.864062 0.004683 0.862500 0.004683 0.854687 0.006763 0.853125 0.006763 0.850000
1 0.836714 0.168750 0.838794 0.168750 0.838794 0.170312 0.840874 0.171875 0.840874 0.176562 0.834634 0.176562 0.834634 0.170312 0.836714 0.168750 0.822153 0.154687 0.820073 0.154687 0.813833 0.159375 0.807593 0.159375 0.805513 0.160937 0.803433 0.159375 0.799272 0.159375 0.797192 0.157812 0.786792 0.157812 0.782632 0.160937 0.780552 0.160937 0.778472 0.162500 0.776392 0.162500 0.770151 0.167187 0.768071 0.167187 0.765991 0.168750 0.763911 0.168750 0.759751 0.171875 0.759751 0.176562 0.697349 0.176562 0.697349 0.171875 0.695269 0.170312 0.693188 0.170312 0.691108 0.168750 0.670308 0.168750 0.666147 0.171875 0.666147 0.176562 0.626626 0.176562 0.626626 0.157812 0.624546 0.156250 0.624546 0.139062 0.626626 0.137500 0.626626 0.117188 0.628706 0.115625 0.628706 0.107812 0.637026 0.101562 0.639106 0.101562 0.641187 0.100000 0.641187 0.098437 0.643267 0.096875 0.643267 0.082812 0.641187 0.081250 0.641187 0.070312 0.639106 0.068750 0.637026 0.068750 0.628706 0.062500 0.626626 0.062500 0.612065 0.051562 0.609985 0.051562 0.607905 0.050000 0.605825 0.050000 0.597505 0.043750 0.595425 0.043750 0.593345 0.042187 0.591265 0.042187 0.570464 0.026562 0.570464 0.025000 0.566304 0.021875 0.566304 0.020312 0.562144 0.017187 0.555903 0.017187 0.555903 0.000000 0.861675 0.000000 0.861675 0.093750 0.855435 0.093750 0.851274 0.096875 0.851274 0.098437 0.849194 0.100000 0.849194 0.101562 0.842954 0.106250 0.842954 0.107812 0.840874 0.109375 0.840874 0.110937 0.838794 0.112500 0.838794 0.117188 0.836714 0.118750 0.836714 0.123437 0.834634 0.125000 0.834634 0.128125 0.828394 0.132812 0.828394 0.135937 0.826313 0.137500 0.826313 0.148437 0.824233 0.150000 0.824233 0.153125 0.822153 0.154687