0 0.261050 0.509375 0.261050 0.514062 0.256890 0.517187 0.254810 0.517187 0.252729 0.518750 0.248569 0.518750 0.244409 0.521875 0.242329 0.521875 0.240249 0.523437 0.238169 0.523437 0.234009 0.526562 0.231929 0.526562 0.223608 0.532812 0.223608 0.534375 0.217368 0.539062 0.217368 0.540625 0.215288 0.542187 0.215288 0.543750 0.211128 0.546875 0.204888 0.546875 0.204888 0.589062 0.211128 0.589062 0.215288 0.592187 0.215288 0.593750 0.217368 0.595312 0.217368 0.596875 0.221528 0.600000 0.221528 0.601562 0.227769 0.606250 0.227769 0.607813 0.229849 0.609375 0.231929 0.609375 0.238169 0.614062 0.240249 0.614062 0.244409 0.617188 0.248569 0.617188 0.254810 0.621875 0.254810 0.626562 0.306812 0.626562 0.306812 0.621875 0.308892 0.620312 0.310972 0.620312 0.313052 0.618750 0.315132 0.618750 0.317212 0.617188 0.319292 0.617188 0.321372 0.615625 0.323452 0.615625 0.325532 0.614062 0.327612 0.614062 0.333853 0.609375 0.335933 0.609375 0.340093 0.606250 0.340093 0.604687 0.346333 0.600000 0.346333 0.598437 0.348413 0.596875 0.348413 0.593750 0.350493 0.592187 0.350493 0.589062 0.352573 0.587500 0.352573 0.585937 0.354653 0.584375 0.360894 0.584375 0.360894 0.553125 0.354653 0.553125 0.350493 0.550000 0.350493 0.546875 0.348413 0.545312 0.348413 0.543750 0.344253 0.540625 0.344253 0.539062 0.338013 0.534375 0.338013 0.532812 0.327612 0.525000 0.325532 0.525000 0.321372 0.521875 0.319292 0.521875 0.315132 0.518750 0.313052 0.518750 0.310972 0.517187 0.308892 0.517187 0.304731 0.514062 0.304731 0.509375
0 0.502339 0.478125 0.502339 0.482812 0.498179 0.485937 0.496099 0.485937 0.494019 0.487500 0.491938 0.487500 0.483618 0.493750 0.481538 0.493750 0.477378 0.496875 0.477378 0.498437 0.473218 0.501562 0.473218 0.503125 0.469058 0.506250 0.469058 0.507812 0.466978 0.509375 0.466978 0.510937 0.464897 0.512500 0.464897 0.514062 0.460737 0.517187 0.454497 0.517187 0.454497 0.543750 0.460737 0.543750 0.464897 0.546875 0.464897 0.551562 0.466978 0.553125 0.466978 0.554687 0.475298 0.560937 0.475298 0.562500 0.491938 0.575000 0.494019 0.575000 0.498179 0.578125 0.498179 0.582812 0.568901 0.582812 0.568901 0.578125 0.573062 0.575000 0.575142 0.575000 0.581382 0.570312 0.583462 0.570312 0.583462 0.568750 0.589702 0.564062 0.589702 0.562500 0.595942 0.557812 0.602183 0.557812 0.602183 0.507812 0.595942 0.507812 0.591782 0.504687 0.591782 0.503125 0.583462 0.496875 0.583462 0.495312 0.579302 0.492188 0.577222 0.492188 0.570981 0.487500 0.568901 0.487500 0.566821 0.485937 0.564741 0.485937 0.562661 0.484375 0.562661 0.478125
1 0.529380 0.584375 0.529380 0.589062 0.525220 0.592187 0.523140 0.592187 0.521060 0.593750 0.518979 0.593750 0.514819 0.596875 0.512739 0.596875 0.510659 0.598437 0.508579 0.598437 0.500259 0.604687 0.498179 0.604687 0.494019 0.607813 0.494019 0.609375 0.485698 0.615625 0.485698 0.617188 0.483618 0.618750 0.483618 0.620312 0.481538 0.621875 0.481538 0.623438 0.479458 0.625000 0.471138 0.625000 0.471138 0.671875 0.479458 0.671875 0.483618 0.675000 0.483618 0.676562 0.491938 0.682812 0.494019 0.682812 0.498179 0.685937 0.500259 0.685937 0.502339 0.687500 0.504419 0.687500 0.506499 0.689062 0.506499 0.695312 0.587622 0.695312 0.587622 0.690625 0.591782 0.687500 0.595942 0.687500 0.598022 0.685937 0.600103 0.685937 0.602183 0.684375 0.604263 0.684375 0.606343 0.682812 0.608423 0.682812 0.618823 0.675000 0.618823 0.673437 0.622983 0.670312 0.622983 0.668750 0.625063 0.667187 0.625063 0.665625 0.629224 0.662500 0.635464 0.662500 0.635464 0.623438 0.629224 0.623438 0.620903 0.617188 0.620903 0.615625 0.616743 0.612500 0.616743 0.610937 0.600103 0.598437 0.598022 0.598437 0.591782 0.593750 0.589702 0.593750 0.583462 0.589062 0.583462 0.584375
1 0.346333 0.421875 0.346333 0.426562 0.342173 0.429688 0.340093 0.429688 0.338013 0.431250 0.333853 0.431250 0.329692 0.434375 0.327612 0.434375 0.323452 0.437500 0.321372 0.437500 0.319292 0.439062 0.317212 0.439062 0.308892 0.445312 0.308892 0.446875 0.302651 0.451562 0.302651 0.453125 0.300571 0.454687 0.300571 0.456250 0.298491 0.457812 0.298491 0.459375 0.294331 0.462500 0.288091 0.462500 0.288091 0.496875 0.294331 0.496875 0.300571 0.501562 0.300571 0.503125 0.302651 0.504687 0.302651 0.506250 0.315132 0.515625 0.317212 0.515625 0.321372 0.518750 0.323452 0.518750 0.325532 0.520312 0.327612 0.520312 0.333853 0.525000 0.335933 0.525000 0.340093 0.528125 0.340093 0.532812 0.392095 0.532812 0.392095 0.528125 0.396255 0.525000 0.398335 0.525000 0.402495 0.521875 0.404575 0.521875 0.417056 0.512500 0.417056 0.510937 0.421216 0.507812 0.421216 0.506250 0.423296 0.504687 0.423296 0.503125 0.425376 0.501562 0.425376 0.498437 0.429536 0.495312 0.435776 0.495312 0.435776 0.464062 0.429536 0.464062 0.425376 0.460938 0.425376 0.459375 0.423296 0.457812 0.423296 0.456250 0.421216 0.454687 0.421216 0.453125 0.417056 0.450000 0.417056 0.448437 0.412896 0.445312 0.412896 0.443750 0.402495 0.435937 0.400415 0.435937 0.396255 0.432812 0.394175 0.432812 0.392095 0.431250 0.387935 0.431250 0.385854 0.429688 0.383774 0.429688 0.379614 0.426562 0.379614 0.421875
0 0.340093 0.290625 0.340093 0.295312 0.335933 0.298437 0.333853 0.298437 0.331772 0.300000 0.327612 0.300000 0.321372 0.304688 0.319292 0.304688 0.306812 0.314062 0.306812 0.315625 0.300571 0.320312 0.300571 0.321875 0.298491 0.323437 0.298491 0.325000 0.294331 0.328125 0.288091 0.328125 0.288091 0.364062 0.294331 0.364062 0.298491 0.367188 0.298491 0.368750 0.300571 0.370312 0.300571 0.371875 0.323452 0.389062 0.325532 0.389062 0.329692 0.392187 0.331772 0.392187 0.333853 0.393750 0.338013 0.393750 0.342173 0.396875 0.342173 0.401562 0.383774 0.401562 0.383774 0.396875 0.387935 0.393750 0.390015 0.393750 0.392095 0.392187 0.394175 0.392187 0.396255 0.390625 0.398335 0.390625 0.400415 0.389062 0.402495 0.389062 0.408735 0.384375 0.410815 0.384375 0.412896 0.382812 0.412896 0.381250 0.423296 0.373437 0.423296 0.371875 0.425376 0.370312 0.425376 0.368750 0.429536 0.365625 0.435776 0.365625 0.435776 0.326562 0.429536 0.326562 0.423296 0.321875 0.423296 0.320312 0.421216 0.318750 0.421216 0.317187 0.414976 0.312500 0.414976 0.310937 0.404575 0.303125 0.402495 0.303125 0.398335 0.300000 0.396255 0.300000 0.394175 0.298437 0.392095 0.298437 0.387935 0.295312 0.387935 0.290625
1 0.916274 0.845312 0.914194 0.845312 0.912114 0.843750 0.903794 0.843750 0.903794 0.857812 0.918354 0.857812 0.918354 0.850000 0.916274 0.848437 0.916274 0.845312 0.937075 0.825000 0.949556 0.834375 0.951636 0.834375 0.957876 0.839062 0.959956 0.839062 0.964116 0.842187 0.966196 0.842187 0.968276 0.843750 0.970356 0.843750 0.974517 0.846875 0.978677 0.846875 0.980757 0.848437 0.982837 0.848437 0.984917 0.850000 0.989077 0.850000 0.993237 0.853125 0.993237 0.857812 1.000000 0.857812 1.000000 0.678125 0.964116 0.678125 0.964116 0.684375 0.962036 0.685937 0.959956 0.685937 0.957876 0.687500 0.955796 0.687500 0.947476 0.693750 0.945395 0.693750 0.928755 0.706250 0.928755 0.707812 0.922515 0.712500 0.922515 0.714062 0.918354 0.717187 0.918354 0.718750 0.916274 0.720312 0.916274 0.721875 0.914194 0.723437 0.914194 0.726562 0.910034 0.729687 0.903794 0.729687 0.903794 0.787500 0.910034 0.787500 0.912114 0.789062 0.912114 0.790625 0.914194 0.792187 0.914194 0.793750 0.916274 0.795312 0.916274 0.796875 0.918354 0.798437 0.918354 0.800000 0.920435 0.801562 0.920435 0.803125 0.922515 0.804688 0.922515 0.806250 0.924595 0.807812 0.924595 0.809375 0.926675 0.810937 0.926675 0.812500 0.928755 0.814062 0.928755 0.815625 0.932915 0.818750 0.932915 0.820312 0.937075 0.823437 0.937075 0.825000
2 0.402495 0.540625 0.402495 0.545312 0.398335 0.548437 0.396255 0.548437 0.394175 0.550000 0.392095 0.550000 0.390015 0.551562 0.387935 0.551562 0.377534 0.559375 0.377534 0.560937 0.371294 0.565625 0.371294 0.567187 0.367134 0.570312 0.367134 0.576562 0.365054 0.578125 0.365054 0.582812 0.362974 0.584375 0.362974 0.589062 0.360894 0.590625 0.354653 0.590625 0.354653 0.628125 0.360894 0.628125 0.369214 0.634375 0.369214 0.635937 0.377534 0.642187 0.379614 0.642187 0.385854 0.646875 0.387935 0.646875 0.390015 0.648438 0.394175 0.648438 0.396255 0.650000 0.398335 0.650000 0.402495 0.653125 0.402495 0.657812 0.446177 0.657812 0.446177 0.653125 0.450337 0.650000 0.452417 0.650000 0.456577 0.646875 0.458657 0.646875 0.466978 0.640625 0.466978 0.639062 0.471138 0.635937 0.471138 0.634375 0.473218 0.632812 0.473218 0.631250 0.475298 0.629687 0.475298 0.628125 0.477378 0.626562 0.477378 0.625000 0.479458 0.623438 0.479458 0.621875 0.481538 0.620312 0.481538 0.618750 0.483618 0.617188 0.483618 0.615625 0.487778 0.612500 0.494019 0.612500 0.494019 0.575000 0.485698 0.575000 0.483618 0.573437 0.483618 0.571875 0.471138 0.562500 0.471138 0.560937 0.456577 0.550000 0.454497 0.550000 0.452417 0.548437 0.450337 0.548437 0.448257 0.546875 0.448257 0.540625
2 0.658345 0.934375 0.658345 0.939062 0.654185 0.942187 0.652104 0.942187 0.647944 0.945312 0.647944 0.946875 0.645864 0.948437 0.643784 0.948437 0.639624 0.951562 0.639624 0.953125 0.633384 0.957812 0.633384 0.959375 0.631304 0.960938 0.631304 0.964062 0.627144 0.967187 0.620903 0.967187 0.620903 0.998437 0.810190 0.998437 0.810190 0.996875 0.808110 0.995312 0.808110 0.993750 0.806030 0.992188 0.806030 0.990625 0.803950 0.989062 0.803950 0.987500 0.797710 0.982812 0.797710 0.981250 0.793550 0.978125 0.793550 0.976562 0.789390 0.973437 0.789390 0.971875 0.781069 0.965625 0.781069 0.964062 0.778989 0.962500 0.776909 0.962500 0.768589 0.956250 0.766509 0.956250 0.760269 0.951562 0.758188 0.951562 0.756108 0.950000 0.754028 0.950000 0.751948 0.948437 0.749868 0.948437 0.745708 0.945312 0.743628 0.945312 0.741548 0.943750 0.737388 0.943750 0.735308 0.942187 0.733227 0.942187 0.729067 0.939062 0.729067 0.934375
1 0.604263 0.371875 0.604263 0.378125 0.602183 0.379687 0.600103 0.379687 0.598022 0.381250 0.595942 0.381250 0.583462 0.390625 0.583462 0.392187 0.577222 0.396875 0.577222 0.398438 0.575142 0.400000 0.575142 0.401562 0.573062 0.403125 0.573062 0.404687 0.568901 0.407812 0.562661 0.407812 0.562661 0.442187 0.568901 0.442187 0.573062 0.445312 0.573062 0.446875 0.579302 0.451562 0.579302 0.453125 0.589702 0.460938 0.591782 0.460938 0.598022 0.465625 0.600103 0.465625 0.602183 0.467187 0.604263 0.467187 0.610503 0.471875 0.610503 0.476562 0.666665 0.476562 0.666665 0.470312 0.668745 0.468750 0.670825 0.468750 0.672905 0.467187 0.674985 0.467187 0.677065 0.465625 0.679145 0.465625 0.683306 0.462500 0.685386 0.462500 0.689546 0.459375 0.689546 0.457812 0.697866 0.451562 0.697866 0.448437 0.699946 0.446875 0.699946 0.445312 0.704106 0.442187 0.710347 0.442187 0.710347 0.403125 0.704106 0.403125 0.699946 0.400000 0.699946 0.398438 0.697866 0.396875 0.697866 0.395312 0.689546 0.389062 0.689546 0.387500 0.681226 0.381250 0.679145 0.381250 0.672905 0.376562 0.672905 0.371875
2 0.656265 0.534375 0.656265 0.539062 0.652104 0.542187 0.650024 0.542187 0.645864 0.545312 0.643784 0.545312 0.637544 0.550000 0.635464 0.550000 0.627144 0.556250 0.627144 0.557812 0.622983 0.560937 0.622983 0.562500 0.620903 0.564062 0.620903 0.565625 0.618823 0.567187 0.612583 0.567187 0.612583 0.607813 0.618823 0.607813 0.622983 0.610937 0.622983 0.612500 0.629224 0.617188 0.629224 0.618750 0.637544 0.625000 0.637544 0.626562 0.650024 0.635937 0.652104 0.635937 0.658345 0.640625 0.658345 0.645312 0.712427 0.645312 0.712427 0.640625 0.716587 0.637500 0.718667 0.637500 0.722827 0.634375 0.724907 0.634375 0.726987 0.632812 0.729067 0.632812 0.741548 0.623438 0.741548 0.621875 0.745708 0.618750 0.745708 0.617188 0.747788 0.615625 0.747788 0.612500 0.749868 0.610937 0.749868 0.609375 0.751948 0.607813 0.751948 0.606250 0.754028 0.604687 0.760269 0.604687 0.760269 0.578125 0.754028 0.578125 0.751948 0.576562 0.751948 0.575000 0.749868 0.573437 0.749868 0.570312 0.747788 0.568750 0.747788 0.565625 0.743628 0.562500 0.743628 0.560937 0.739468 0.557812 0.739468 0.556250 0.729067 0.548437 0.726987 0.548437 0.720747 0.543750 0.718667 0.543750 0.712427 0.539062 0.712427 0.534375
2 0.485698 0.371875 0.485698 0.376562 0.481538 0.379687 0.479458 0.379687 0.477378 0.381250 0.475298 0.381250 0.473218 0.382812 0.471138 0.382812 0.466978 0.385937 0.464897 0.385937 0.460737 0.389062 0.458657 0.389062 0.450337 0.395312 0.450337 0.396875 0.442017 0.403125 0.442017 0.404687 0.435776 0.409375 0.429536 0.409375 0.429536 0.440625 0.435776 0.440625 0.439936 0.443750 0.439936 0.445312 0.442017 0.446875 0.442017 0.448437 0.448257 0.453125 0.448257 0.454687 0.458657 0.462500 0.460737 0.462500 0.469058 0.468750 0.471138 0.468750 0.475298 0.471875 0.475298 0.476562 0.539780 0.476562 0.539780 0.471875 0.546021 0.467187 0.548101 0.467187 0.550181 0.465625 0.552261 0.465625 0.556421 0.462500 0.556421 0.460938 0.562661 0.456250 0.568901 0.456250 0.568901 0.406250 0.562661 0.406250 0.558501 0.403125 0.558501 0.400000 0.556421 0.398438 0.556421 0.396875 0.552261 0.393750 0.552261 0.392187 0.546021 0.387500 0.543940 0.387500 0.537700 0.382812 0.535620 0.382812 0.533540 0.381250 0.531460 0.381250 0.529380 0.379687 0.527300 0.379687 0.523140 0.376562 0.523140 0.371875
1 0.215288 0.965625 0.215288 0.970312 0.209048 0.975000 0.206968 0.975000 0.184087 0.992188 0.182007 0.992188 0.179927 0.993750 0.171606 0.993750 0.171606 0.998437 0.302651 0.998437 0.302651 0.996875 0.296411 0.996875 0.292251 0.993750 0.292251 0.990625 0.290171 0.989062 0.290171 0.987500 0.286011 0.984375 0.286011 0.982812 0.281851 0.979687 0.281851 0.978125 0.273530 0.971875 0.273530 0.965625
1 0.872593 0.784375 0.872593 0.789062 0.868433 0.792187 0.868433 0.793750 0.866352 0.795312 0.866352 0.796875 0.864272 0.798437 0.864272 0.801562 0.862192 0.803125 0.862192 0.804688 0.860112 0.806250 0.860112 0.807812 0.858032 0.809375 0.858032 0.812500 0.855952 0.814062 0.855952 0.817187 0.851792 0.820312 0.845552 0.820312 0.845552 0.845312 0.853872 0.845312 0.855952 0.846875 0.855952 0.848437 0.868433 0.857812 0.868433 0.864062 0.905874 0.864062 0.905874 0.859375 0.910034 0.856250 0.912114 0.856250 0.916274 0.853125 0.918354 0.853125 0.928755 0.845312 0.934995 0.845312 0.934995 0.815625 0.928755 0.815625 0.924595 0.812500 0.924595 0.810937 0.922515 0.809375 0.922515 0.807812 0.920435 0.806250 0.920435 0.803125 0.918354 0.801562 0.918354 0.798437 0.916274 0.796875 0.914194 0.796875 0.910034 0.793750 0.910034 0.792187 0.907954 0.790625 0.907954 0.784375
1 0.822671 0.665625 0.822671 0.670312 0.820591 0.671875 0.814351 0.671875 0.812270 0.673437 0.806030 0.673437 0.803950 0.675000 0.801870 0.675000 0.795630 0.679688 0.793550 0.679688 0.766509 0.700000 0.766509 0.701562 0.764429 0.703125 0.764429 0.704687 0.760269 0.707812 0.754028 0.707812 0.754028 0.765625 0.760269 0.765625 0.766509 0.770312 0.766509 0.771875 0.768589 0.773438 0.768589 0.775000 0.770669 0.776562 0.770669 0.778125 0.774829 0.781250 0.774829 0.782812 0.776909 0.784375 0.776909 0.789062 0.824751 0.789062 0.824751 0.784375 0.826831 0.782812 0.830991 0.782812 0.833071 0.781250 0.847632 0.781250 0.849712 0.779687 0.864272 0.779687 0.866352 0.778125 0.870513 0.778125 0.872593 0.776562 0.872593 0.773438 0.874673 0.771875 0.874673 0.756250 0.872593 0.754687 0.872593 0.751562 0.874673 0.750000 0.874673 0.745312 0.876753 0.743750 0.876753 0.737500 0.874673 0.735937 0.874673 0.720312 0.876753 0.718750 0.876753 0.701562 0.874673 0.700000 0.874673 0.689062 0.876753 0.687500 0.876753 0.678125 0.874673 0.676562 0.874673 0.675000 0.870513 0.671875 0.870513 0.665625
2 0.032241 0.840625 0.032241 0.845312 0.028081 0.848437 0.026001 0.848437 0.021841 0.851562 0.019761 0.851562 0.017681 0.853125 0.015601 0.853125 0.013521 0.854687 0.011440 0.854687 0.009360 0.856250 0.007280 0.856250 0.005200 0.857812 0.000000 0.857812 0.000000 0.998437 0.144565 0.998437 0.144565 0.942187 0.138325 0.942187 0.134165 0.939062 0.134165 0.935937 0.132085 0.934375 0.132085 0.925000 0.130005 0.923437 0.130005 0.914062 0.127925 0.912500 0.127925 0.904687 0.125845 0.903125 0.125845 0.892187 0.123765 0.890625 0.123765 0.867188 0.121685 0.865625 0.121685 0.860937 0.119604 0.859375 0.119604 0.857812 0.117524 0.856250 0.117524 0.854687 0.113364 0.851562 0.113364 0.850000 0.111284 0.850000 0.105044 0.845312 0.105044 0.840625