0 0.300571 0.496875 0.300571 0.501562 0.296411 0.504687 0.292251 0.504687 0.290171 0.506250 0.288091 0.506250 0.286011 0.507812 0.283931 0.507812 0.279770 0.510937 0.277690 0.510937 0.275610 0.512500 0.273530 0.512500 0.265210 0.518750 0.263130 0.518750 0.258970 0.521875 0.258970 0.523437 0.252729 0.528125 0.246489 0.528125 0.246489 0.584375 0.254810 0.584375 0.256890 0.585937 0.256890 0.587500 0.267290 0.595312 0.267290 0.596875 0.269370 0.596875 0.275610 0.601562 0.277690 0.601562 0.281851 0.604687 0.286011 0.604687 0.288091 0.606250 0.290171 0.606250 0.294331 0.609375 0.294331 0.614062 0.340093 0.614062 0.340093 0.609375 0.344253 0.606250 0.346333 0.606250 0.348413 0.604687 0.352573 0.604687 0.356733 0.601562 0.358813 0.601562 0.365054 0.596875 0.367134 0.596875 0.371294 0.593750 0.371294 0.592187 0.379614 0.585937 0.379614 0.584375 0.381694 0.582812 0.381694 0.581250 0.383774 0.579687 0.383774 0.578125 0.387935 0.575000 0.394175 0.575000 0.394175 0.532812 0.387935 0.532812 0.381694 0.528125 0.381694 0.526562 0.360894 0.510937 0.358813 0.510937 0.354653 0.507812 0.352573 0.507812 0.350493 0.506250 0.348413 0.506250 0.346333 0.504687 0.344253 0.504687 0.342173 0.503125 0.340093 0.503125 0.338013 0.501562 0.338013 0.496875
0 0.381694 0.315625 0.381694 0.320312 0.377534 0.323437 0.375454 0.323437 0.373374 0.325000 0.371294 0.325000 0.360894 0.332812 0.360894 0.334375 0.356733 0.337500 0.356733 0.339062 0.352573 0.342187 0.346333 0.342187 0.346333 0.376562 0.352573 0.376562 0.356733 0.379687 0.356733 0.381250 0.358813 0.382812 0.358813 0.384375 0.371294 0.393750 0.371294 0.395312 0.373374 0.395312 0.377534 0.398438 0.379614 0.398438 0.381694 0.400000 0.383774 0.400000 0.387935 0.403125 0.387935 0.407812 0.427456 0.407812 0.427456 0.403125 0.431616 0.400000 0.433696 0.400000 0.435776 0.398438 0.437856 0.398438 0.442017 0.395312 0.444097 0.395312 0.450337 0.390625 0.450337 0.389062 0.454497 0.385937 0.454497 0.384375 0.456577 0.382812 0.456577 0.381250 0.458657 0.379687 0.458657 0.378125 0.462817 0.375000 0.469058 0.375000 0.469058 0.348437 0.462817 0.348437 0.458657 0.345312 0.458657 0.343750 0.456577 0.342187 0.456577 0.340625 0.454497 0.339062 0.454497 0.337500 0.448257 0.332812 0.448257 0.331250 0.446177 0.329687 0.444097 0.329687 0.435776 0.323437 0.433696 0.323437 0.429536 0.320312 0.429536 0.315625
0 0.525220 0.478125 0.525220 0.482812 0.521060 0.485937 0.518979 0.485937 0.510659 0.492188 0.508579 0.492188 0.504419 0.495312 0.504419 0.496875 0.500259 0.500000 0.500259 0.501562 0.498179 0.503125 0.498179 0.504687 0.494019 0.507812 0.487778 0.507812 0.487778 0.535937 0.494019 0.535937 0.498179 0.539062 0.498179 0.540625 0.506499 0.546875 0.506499 0.548437 0.508579 0.550000 0.508579 0.551562 0.510659 0.553125 0.510659 0.556250 0.514819 0.559375 0.514819 0.560937 0.516899 0.560937 0.521060 0.564062 0.523140 0.564062 0.525220 0.565625 0.525220 0.570312 0.579302 0.570312 0.579302 0.565625 0.583462 0.562500 0.585542 0.562500 0.587622 0.560937 0.589702 0.560937 0.604263 0.550000 0.610503 0.550000 0.610503 0.500000 0.604263 0.500000 0.585542 0.485937 0.583462 0.485937 0.579302 0.482812 0.579302 0.478125
1 0.939155 0.646875 0.939155 0.651562 0.934995 0.654687 0.932915 0.654687 0.928755 0.657812 0.926675 0.657812 0.922515 0.660937 0.920435 0.660937 0.916274 0.664062 0.914194 0.664062 0.905874 0.670312 0.905874 0.671875 0.899634 0.676562 0.899634 0.678125 0.897554 0.679688 0.897554 0.682812 0.893394 0.685937 0.887153 0.685937 0.887153 0.753125 0.893394 0.753125 0.895474 0.754687 0.895474 0.756250 0.897554 0.757812 0.897554 0.760937 0.899634 0.762500 0.899634 0.764062 0.901714 0.765625 0.901714 0.767187 0.903794 0.768750 0.903794 0.770312 0.905874 0.771875 0.905874 0.773438 0.912114 0.778125 0.912114 0.779687 0.924595 0.789062 0.926675 0.789062 0.928755 0.790625 0.930835 0.790625 0.937075 0.795312 0.939155 0.795312 0.941235 0.796875 0.943315 0.796875 0.945395 0.798437 0.947476 0.798437 0.951636 0.801562 0.953716 0.801562 0.955796 0.803125 0.957876 0.803125 0.959956 0.804688 0.966196 0.804688 0.968276 0.806250 0.970356 0.806250 0.972437 0.807812 0.974517 0.807812 0.976597 0.809375 0.976597 0.814062 1.000000 0.814062 1.000000 0.646875
1 0.529380 0.571875 0.529380 0.576562 0.525220 0.579687 0.523140 0.579687 0.514819 0.585937 0.512739 0.585937 0.510659 0.587500 0.510659 0.589062 0.504419 0.593750 0.504419 0.595312 0.500259 0.598437 0.500259 0.600000 0.494019 0.604687 0.487778 0.604687 0.487778 0.654687 0.494019 0.654687 0.502339 0.660937 0.502339 0.662500 0.516899 0.673437 0.518979 0.673437 0.523140 0.676562 0.523140 0.682812 0.593862 0.682812 0.593862 0.676562 0.595942 0.675000 0.595942 0.673437 0.600103 0.670312 0.602183 0.670312 0.604263 0.668750 0.604263 0.667187 0.620903 0.654687 0.620903 0.653125 0.629224 0.646875 0.635464 0.646875 0.635464 0.604687 0.629224 0.604687 0.625063 0.601562 0.625063 0.600000 0.622983 0.598437 0.622983 0.596875 0.616743 0.592187 0.616743 0.590625 0.602183 0.579687 0.600103 0.579687 0.598022 0.578125 0.598022 0.571875
2 0.656265 0.903125 0.656265 0.907812 0.650024 0.912500 0.647944 0.912500 0.633384 0.923437 0.633384 0.925000 0.631304 0.926562 0.631304 0.928125 0.629224 0.929688 0.629224 0.931250 0.625063 0.934375 0.625063 0.937500 0.622983 0.939062 0.622983 0.943750 0.620903 0.945312 0.620903 0.946875 0.618823 0.948437 0.618823 0.951562 0.616743 0.953125 0.616743 0.956250 0.614663 0.957812 0.614663 0.960938 0.612583 0.962500 0.612583 0.964062 0.610503 0.965625 0.604263 0.965625 0.604263 0.998437 0.868433 0.998437 0.868433 0.995312 0.862192 0.995312 0.860112 0.993750 0.858032 0.993750 0.851792 0.989062 0.849712 0.989062 0.847632 0.987500 0.845552 0.987500 0.841392 0.984375 0.839311 0.984375 0.837231 0.982812 0.833071 0.982812 0.830991 0.981250 0.828911 0.981250 0.820591 0.975000 0.818511 0.975000 0.814351 0.971875 0.814351 0.970312 0.806030 0.964062 0.806030 0.962500 0.799790 0.957812 0.799790 0.956250 0.795630 0.953125 0.795630 0.951562 0.789390 0.946875 0.789390 0.945312 0.783149 0.940625 0.783149 0.939062 0.774829 0.932812 0.774829 0.931250 0.760269 0.920312 0.758188 0.920312 0.754028 0.917187 0.751948 0.917187 0.749868 0.915625 0.747788 0.915625 0.745708 0.914062 0.743628 0.914062 0.741548 0.912500 0.737388 0.912500 0.735308 0.910937 0.731147 0.910937 0.726987 0.907812 0.726987 0.903125
2 0.502339 0.384375 0.502339 0.389062 0.498179 0.392187 0.496099 0.392187 0.491938 0.395312 0.489858 0.395312 0.475298 0.406250 0.475298 0.407812 0.469058 0.412500 0.462817 0.412500 0.462817 0.443750 0.469058 0.443750 0.473218 0.446875 0.473218 0.448437 0.475298 0.450000 0.475298 0.451562 0.479458 0.454687 0.479458 0.456250 0.483618 0.459375 0.483618 0.460938 0.485698 0.460938 0.489858 0.464062 0.489858 0.470312 0.562661 0.470312 0.562661 0.464062 0.575142 0.454687 0.575142 0.451562 0.583462 0.445312 0.583462 0.443750 0.585542 0.442187 0.585542 0.440625 0.587622 0.439062 0.593862 0.439062 0.593862 0.415625 0.587622 0.415625 0.583462 0.412500 0.583462 0.410937 0.581382 0.409375 0.581382 0.407812 0.575142 0.403125 0.575142 0.401562 0.564741 0.393750 0.562661 0.393750 0.556421 0.389062 0.556421 0.384375
2 0.664585 0.521875 0.664585 0.526562 0.660425 0.529687 0.658345 0.529687 0.654185 0.532812 0.652104 0.532812 0.645864 0.537500 0.643784 0.537500 0.639624 0.540625 0.639624 0.542187 0.633384 0.546875 0.633384 0.548437 0.631304 0.550000 0.631304 0.551562 0.627144 0.554687 0.620903 0.554687 0.620903 0.595312 0.627144 0.595312 0.631304 0.598437 0.631304 0.600000 0.654185 0.617188 0.656265 0.617188 0.658345 0.618750 0.660425 0.618750 0.664585 0.621875 0.664585 0.626562 0.712427 0.626562 0.712427 0.621875 0.716587 0.618750 0.718667 0.618750 0.722827 0.615625 0.724907 0.615625 0.737388 0.606250 0.737388 0.604687 0.741548 0.601562 0.741548 0.600000 0.745708 0.596875 0.751948 0.596875 0.751948 0.560937 0.745708 0.560937 0.741548 0.557812 0.741548 0.556250 0.739468 0.554687 0.739468 0.553125 0.737388 0.551562 0.737388 0.550000 0.731147 0.545312 0.731147 0.543750 0.720747 0.535937 0.718667 0.535937 0.712427 0.531250 0.710347 0.531250 0.708267 0.529687 0.706186 0.529687 0.702026 0.526562 0.702026 0.521875
1 0.385854 0.428125 0.385854 0.432812 0.381694 0.435937 0.377534 0.435937 0.375454 0.437500 0.373374 0.437500 0.369214 0.440625 0.367134 0.440625 0.362974 0.443750 0.360894 0.443750 0.354653 0.448437 0.354653 0.450000 0.350493 0.453125 0.350493 0.456250 0.346333 0.459375 0.346333 0.462500 0.344253 0.464062 0.338013 0.464062 0.338013 0.465625 0.344253 0.465625 0.348413 0.468750 0.348413 0.470312 0.350493 0.471875 0.350493 0.481250 0.348413 0.482812 0.348413 0.493750 0.350493 0.495312 0.350493 0.496875 0.369214 0.510937 0.371294 0.510937 0.373374 0.512500 0.377534 0.512500 0.379614 0.514062 0.381694 0.514062 0.383774 0.515625 0.383774 0.520312 0.423296 0.520312 0.423296 0.515625 0.427456 0.512500 0.429536 0.512500 0.431616 0.510937 0.433696 0.510937 0.437856 0.507812 0.439936 0.507812 0.450337 0.500000 0.450337 0.498437 0.454497 0.495312 0.460737 0.495312 0.460737 0.456250 0.454497 0.456250 0.450337 0.453125 0.450337 0.451562 0.437856 0.442187 0.435776 0.442187 0.431616 0.439062 0.429536 0.439062 0.427456 0.437500 0.425376 0.437500 0.423296 0.435937 0.421216 0.435937 0.419136 0.434375 0.417056 0.434375 0.414976 0.432812 0.414976 0.428125
1 0.639624 0.384375 0.639624 0.389062 0.635464 0.392187 0.631304 0.392187 0.629224 0.393750 0.627144 0.393750 0.625063 0.395312 0.622983 0.395312 0.616743 0.400000 0.614663 0.400000 0.606343 0.406250 0.606343 0.407812 0.602183 0.410937 0.602183 0.412500 0.598022 0.415625 0.598022 0.418750 0.593862 0.421875 0.587622 0.421875 0.587622 0.442187 0.593862 0.442187 0.598022 0.445312 0.598022 0.448437 0.600103 0.450000 0.600103 0.454687 0.602183 0.456250 0.602183 0.457812 0.606343 0.460938 0.606343 0.462500 0.610503 0.465625 0.612583 0.465625 0.614663 0.467187 0.616743 0.467187 0.618823 0.468750 0.620903 0.468750 0.625063 0.471875 0.625063 0.476562 0.666665 0.476562 0.666665 0.471875 0.670825 0.468750 0.677065 0.468750 0.679145 0.467187 0.683306 0.467187 0.685386 0.465625 0.687466 0.465625 0.697866 0.457812 0.697866 0.456250 0.704106 0.451562 0.710347 0.451562 0.710347 0.414062 0.704106 0.414062 0.697866 0.409375 0.697866 0.407812 0.687466 0.400000 0.685386 0.400000 0.679145 0.395312 0.677065 0.395312 0.674985 0.393750 0.672905 0.393750 0.670825 0.392187 0.666665 0.392187 0.662505 0.389062 0.662505 0.384375
1 0.508579 0.878125 0.508579 0.882812 0.504419 0.885937 0.502339 0.885937 0.500259 0.887500 0.498179 0.887500 0.494019 0.890625 0.491938 0.890625 0.487778 0.893750 0.485698 0.893750 0.481538 0.896875 0.479458 0.896875 0.477378 0.898438 0.475298 0.898438 0.471138 0.901562 0.469058 0.901562 0.466978 0.903125 0.464897 0.903125 0.462817 0.904687 0.458657 0.904687 0.456577 0.906250 0.450337 0.906250 0.448257 0.907812 0.446177 0.907812 0.444097 0.909375 0.442017 0.909375 0.439936 0.910937 0.437856 0.910937 0.435776 0.912500 0.431616 0.912500 0.429536 0.914062 0.427456 0.914062 0.425376 0.915625 0.423296 0.915625 0.421216 0.917187 0.417056 0.917187 0.414976 0.918750 0.412896 0.918750 0.404575 0.925000 0.402495 0.925000 0.402495 0.926562 0.385854 0.939062 0.379614 0.939062 0.379614 0.998437 0.635464 0.998437 0.635464 0.931250 0.627144 0.931250 0.625063 0.932812 0.625063 0.935937 0.622983 0.937500 0.622983 0.940625 0.618823 0.943750 0.616743 0.943750 0.614663 0.942187 0.612583 0.942187 0.610503 0.940625 0.610503 0.931250 0.608423 0.929688 0.608423 0.928125 0.606343 0.926562 0.606343 0.925000 0.604263 0.923437 0.604263 0.921875 0.600103 0.918750 0.600103 0.917187 0.598022 0.915625 0.600103 0.914062 0.600103 0.912500 0.604263 0.909375 0.604263 0.907812 0.600103 0.904687 0.600103 0.903125 0.598022 0.901562 0.595942 0.901562 0.589702 0.896875 0.587622 0.896875 0.585542 0.895312 0.583462 0.895312 0.581382 0.893750 0.579302 0.893750 0.577222 0.892187 0.575142 0.892187 0.570981 0.889062 0.566821 0.889062 0.564741 0.887500 0.560581 0.887500 0.558501 0.885937 0.554341 0.885937 0.552261 0.884375 0.550181 0.884375 0.548101 0.882812 0.548101 0.878125
2 0.402495 0.562500 0.402495 0.579687 0.400415 0.581250 0.400415 0.585937 0.398335 0.587500 0.398335 0.590625 0.400415 0.592187 0.400415 0.593750 0.402495 0.595312 0.402495 0.603125 0.400415 0.604687 0.398335 0.604687 0.396255 0.606250 0.394175 0.606250 0.392095 0.607813 0.392095 0.610937 0.394175 0.612500 0.394175 0.615625 0.404575 0.623438 0.406655 0.623438 0.412896 0.628125 0.412896 0.632812 0.471138 0.632812 0.471138 0.628125 0.477378 0.623438 0.481538 0.623438 0.487778 0.618750 0.487778 0.617188 0.489858 0.615625 0.489858 0.614062 0.491938 0.612500 0.491938 0.610937 0.496099 0.607813 0.498179 0.609375 0.500259 0.609375 0.502339 0.610937 0.502339 0.612500 0.504419 0.614062 0.510659 0.614062 0.510659 0.590625 0.502339 0.590625 0.496099 0.585937 0.496099 0.581250 0.500259 0.578125 0.500259 0.568750 0.502339 0.567187 0.502339 0.550000 0.500259 0.548437 0.500259 0.545312 0.498179 0.545312 0.489858 0.539062 0.489858 0.534375 0.437856 0.534375 0.437856 0.539062 0.431616 0.543750 0.429536 0.543750 0.423296 0.548437 0.421216 0.548437 0.417056 0.551562 0.414976 0.551562 0.414976 0.553125 0.410815 0.556250 0.408735 0.556250 0.404575 0.559375 0.404575 0.560937 0.402495 0.562500 0.392095 0.567187 0.392095 0.551562 0.390015 0.550000 0.390015 0.542187 0.387935 0.540625 0.387935 0.534375 0.379614 0.534375 0.379614 0.575000 0.387935 0.575000 0.387935 0.573437 0.390015 0.571875 0.390015 0.568750 0.392095 0.567187
1 0.258970 0.965625 0.258970 0.970312 0.252729 0.975000 0.246489 0.975000 0.246489 0.998437 0.406655 0.998437 0.406655 0.995312 0.404575 0.993750 0.402495 0.993750 0.387935 0.982812 0.385854 0.982812 0.381694 0.979687 0.379614 0.979687 0.377534 0.978125 0.375454 0.978125 0.373374 0.976562 0.371294 0.976562 0.369214 0.975000 0.365054 0.975000 0.362974 0.973437 0.360894 0.973437 0.358813 0.971875 0.356733 0.971875 0.354653 0.970312 0.354653 0.965625
1 0.000000 0.565625 0.000000 0.701562 0.015601 0.701562 0.015601 0.696875 0.021841 0.692187 0.023921 0.692187 0.030161 0.687500 0.034321 0.687500 0.036401 0.685937 0.040562 0.685937 0.042642 0.684375 0.053042 0.684375 0.053042 0.642187 0.046802 0.642187 0.044722 0.640625 0.044722 0.626562 0.046802 0.625000 0.053042 0.625000 0.053042 0.596875 0.046802 0.596875 0.042642 0.593750 0.042642 0.590625 0.040562 0.589062 0.040562 0.587500 0.038481 0.585937 0.038481 0.584375 0.026001 0.575000 0.023921 0.575000 0.017681 0.570312 0.017681 0.565625