0 0.412896 0.603125 0.412896 0.609375 0.410815 0.610937 0.408735 0.610937 0.402495 0.615625 0.400415 0.615625 0.387935 0.625000 0.385854 0.625000 0.381694 0.628125 0.381694 0.629687 0.375454 0.634375 0.375454 0.635937 0.373374 0.637500 0.373374 0.639062 0.371294 0.640625 0.371294 0.642187 0.369214 0.643750 0.362974 0.643750 0.362974 0.671875 0.369214 0.671875 0.373374 0.675000 0.373374 0.676562 0.377534 0.679688 0.377534 0.681250 0.379614 0.682812 0.379614 0.684375 0.381694 0.685937 0.381694 0.687500 0.390015 0.693750 0.390015 0.695312 0.396255 0.700000 0.396255 0.701562 0.398335 0.703125 0.400415 0.703125 0.408735 0.709375 0.408735 0.714062 0.477378 0.714062 0.477378 0.709375 0.483618 0.704687 0.485698 0.704687 0.487778 0.703125 0.489858 0.703125 0.502339 0.693750 0.502339 0.692187 0.506499 0.689062 0.506499 0.687500 0.508579 0.685937 0.508579 0.684375 0.512739 0.681250 0.518979 0.681250 0.518979 0.637500 0.512739 0.637500 0.508579 0.634375 0.508579 0.632812 0.504419 0.629687 0.504419 0.628125 0.496099 0.621875 0.494019 0.621875 0.491938 0.620312 0.489858 0.620312 0.487778 0.618750 0.485698 0.618750 0.483618 0.617188 0.481538 0.617188 0.477378 0.614062 0.475298 0.614062 0.473218 0.612500 0.471138 0.612500 0.464897 0.607813 0.464897 0.603125
1 0.360894 0.428125 0.360894 0.432812 0.358813 0.434375 0.356733 0.434375 0.354653 0.435937 0.348413 0.435937 0.346333 0.437500 0.344253 0.437500 0.340093 0.440625 0.338013 0.440625 0.333853 0.443750 0.331772 0.443750 0.319292 0.453125 0.319292 0.454687 0.317212 0.456250 0.317212 0.457812 0.310972 0.462500 0.304731 0.462500 0.304731 0.512500 0.313052 0.512500 0.317212 0.515625 0.319292 0.515625 0.329692 0.523437 0.331772 0.523437 0.333853 0.525000 0.335933 0.525000 0.340093 0.528125 0.340093 0.532812 0.412896 0.532812 0.412896 0.526562 0.414976 0.525000 0.417056 0.525000 0.427456 0.517187 0.427456 0.515625 0.433696 0.510937 0.433696 0.509375 0.437856 0.506250 0.444097 0.506250 0.444097 0.464062 0.437856 0.464062 0.433696 0.460938 0.433696 0.459375 0.431616 0.457812 0.431616 0.456250 0.425376 0.451562 0.425376 0.450000 0.419136 0.445312 0.417056 0.445312 0.412896 0.442187 0.410815 0.442187 0.408735 0.440625 0.406655 0.440625 0.402495 0.437500 0.398335 0.437500 0.396255 0.435937 0.392095 0.435937 0.390015 0.434375 0.387935 0.434375 0.385854 0.432812 0.385854 0.428125
1 0.810190 0.546875 0.810190 0.551562 0.803950 0.556250 0.801870 0.556250 0.797710 0.559375 0.795630 0.559375 0.793550 0.560937 0.791470 0.560937 0.789390 0.562500 0.787310 0.562500 0.783149 0.565625 0.781069 0.565625 0.764429 0.578125 0.764429 0.579687 0.760269 0.582812 0.754028 0.582812 0.754028 0.632812 0.760269 0.632812 0.766509 0.637500 0.768589 0.637500 0.772749 0.640625 0.772749 0.642187 0.778989 0.646875 0.781069 0.646875 0.787310 0.651562 0.791470 0.651562 0.793550 0.653125 0.797710 0.653125 0.799790 0.654687 0.803950 0.654687 0.806030 0.656250 0.812270 0.656250 0.814351 0.657812 0.820591 0.657812 0.822671 0.659375 0.822671 0.664062 0.862192 0.664062 0.862192 0.659375 0.866352 0.656250 0.870513 0.656250 0.872593 0.654687 0.876753 0.654687 0.878833 0.653125 0.880913 0.653125 0.882993 0.651562 0.885073 0.651562 0.891313 0.646875 0.893394 0.646875 0.897554 0.643750 0.897554 0.642187 0.899634 0.640625 0.899634 0.639062 0.901714 0.637500 0.910034 0.637500 0.910034 0.581250 0.903794 0.581250 0.899634 0.578125 0.899634 0.576562 0.897554 0.575000 0.897554 0.573437 0.889233 0.567187 0.889233 0.565625 0.885073 0.562500 0.882993 0.562500 0.880913 0.560937 0.878833 0.560937 0.872593 0.556250 0.870513 0.556250 0.868433 0.554687 0.866352 0.554687 0.862192 0.551562 0.862192 0.546875
1 0.475298 0.515625 0.475298 0.521875 0.477378 0.523437 0.477378 0.525000 0.479458 0.526562 0.473218 0.531250 0.471138 0.531250 0.466978 0.534375 0.466978 0.535937 0.460737 0.540625 0.460737 0.542187 0.458657 0.543750 0.458657 0.545312 0.452417 0.550000 0.446177 0.550000 0.446177 0.598437 0.454497 0.598437 0.456577 0.600000 0.456577 0.601562 0.464897 0.607813 0.466978 0.607813 0.469058 0.609375 0.471138 0.609375 0.479458 0.615625 0.483618 0.615625 0.485698 0.617188 0.487778 0.617188 0.494019 0.621875 0.494019 0.626562 0.546021 0.626562 0.546021 0.621875 0.550181 0.618750 0.552261 0.618750 0.554341 0.617188 0.556421 0.617188 0.560581 0.614062 0.562661 0.614062 0.564741 0.612500 0.566821 0.612500 0.568901 0.610937 0.570981 0.610937 0.573062 0.609375 0.575142 0.609375 0.577222 0.607813 0.579302 0.607813 0.579302 0.606250 0.583462 0.603125 0.583462 0.600000 0.585542 0.598437 0.585542 0.596875 0.587622 0.595312 0.593862 0.595312 0.593862 0.551562 0.587622 0.551562 0.583462 0.548437 0.583462 0.546875 0.581382 0.545312 0.581382 0.543750 0.575142 0.539062 0.575142 0.537500 0.566821 0.531250 0.564741 0.531250 0.562661 0.529687 0.560581 0.529687 0.558501 0.528125 0.556421 0.528125 0.550181 0.523437 0.548101 0.523437 0.546021 0.521875 0.546021 0.515625
0 0.491938 0.421875 0.491938 0.426562 0.487778 0.429688 0.481538 0.429688 0.479458 0.431250 0.477378 0.431250 0.475298 0.432812 0.473218 0.432812 0.466978 0.437500 0.464897 0.437500 0.450337 0.448437 0.450337 0.450000 0.444097 0.454687 0.437856 0.454687 0.437856 0.504687 0.444097 0.504687 0.448257 0.507812 0.448257 0.509375 0.460737 0.518750 0.462817 0.518750 0.464897 0.520312 0.464897 0.526562 0.546021 0.526562 0.546021 0.521875 0.550181 0.518750 0.552261 0.518750 0.564741 0.509375 0.564741 0.507812 0.566821 0.506250 0.566821 0.503125 0.570981 0.500000 0.577222 0.500000 0.577222 0.457812 0.570981 0.457812 0.566821 0.454687 0.566821 0.453125 0.564741 0.451562 0.564741 0.450000 0.556421 0.443750 0.556421 0.442187 0.552261 0.439062 0.550181 0.439062 0.546021 0.435937 0.543940 0.435937 0.539780 0.432812 0.537700 0.432812 0.535620 0.431250 0.533540 0.431250 0.531460 0.429688 0.529380 0.429688 0.527300 0.428125 0.525220 0.428125 0.523140 0.426562 0.523140 0.421875
2 0.306812 0.653125 0.306812 0.657812 0.302651 0.660937 0.300571 0.660937 0.298491 0.662500 0.296411 0.662500 0.294331 0.664062 0.292251 0.664062 0.288091 0.667187 0.286011 0.667187 0.273530 0.676562 0.273530 0.678125 0.269370 0.681250 0.269370 0.682812 0.267290 0.684375 0.267290 0.685937 0.265210 0.687500 0.265210 0.689062 0.263130 0.690625 0.263130 0.692187 0.261050 0.693750 0.254810 0.693750 0.254810 0.723437 0.261050 0.723437 0.267290 0.728125 0.267290 0.731250 0.269370 0.732812 0.269370 0.734375 0.273530 0.737500 0.273530 0.739062 0.277690 0.742188 0.277690 0.743750 0.279770 0.745312 0.279770 0.746875 0.281851 0.746875 0.286011 0.750000 0.286011 0.751562 0.288091 0.753125 0.290171 0.753125 0.294331 0.756250 0.296411 0.756250 0.298491 0.757812 0.298491 0.764062 0.365054 0.764062 0.365054 0.757812 0.367134 0.756250 0.369214 0.756250 0.373374 0.753125 0.375454 0.753125 0.385854 0.745312 0.385854 0.743750 0.390015 0.740625 0.390015 0.739062 0.396255 0.734375 0.402495 0.734375 0.402495 0.703125 0.396255 0.703125 0.387935 0.696875 0.387935 0.695312 0.385854 0.693750 0.385854 0.692187 0.381694 0.689062 0.381694 0.687500 0.377534 0.684375 0.377534 0.682812 0.375454 0.681250 0.375454 0.679688 0.373374 0.678125 0.373374 0.676562 0.371294 0.675000 0.371294 0.673437 0.367134 0.670312 0.367134 0.668750 0.365054 0.667187 0.365054 0.665625 0.354653 0.657812 0.354653 0.653125
1 0.234009 0.053125 0.234009 0.057812 0.229849 0.060937 0.225688 0.060937 0.223608 0.062500 0.221528 0.062500 0.219448 0.064062 0.217368 0.064062 0.215288 0.065625 0.213208 0.065625 0.211128 0.067187 0.209048 0.067187 0.206968 0.068750 0.204888 0.068750 0.198647 0.073437 0.196567 0.073437 0.194487 0.075000 0.192407 0.075000 0.186167 0.079687 0.184087 0.079687 0.182007 0.081250 0.179927 0.081250 0.171606 0.087500 0.169526 0.087500 0.142485 0.107812 0.142485 0.109375 0.134165 0.115625 0.134165 0.117188 0.132085 0.118750 0.132085 0.120312 0.125845 0.125000 0.125845 0.126562 0.123765 0.128125 0.123765 0.131250 0.121685 0.132812 0.121685 0.134375 0.119604 0.135937 0.113364 0.135937 0.113364 0.207812 0.271450 0.207812 0.271450 0.195312 0.273530 0.193750 0.273530 0.190625 0.275610 0.189062 0.277690 0.189062 0.279770 0.187500 0.281851 0.187500 0.286011 0.184375 0.288091 0.184375 0.290171 0.182812 0.292251 0.182812 0.294331 0.181250 0.298491 0.181250 0.300571 0.179688 0.302651 0.179688 0.304731 0.178125 0.306812 0.178125 0.308892 0.176562 0.310972 0.176562 0.313052 0.175000 0.317212 0.175000 0.319292 0.173437 0.321372 0.173437 0.323452 0.171875 0.325532 0.171875 0.327612 0.170312 0.329692 0.170312 0.331772 0.168750 0.333853 0.168750 0.335933 0.167187 0.338013 0.167187 0.340093 0.165625 0.342173 0.165625 0.346333 0.162500 0.348413 0.162500 0.352573 0.159375 0.354653 0.159375 0.375454 0.143750 0.375454 0.142187 0.379614 0.139062 0.385854 0.139062 0.385854 0.090625 0.379614 0.090625 0.375454 0.087500 0.375454 0.085938 0.373374 0.084375 0.373374 0.082812 0.360894 0.073437 0.358813 0.073437 0.354653 0.070312 0.352573 0.070312 0.350493 0.068750 0.348413 0.068750 0.346333 0.067187 0.342173 0.067187 0.340093 0.065625 0.338013 0.065625 0.335933 0.064062 0.331772 0.064062 0.329692 0.062500 0.323452 0.062500 0.321372 0.060937 0.317212 0.060937 0.315132 0.059375 0.313052 0.059375 0.310972 0.057812 0.310972 0.053125
2 0.627144 0.396875 0.627144 0.401562 0.620903 0.406250 0.618823 0.406250 0.612583 0.410937 0.610503 0.410937 0.604263 0.415625 0.604263 0.417187 0.598022 0.421875 0.598022 0.423437 0.593862 0.426562 0.587622 0.426562 0.587622 0.473437 0.593862 0.473437 0.600103 0.478125 0.600103 0.481250 0.606343 0.485937 0.606343 0.487500 0.618823 0.496875 0.620903 0.496875 0.622983 0.498437 0.625063 0.498437 0.627144 0.500000 0.629224 0.500000 0.633384 0.503125 0.633384 0.507812 0.681226 0.507812 0.681226 0.503125 0.685386 0.500000 0.687466 0.500000 0.689546 0.498437 0.691626 0.498437 0.693706 0.496875 0.695786 0.496875 0.699946 0.493750 0.702026 0.493750 0.716587 0.482812 0.716587 0.481250 0.722827 0.476562 0.722827 0.473437 0.724907 0.471875 0.724907 0.470312 0.729067 0.467187 0.735308 0.467187 0.735308 0.432812 0.729067 0.432812 0.724907 0.429688 0.724907 0.428125 0.722827 0.426562 0.722827 0.425000 0.720747 0.423437 0.720747 0.421875 0.716587 0.418750 0.716587 0.417187 0.706186 0.409375 0.704106 0.409375 0.699946 0.406250 0.697866 0.406250 0.695786 0.404687 0.693706 0.404687 0.691626 0.403125 0.691626 0.396875
2 0.333853 0.528125 0.333853 0.532812 0.329692 0.535937 0.325532 0.535937 0.323452 0.537500 0.321372 0.537500 0.319292 0.539062 0.317212 0.539062 0.298491 0.553125 0.298491 0.554687 0.296411 0.556250 0.288091 0.556250 0.288091 0.606250 0.294331 0.606250 0.300571 0.610937 0.300571 0.612500 0.308892 0.618750 0.308892 0.620312 0.313052 0.623438 0.315132 0.623438 0.321372 0.628125 0.323452 0.628125 0.327612 0.631250 0.331772 0.631250 0.335933 0.634375 0.335933 0.639062 0.365054 0.639062 0.365054 0.634375 0.369214 0.631250 0.373374 0.631250 0.381694 0.625000 0.383774 0.625000 0.396255 0.615625 0.398335 0.615625 0.400415 0.614062 0.402495 0.614062 0.410815 0.607813 0.412896 0.607813 0.417056 0.604687 0.417056 0.603125 0.419136 0.601562 0.427456 0.601562 0.427456 0.553125 0.421216 0.553125 0.398335 0.535937 0.394175 0.535937 0.390015 0.532812 0.390015 0.528125
2 0.577222 0.603125 0.577222 0.607813 0.573062 0.610937 0.570981 0.610937 0.568901 0.612500 0.566821 0.612500 0.564741 0.614062 0.562661 0.614062 0.552261 0.621875 0.550181 0.621875 0.546021 0.625000 0.543940 0.625000 0.535620 0.631250 0.529380 0.631250 0.529380 0.690625 0.535620 0.690625 0.539780 0.693750 0.539780 0.695312 0.543940 0.698437 0.543940 0.700000 0.548101 0.703125 0.550181 0.703125 0.558501 0.709375 0.560581 0.709375 0.562661 0.710938 0.566821 0.710938 0.573062 0.715625 0.573062 0.720312 0.627144 0.720312 0.627144 0.714062 0.629224 0.712500 0.631304 0.712500 0.633384 0.710938 0.635464 0.710938 0.637544 0.709375 0.639624 0.709375 0.643784 0.706250 0.645864 0.706250 0.658345 0.696875 0.658345 0.695312 0.664585 0.690625 0.664585 0.687500 0.670825 0.682812 0.677065 0.682812 0.677065 0.640625 0.670825 0.640625 0.664585 0.635937 0.664585 0.634375 0.662505 0.632812 0.662505 0.631250 0.654185 0.625000 0.654185 0.623438 0.650024 0.620312 0.647944 0.620312 0.643784 0.617188 0.641704 0.617188 0.635464 0.612500 0.633384 0.612500 0.631304 0.610937 0.627144 0.610937 0.622983 0.607813 0.622983 0.603125
2 0.387935 0.346875 0.387935 0.353125 0.385854 0.354687 0.383774 0.354687 0.379614 0.357812 0.377534 0.357812 0.365054 0.367188 0.365054 0.368750 0.362974 0.370312 0.354653 0.370312 0.354653 0.418750 0.360894 0.418750 0.365054 0.421875 0.365054 0.423437 0.371294 0.428125 0.373374 0.428125 0.375454 0.429688 0.377534 0.429688 0.379614 0.431250 0.381694 0.431250 0.383774 0.432812 0.385854 0.432812 0.387935 0.434375 0.394175 0.434375 0.396255 0.435937 0.400415 0.435937 0.402495 0.437500 0.404575 0.437500 0.408735 0.440625 0.408735 0.445312 0.456577 0.445312 0.456577 0.440625 0.466978 0.432812 0.469058 0.432812 0.471138 0.431250 0.471138 0.429688 0.481538 0.421875 0.481538 0.420312 0.483618 0.418750 0.483618 0.417187 0.487778 0.414062 0.494019 0.414062 0.494019 0.379687 0.487778 0.379687 0.483618 0.376562 0.483618 0.375000 0.481538 0.373437 0.481538 0.371875 0.477378 0.368750 0.477378 0.367188 0.471138 0.362500 0.471138 0.360937 0.469058 0.360937 0.466978 0.359375 0.466978 0.357812 0.464897 0.357812 0.460737 0.354687 0.458657 0.354687 0.456577 0.353125 0.456577 0.346875