1 0.582944 0.365625 0.582944 0.370312 0.587104 0.373437 0.589185 0.373437 0.591265 0.375000 0.593345 0.375000 0.601665 0.381250 0.601665 0.382812 0.612065 0.390625 0.612065 0.392187 0.614146 0.393750 0.620386 0.393750 0.620386 0.431250 0.614146 0.431250 0.609985 0.434375 0.609985 0.435937 0.601665 0.442187 0.601665 0.443750 0.599585 0.445312 0.599585 0.446875 0.595425 0.450000 0.593345 0.450000 0.589185 0.453125 0.587104 0.453125 0.585024 0.454687 0.578784 0.454687 0.576704 0.456250 0.570464 0.456250 0.568384 0.457812 0.566304 0.457812 0.564224 0.459375 0.564224 0.464062 0.543423 0.464062 0.543423 0.459375 0.541343 0.457812 0.539263 0.457812 0.537183 0.456250 0.530942 0.456250 0.528862 0.454687 0.526782 0.454687 0.520542 0.450000 0.518462 0.450000 0.499741 0.435937 0.499741 0.434375 0.497661 0.432812 0.497661 0.431250 0.495581 0.429688 0.489341 0.429688 0.489341 0.393750 0.495581 0.393750 0.499741 0.390625 0.499741 0.389062 0.501821 0.387500 0.501821 0.385937 0.518462 0.373437 0.520542 0.373437 0.524702 0.370312 0.524702 0.365625
1 0.557983 0.534375 0.557983 0.539062 0.562144 0.542187 0.566304 0.542187 0.570464 0.545312 0.572544 0.545312 0.578784 0.550000 0.580864 0.550000 0.582944 0.551562 0.585024 0.551562 0.587104 0.553125 0.589185 0.553125 0.601665 0.562500 0.601665 0.564062 0.605825 0.567187 0.607905 0.567187 0.607905 0.568750 0.609985 0.570312 0.609985 0.571875 0.614146 0.575000 0.620386 0.575000 0.620386 0.606250 0.614146 0.606250 0.609985 0.609375 0.609985 0.612500 0.605825 0.615625 0.605825 0.617188 0.601665 0.620312 0.601665 0.621875 0.587104 0.632812 0.582944 0.632812 0.580864 0.634375 0.576704 0.634375 0.574624 0.635937 0.564224 0.635937 0.562144 0.637500 0.560064 0.637500 0.555903 0.640625 0.555903 0.645312 0.543423 0.645312 0.543423 0.640625 0.541343 0.639062 0.539263 0.639062 0.537183 0.637500 0.533022 0.637500 0.530942 0.635937 0.512222 0.635937 0.510142 0.634375 0.508062 0.634375 0.505981 0.632812 0.503901 0.632812 0.499741 0.629687 0.497661 0.629687 0.493501 0.626562 0.491421 0.626562 0.487261 0.623438 0.485181 0.623438 0.474780 0.615625 0.474780 0.614062 0.472700 0.612500 0.464380 0.612500 0.464380 0.559375 0.470620 0.559375 0.485181 0.548437 0.487261 0.548437 0.491421 0.545312 0.493501 0.545312 0.495581 0.543750 0.499741 0.543750 0.501821 0.542187 0.503901 0.542187 0.508062 0.539062 0.508062 0.534375
0 0.674468 0.434375 0.674468 0.439062 0.678628 0.442187 0.680708 0.442187 0.682788 0.443750 0.686948 0.443750 0.689028 0.445312 0.691108 0.445312 0.693188 0.446875 0.695269 0.446875 0.697349 0.448437 0.699429 0.448437 0.701509 0.450000 0.703589 0.450000 0.705669 0.451562 0.705669 0.453125 0.709829 0.456250 0.711909 0.456250 0.713989 0.457812 0.713989 0.459375 0.720230 0.464062 0.720230 0.465625 0.722310 0.467187 0.722310 0.468750 0.724390 0.470312 0.724390 0.471875 0.726470 0.473437 0.726470 0.475000 0.730630 0.478125 0.736870 0.478125 0.736870 0.518750 0.730630 0.518750 0.726470 0.521875 0.726470 0.523437 0.724390 0.525000 0.724390 0.526562 0.722310 0.528125 0.722310 0.529687 0.705669 0.542187 0.703589 0.542187 0.697349 0.546875 0.695269 0.546875 0.693188 0.548437 0.689028 0.548437 0.686948 0.550000 0.680708 0.550000 0.676548 0.553125 0.676548 0.557812 0.643267 0.557812 0.643267 0.553125 0.641187 0.551562 0.639106 0.551562 0.637026 0.550000 0.632866 0.550000 0.630786 0.548437 0.626626 0.548437 0.624546 0.546875 0.622466 0.546875 0.620386 0.545312 0.618306 0.545312 0.614146 0.542187 0.612065 0.542187 0.593345 0.528125 0.593345 0.526562 0.587104 0.521875 0.580864 0.521875 0.580864 0.464062 0.589185 0.464062 0.591265 0.462500 0.591265 0.460938 0.605825 0.450000 0.607905 0.450000 0.609985 0.448437 0.612065 0.448437 0.616226 0.445312 0.618306 0.445312 0.622466 0.442187 0.626626 0.442187 0.628706 0.440625 0.628706 0.434375
1 1.000000 0.328125 1.000000 0.418750 0.994800 0.418750 0.990640 0.421875 0.990640 0.426562 0.936558 0.426562 0.936558 0.420312 0.934478 0.418750 0.932397 0.418750 0.921997 0.410937 0.919917 0.410937 0.917837 0.409375 0.917837 0.407812 0.913677 0.404687 0.913677 0.403125 0.911597 0.401562 0.911597 0.400000 0.907437 0.396875 0.907437 0.395312 0.905356 0.393750 0.905356 0.392187 0.903276 0.390625 0.897036 0.390625 0.897036 0.365625 0.903276 0.365625 0.907437 0.362500 0.907437 0.360937 0.909517 0.359375 0.909517 0.357812 0.930317 0.342187 0.932397 0.342187 0.938638 0.337500 0.940718 0.337500 0.942798 0.335938 0.946958 0.335938 0.951118 0.332812 0.951118 0.328125
0 0.435259 0.353125 0.435259 0.357812 0.437339 0.359375 0.439419 0.359375 0.441499 0.360937 0.443579 0.360937 0.445659 0.362500 0.447739 0.362500 0.460220 0.371875 0.462300 0.371875 0.464380 0.373437 0.464380 0.375000 0.472700 0.381250 0.478940 0.381250 0.478940 0.426562 0.472700 0.426562 0.464380 0.432812 0.462300 0.432812 0.460220 0.434375 0.458140 0.434375 0.456060 0.435937 0.453979 0.435937 0.451899 0.437500 0.449819 0.437500 0.447739 0.439062 0.445659 0.439062 0.443579 0.440625 0.439419 0.440625 0.435259 0.443750 0.433179 0.443750 0.429019 0.446875 0.429019 0.451562 0.387417 0.451562 0.387417 0.446875 0.383257 0.443750 0.381177 0.443750 0.374937 0.439062 0.372856 0.439062 0.366616 0.434375 0.366616 0.432812 0.362456 0.429688 0.362456 0.428125 0.360376 0.426562 0.360376 0.425000 0.358296 0.423437 0.358296 0.421875 0.354136 0.418750 0.347896 0.418750 0.347896 0.389062 0.354136 0.389062 0.358296 0.385937 0.358296 0.382812 0.360376 0.381250 0.360376 0.379687 0.364536 0.376562 0.364536 0.375000 0.377017 0.365625 0.379097 0.365625 0.383257 0.362500 0.385337 0.362500 0.387417 0.360937 0.391577 0.360937 0.395737 0.357812 0.395737 0.353125
0 0.580864 0.634375 0.580864 0.639062 0.585024 0.642187 0.587104 0.642187 0.589185 0.643750 0.591265 0.643750 0.595425 0.646875 0.597505 0.646875 0.599585 0.648438 0.601665 0.648438 0.605825 0.651562 0.607905 0.651562 0.612065 0.654687 0.614146 0.654687 0.632866 0.668750 0.632866 0.670312 0.634946 0.671875 0.634946 0.675000 0.637026 0.676562 0.637026 0.678125 0.639106 0.679688 0.645347 0.679688 0.645347 0.715625 0.639106 0.715625 0.634946 0.718750 0.634946 0.721875 0.632866 0.723437 0.632866 0.725000 0.630786 0.726562 0.630786 0.728125 0.624546 0.732812 0.624546 0.734375 0.605825 0.748437 0.603745 0.748437 0.597505 0.753125 0.595425 0.753125 0.593345 0.754687 0.591265 0.754687 0.589185 0.756250 0.585024 0.756250 0.582944 0.757812 0.582944 0.764062 0.526782 0.764062 0.526782 0.759375 0.522622 0.756250 0.520542 0.756250 0.518462 0.754687 0.514302 0.754687 0.512222 0.753125 0.510142 0.753125 0.503901 0.748437 0.501821 0.748437 0.497661 0.745312 0.495581 0.745312 0.481021 0.734375 0.481021 0.732812 0.476860 0.729687 0.476860 0.728125 0.472700 0.725000 0.472700 0.723437 0.468540 0.720312 0.468540 0.717187 0.466460 0.715625 0.466460 0.712500 0.464380 0.710938 0.464380 0.709375 0.462300 0.707812 0.456060 0.707812 0.456060 0.685937 0.462300 0.685937 0.464380 0.684375 0.464380 0.682812 0.466460 0.681250 0.466460 0.678125 0.468540 0.676562 0.468540 0.675000 0.472700 0.671875 0.472700 0.670312 0.474780 0.668750 0.474780 0.667187 0.478940 0.664062 0.478940 0.662500 0.485181 0.657812 0.485181 0.656250 0.495581 0.648438 0.497661 0.648438 0.503901 0.643750 0.505981 0.643750 0.508062 0.642187 0.510142 0.642187 0.514302 0.639062 0.514302 0.634375
0 0.630786 0.265625 0.630786 0.270312 0.637026 0.275000 0.639106 0.275000 0.641187 0.276562 0.643267 0.276562 0.649507 0.281250 0.649507 0.282812 0.657827 0.289062 0.657827 0.290625 0.659907 0.292187 0.659907 0.293750 0.664067 0.296875 0.670308 0.296875 0.670308 0.329687 0.664067 0.329687 0.659907 0.332812 0.659907 0.334375 0.657827 0.335938 0.657827 0.337500 0.649507 0.343750 0.649507 0.345312 0.637026 0.354687 0.634946 0.354687 0.632866 0.356250 0.630786 0.356250 0.628706 0.357812 0.626626 0.357812 0.624546 0.359375 0.624546 0.364062 0.582944 0.364062 0.582944 0.359375 0.578784 0.356250 0.576704 0.356250 0.572544 0.353125 0.570464 0.353125 0.562144 0.346875 0.562144 0.345312 0.555903 0.340625 0.555903 0.339062 0.551743 0.335938 0.551743 0.332812 0.549663 0.331250 0.549663 0.325000 0.547583 0.323437 0.547583 0.320312 0.545503 0.318750 0.539263 0.318750 0.539263 0.303125 0.545503 0.303125 0.549663 0.300000 0.549663 0.296875 0.551743 0.295312 0.551743 0.292187 0.553823 0.290625 0.553823 0.289062 0.570464 0.276562 0.572544 0.276562 0.574624 0.275000 0.576704 0.275000 0.578784 0.273437 0.580864 0.273437 0.585024 0.270312 0.585024 0.265625
0 0.329175 0.509375 0.329175 0.514062 0.333335 0.517187 0.335415 0.517187 0.337495 0.518750 0.339575 0.518750 0.343735 0.521875 0.345815 0.521875 0.349976 0.525000 0.352056 0.525000 0.372856 0.540625 0.379097 0.540625 0.379097 0.592187 0.372856 0.592187 0.364536 0.598437 0.364536 0.600000 0.347896 0.612500 0.345815 0.612500 0.341655 0.615625 0.339575 0.615625 0.335415 0.618750 0.333335 0.618750 0.331255 0.620312 0.331255 0.626562 0.287573 0.626562 0.287573 0.621875 0.283413 0.618750 0.279253 0.618750 0.277173 0.617188 0.275093 0.617188 0.273013 0.615625 0.270933 0.615625 0.266773 0.612500 0.264692 0.612500 0.262612 0.610937 0.260532 0.610937 0.243892 0.598437 0.243892 0.596875 0.237651 0.592187 0.231411 0.592187 0.231411 0.546875 0.237651 0.546875 0.241812 0.543750 0.241812 0.542187 0.243892 0.540625 0.243892 0.539062 0.252212 0.532812 0.252212 0.531250 0.256372 0.528125 0.258452 0.528125 0.264692 0.523437 0.266773 0.523437 0.270933 0.520312 0.273013 0.520312 0.275093 0.518750 0.277173 0.518750 0.279253 0.517187 0.283413 0.517187 0.287573 0.514062 0.287573 0.509375
2 0.799272 0.859375 0.799272 0.864062 0.805513 0.868750 0.807593 0.868750 0.809673 0.870312 0.811753 0.870312 0.817993 0.875000 0.820073 0.875000 0.855435 0.901562 0.861675 0.901562 0.861675 0.976562 0.855435 0.976562 0.853354 0.978125 0.853354 0.979687 0.851274 0.981250 0.851274 0.984375 0.849194 0.985937 0.849194 0.987500 0.847114 0.989062 0.847114 0.990625 0.842954 0.993750 0.842954 0.995312 0.840874 0.996875 0.840874 0.998437 0.647427 0.998437 0.647427 0.989062 0.653667 0.989062 0.659907 0.984375 0.659907 0.981250 0.661987 0.979687 0.661987 0.976562 0.666147 0.973437 0.666147 0.970312 0.668228 0.968750 0.668228 0.965625 0.670308 0.964062 0.670308 0.962500 0.674468 0.959375 0.674468 0.957812 0.676548 0.956250 0.676548 0.953125 0.678628 0.951562 0.678628 0.950000 0.680708 0.948437 0.680708 0.946875 0.682788 0.945312 0.682788 0.942187 0.684868 0.940625 0.684868 0.937500 0.686948 0.935937 0.686948 0.934375 0.689028 0.932812 0.689028 0.931250 0.691108 0.929688 0.691108 0.928125 0.693188 0.926562 0.693188 0.925000 0.695269 0.923437 0.695269 0.920312 0.697349 0.918750 0.697349 0.917187 0.699429 0.915625 0.699429 0.912500 0.701509 0.910937 0.701509 0.909375 0.703589 0.907812 0.703589 0.903125 0.705669 0.901562 0.705669 0.900000 0.707749 0.898438 0.707749 0.895312 0.709829 0.893750 0.709829 0.890625 0.711909 0.889062 0.711909 0.887500 0.713989 0.885937 0.713989 0.884375 0.716069 0.882812 0.716069 0.881250 0.718149 0.879687 0.718149 0.876562 0.722310 0.873437 0.722310 0.871875 0.724390 0.870312 0.724390 0.868750 0.728550 0.865625 0.728550 0.859375
2 0.508062 0.278125 0.508062 0.282812 0.512222 0.285937 0.514302 0.285937 0.516382 0.287500 0.518462 0.287500 0.520542 0.289062 0.522622 0.289062 0.533022 0.296875 0.533022 0.298437 0.541343 0.304688 0.543423 0.304688 0.545503 0.306250 0.553823 0.306250 0.553823 0.331250 0.547583 0.331250 0.543423 0.334375 0.543423 0.335938 0.541343 0.337500 0.541343 0.343750 0.539263 0.345312 0.539263 0.353125 0.537183 0.354687 0.537183 0.356250 0.535103 0.357812 0.535103 0.359375 0.518462 0.371875 0.518462 0.376562 0.472700 0.376562 0.472700 0.371875 0.470620 0.370312 0.468540 0.370312 0.466460 0.368750 0.462300 0.368750 0.458140 0.365625 0.456060 0.365625 0.451899 0.362500 0.449819 0.362500 0.439419 0.354687 0.439419 0.353125 0.435259 0.350000 0.435259 0.348437 0.433179 0.346875 0.433179 0.345312 0.429019 0.342187 0.422778 0.342187 0.422778 0.310937 0.429019 0.310937 0.433179 0.307813 0.433179 0.306250 0.437339 0.303125 0.437339 0.301562 0.453979 0.289062 0.456060 0.289062 0.458140 0.287500 0.460220 0.287500 0.462300 0.285937 0.464380 0.285937 0.468540 0.282812 0.468540 0.278125
2 0.281333 0.365625 0.281333 0.370312 0.285493 0.373437 0.289653 0.373437 0.291733 0.375000 0.295894 0.375000 0.302134 0.379687 0.304214 0.379687 0.318774 0.390625 0.318774 0.392187 0.320855 0.393750 0.329175 0.393750 0.329175 0.440625 0.320855 0.440625 0.316694 0.443750 0.316694 0.445312 0.312534 0.448437 0.312534 0.450000 0.297974 0.460938 0.295894 0.460938 0.287573 0.467187 0.285493 0.467187 0.279253 0.471875 0.279253 0.476562 0.248052 0.476562 0.248052 0.471875 0.243892 0.468750 0.241812 0.468750 0.239731 0.467187 0.235571 0.467187 0.233491 0.465625 0.231411 0.465625 0.227251 0.462500 0.225171 0.462500 0.223091 0.460938 0.221011 0.460938 0.206450 0.450000 0.206450 0.448437 0.202290 0.445312 0.202290 0.442187 0.200210 0.440625 0.200210 0.437500 0.196050 0.434375 0.189810 0.434375 0.189810 0.404687 0.196050 0.404687 0.200210 0.401562 0.200210 0.400000 0.202290 0.398438 0.202290 0.396875 0.204370 0.395312 0.204370 0.393750 0.208530 0.390625 0.208530 0.389062 0.225171 0.376562 0.227251 0.376562 0.229331 0.375000 0.231411 0.375000 0.233491 0.373437 0.235571 0.373437 0.237651 0.371875 0.239731 0.371875 0.241812 0.370312 0.241812 0.365625
2 0.722310 0.565625 0.722310 0.571875 0.724390 0.573437 0.726470 0.573437 0.728550 0.575000 0.730630 0.575000 0.732710 0.576562 0.734790 0.576562 0.736870 0.578125 0.738950 0.578125 0.745190 0.582812 0.747271 0.582812 0.763911 0.595312 0.763911 0.596875 0.765991 0.598437 0.765991 0.600000 0.770151 0.603125 0.778472 0.603125 0.778472 0.654687 0.772231 0.654687 0.765991 0.659375 0.765991 0.660937 0.763911 0.662500 0.763911 0.664062 0.755591 0.670312 0.755591 0.671875 0.753511 0.671875 0.745190 0.678125 0.743110 0.678125 0.738950 0.681250 0.736870 0.681250 0.734790 0.682812 0.734790 0.689062 0.661987 0.689062 0.661987 0.684375 0.641187 0.668750 0.641187 0.667187 0.634946 0.662500 0.634946 0.660937 0.632866 0.659375 0.632866 0.657812 0.630786 0.656250 0.630786 0.654687 0.628706 0.653125 0.628706 0.651562 0.626626 0.650000 0.626626 0.645312 0.624546 0.643750 0.624546 0.640625 0.622466 0.639062 0.622466 0.635937 0.620386 0.634375 0.614146 0.634375 0.614146 0.603125 0.620386 0.603125 0.624546 0.600000 0.624546 0.598437 0.626626 0.596875 0.626626 0.595312 0.628706 0.593750 0.628706 0.592187 0.641187 0.582812 0.643267 0.582812 0.651587 0.576562 0.653667 0.576562 0.655747 0.575000 0.659907 0.575000 0.661987 0.573437 0.664067 0.573437 0.666147 0.571875 0.668228 0.571875 0.670308 0.570312 0.670308 0.565625
2 0.697349 0.353125 0.697349 0.357812 0.699429 0.359375 0.701509 0.359375 0.703589 0.360937 0.705669 0.360937 0.707749 0.362500 0.709829 0.362500 0.711909 0.364062 0.713989 0.364062 0.732710 0.378125 0.732710 0.381250 0.734790 0.382812 0.734790 0.385937 0.736870 0.387500 0.745190 0.387500 0.745190 0.420312 0.738950 0.420312 0.732710 0.425000 0.732710 0.426562 0.724390 0.432812 0.724390 0.434375 0.722310 0.435937 0.720230 0.435937 0.713989 0.440625 0.713989 0.445312 0.661987 0.445312 0.661987 0.440625 0.659907 0.439062 0.641187 0.439062 0.639106 0.440625 0.639106 0.445312 0.628706 0.445312 0.628706 0.437500 0.626626 0.435937 0.626626 0.432812 0.624546 0.431250 0.624546 0.429688 0.620386 0.426562 0.614146 0.426562 0.614146 0.385937 0.620386 0.385937 0.624546 0.382812 0.624546 0.381250 0.626626 0.379687 0.626626 0.378125 0.641187 0.367188 0.643267 0.367188 0.647427 0.364062 0.649507 0.364062 0.651587 0.362500 0.653667 0.362500 0.655747 0.360937 0.659907 0.360937 0.664067 0.357812 0.664067 0.353125
1 0.406138 0.253125 0.406138 0.257812 0.414458 0.264062 0.416538 0.264062 0.416538 0.265625 0.426938 0.273437 0.426938 0.275000 0.431099 0.278125 0.437339 0.278125 0.437339 0.301562 0.431099 0.301562 0.429019 0.303125 0.429019 0.304688 0.426938 0.306250 0.426938 0.307813 0.422778 0.310937 0.422778 0.312500 0.420698 0.314062 0.420698 0.315625 0.418618 0.317187 0.418618 0.320312 0.410298 0.326562 0.410298 0.328125 0.399897 0.335938 0.397817 0.335938 0.395737 0.337500 0.393657 0.337500 0.389497 0.340625 0.389497 0.345312 0.354136 0.345312 0.354136 0.339062 0.352056 0.337500 0.349976 0.337500 0.347896 0.335938 0.345815 0.335938 0.329175 0.323437 0.329175 0.321875 0.327095 0.320312 0.327095 0.317187 0.325015 0.315625 0.325015 0.314062 0.320855 0.310937 0.314614 0.310937 0.314614 0.282812 0.320855 0.282812 0.325015 0.279687 0.325015 0.278125 0.329175 0.275000 0.329175 0.273437 0.337495 0.267187 0.339575 0.267187 0.341655 0.265625 0.343735 0.265625 0.349976 0.260937 0.352056 0.260937 0.354136 0.259375 0.354136 0.253125
1 0.951118 0.621875 0.951118 0.626562 0.955278 0.629687 0.957358 0.629687 0.959438 0.631250 0.961519 0.631250 0.963599 0.632812 0.965679 0.632812 0.967759 0.634375 0.969839 0.634375 0.973999 0.637500 0.976079 0.637500 0.978159 0.639062 0.980239 0.639062 0.984399 0.642187 0.984399 0.643750 0.996880 0.653125 1.000000 0.653125 1.000000 0.751562 0.994800 0.751562 0.992720 0.753125 0.992720 0.757812 0.996880 0.760937 1.000000 0.760937 1.000000 0.770312 0.903276 0.770312 0.903276 0.764062 0.901196 0.762500 0.899116 0.762500 0.897036 0.760937 0.892876 0.760937 0.890796 0.759375 0.886636 0.759375 0.882476 0.756250 0.880396 0.756250 0.865835 0.745312 0.863755 0.745312 0.861675 0.743750 0.855435 0.743750 0.855435 0.665625 0.861675 0.665625 0.865835 0.662500 0.865835 0.660937 0.872075 0.656250 0.872075 0.654687 0.874155 0.653125 0.874155 0.650000 0.876235 0.648438 0.876235 0.645312 0.878315 0.643750 0.878315 0.642187 0.880396 0.640625 0.880396 0.639062 0.884556 0.635937 0.884556 0.634375 0.894956 0.626562 0.894956 0.621875
2 0.462300 0.690625 0.464380 0.689062 0.470620 0.689062 0.470620 0.701562 0.462300 0.701562 0.462300 0.690625 0.320855 0.589062 0.337495 0.612500 0.339575 0.612500 0.341655 0.610937 0.345815 0.610937 0.349976 0.607813 0.352056 0.607813 0.362456 0.600000 0.364536 0.600000 0.366616 0.598437 0.368696 0.598437 0.372856 0.595312 0.372856 0.593750 0.374937 0.592187 0.374937 0.584375 0.424858 0.584375 0.424858 0.590625 0.426938 0.592187 0.429019 0.592187 0.433179 0.595312 0.435259 0.595312 0.439419 0.598437 0.441499 0.598437 0.456060 0.609375 0.456060 0.610937 0.462300 0.615625 0.470620 0.615625 0.470620 0.639062 0.464380 0.639062 0.462300 0.640625 0.462300 0.642187 0.460220 0.643750 0.460220 0.650000 0.458140 0.651562 0.458140 0.656250 0.456060 0.657812 0.456060 0.659375 0.453979 0.660937 0.453979 0.662500 0.426938 0.682812 0.426938 0.684375 0.424858 0.685937 0.422778 0.685937 0.412378 0.693750 0.410298 0.693750 0.408218 0.695312 0.401978 0.695312 0.399897 0.696875 0.399897 0.701562 0.397817 0.701562 0.397817 0.696875 0.393657 0.693750 0.391577 0.693750 0.389497 0.692187 0.381177 0.692187 0.379097 0.690625 0.366616 0.690625 0.364536 0.689062 0.362456 0.689062 0.358296 0.685937 0.354136 0.685937 0.352056 0.684375 0.349976 0.684375 0.341655 0.678125 0.339575 0.678125 0.337495 0.676562 0.337495 0.675000 0.329175 0.668750 0.329175 0.667187 0.327095 0.665625 0.327095 0.664062 0.325015 0.662500 0.325015 0.660937 0.322935 0.659375 0.314614 0.659375 0.314614 0.629687 0.322935 0.629687 0.325015 0.628125 0.325015 0.625000 0.322935 0.623438 0.314614 0.623438 0.314614 0.618750 0.325015 0.618750 0.327095 0.617188 0.331255 0.617188 0.337495 0.612500 0.320855 0.589062 0.314614 0.589062 0.314614 0.584375 0.320855 0.584375 0.320855 0.589062
2 0.491421 0.428125 0.491421 0.432812 0.493501 0.434375 0.495581 0.434375 0.518462 0.451562 0.518462 0.453125 0.528862 0.460938 0.530942 0.460938 0.551743 0.476562 0.551743 0.478125 0.555903 0.481250 0.562144 0.481250 0.562144 0.523437 0.555903 0.523437 0.545503 0.531250 0.543423 0.531250 0.541343 0.532812 0.537183 0.532812 0.535103 0.534375 0.526782 0.534375 0.524702 0.535937 0.518462 0.535937 0.516382 0.537500 0.514302 0.537500 0.510142 0.540625 0.510142 0.545312 0.503901 0.545312 0.503901 0.540625 0.499741 0.537500 0.497661 0.537500 0.495581 0.535937 0.491421 0.535937 0.487261 0.532812 0.478940 0.532812 0.476860 0.534375 0.474780 0.534375 0.472700 0.535937 0.470620 0.534375 0.462300 0.534375 0.458140 0.531250 0.456060 0.531250 0.451899 0.528125 0.449819 0.528125 0.443579 0.523437 0.441499 0.523437 0.439419 0.521875 0.437339 0.521875 0.433179 0.518750 0.431099 0.518750 0.416538 0.507812 0.416538 0.506250 0.410298 0.501562 0.410298 0.500000 0.408218 0.498437 0.408218 0.496875 0.406138 0.495312 0.406138 0.493750 0.404058 0.492188 0.397817 0.492188 0.397817 0.471875 0.404058 0.471875 0.406138 0.470312 0.406138 0.468750 0.408218 0.467187 0.408218 0.464062 0.412378 0.460938 0.412378 0.459375 0.426938 0.448437 0.429019 0.448437 0.433179 0.445312 0.435259 0.445312 0.439419 0.442187 0.441499 0.442187 0.447739 0.437500 0.449819 0.437500 0.451899 0.435937 0.456060 0.435937 0.460220 0.432812 0.460220 0.428125
1 0.370776 0.434375 0.370776 0.440625 0.374937 0.443750 0.377017 0.443750 0.379097 0.445312 0.381177 0.445312 0.383257 0.446875 0.383257 0.448437 0.389497 0.453125 0.389497 0.454687 0.393657 0.457812 0.393657 0.460938 0.404058 0.468750 0.412378 0.468750 0.412378 0.493750 0.404058 0.493750 0.395737 0.500000 0.395737 0.501562 0.391577 0.504687 0.391577 0.506250 0.387417 0.509375 0.372856 0.509375 0.370776 0.510937 0.368696 0.510937 0.366616 0.512500 0.362456 0.512500 0.360376 0.514062 0.358296 0.514062 0.356216 0.515625 0.356216 0.520312 0.352056 0.520312 0.352056 0.515625 0.349976 0.514062 0.343735 0.514062 0.341655 0.515625 0.341655 0.520312 0.312534 0.520312 0.312534 0.515625 0.308374 0.512500 0.302134 0.512500 0.300054 0.510937 0.297974 0.510937 0.297974 0.509375 0.291733 0.504687 0.289653 0.504687 0.287573 0.503125 0.287573 0.501562 0.283413 0.498437 0.283413 0.496875 0.279253 0.493750 0.273013 0.493750 0.273013 0.471875 0.281333 0.471875 0.293814 0.462500 0.295894 0.462500 0.325015 0.440625 0.325015 0.434375
1 0.233491 0.928125 0.233491 0.932812 0.237651 0.935937 0.252212 0.935937 0.254292 0.937500 0.264692 0.937500 0.266773 0.939062 0.273013 0.939062 0.275093 0.940625 0.285493 0.940625 0.287573 0.942187 0.295894 0.942187 0.297974 0.943750 0.304214 0.943750 0.306294 0.945312 0.310454 0.945312 0.312534 0.946875 0.318774 0.946875 0.320855 0.948437 0.329175 0.948437 0.331255 0.950000 0.333335 0.948437 0.335415 0.948437 0.337495 0.946875 0.337495 0.939062 0.339575 0.939062 0.341655 0.937500 0.343735 0.937500 0.345815 0.935937 0.354136 0.935937 0.356216 0.934375 0.364536 0.934375 0.366616 0.935937 0.387417 0.935937 0.389497 0.937500 0.399897 0.937500 0.401978 0.939062 0.410298 0.939062 0.412378 0.940625 0.414458 0.940625 0.416538 0.942187 0.420698 0.942187 0.422778 0.943750 0.429019 0.943750 0.431099 0.945312 0.433179 0.945312 0.435259 0.946875 0.437339 0.946875 0.441499 0.950000 0.443579 0.950000 0.451899 0.956250 0.453979 0.956250 0.476860 0.973437 0.476860 0.975000 0.485181 0.981250 0.485181 0.982812 0.487261 0.984375 0.495581 0.984375 0.495581 0.998437 0.198130 0.998437 0.198130 0.953125 0.208530 0.953125 0.210610 0.951562 0.212690 0.951562 0.218931 0.946875 0.218931 0.940625 0.216851 0.939062 0.216851 0.935937 0.212690 0.932812 0.212690 0.928125
1 0.110767 0.453125 0.110767 0.457812 0.112847 0.459375 0.114927 0.459375 0.117007 0.460938 0.121167 0.460938 0.123247 0.462500 0.127407 0.462500 0.135728 0.468750 0.137808 0.468750 0.137808 0.470312 0.144048 0.475000 0.144048 0.476562 0.148208 0.479687 0.148208 0.481250 0.150288 0.482812 0.150288 0.484375 0.152368 0.485937 0.152368 0.487500 0.156528 0.490625 0.162769 0.490625 0.162769 0.528125 0.156528 0.528125 0.152368 0.531250 0.152368 0.532812 0.150288 0.534375 0.150288 0.535937 0.148208 0.537500 0.148208 0.539062 0.146128 0.540625 0.146128 0.542187 0.141968 0.545312 0.141968 0.546875 0.133648 0.553125 0.133648 0.554687 0.131567 0.556250 0.131567 0.560937 0.129487 0.562500 0.129487 0.579687 0.127407 0.581250 0.127407 0.589062 0.065005 0.589062 0.065005 0.584375 0.056685 0.578125 0.052524 0.578125 0.050444 0.576562 0.048364 0.576562 0.046284 0.575000 0.046284 0.573437 0.044204 0.571875 0.044204 0.568750 0.046284 0.567187 0.046284 0.557812 0.048364 0.556250 0.054605 0.556250 0.062925 0.550000 0.065005 0.550000 0.073325 0.543750 0.073325 0.540625 0.075405 0.539062 0.073325 0.537500 0.073325 0.531250 0.069165 0.528125 0.069165 0.526562 0.067085 0.525000 0.062925 0.525000 0.060845 0.526562 0.060845 0.528125 0.058765 0.529687 0.056685 0.529687 0.042124 0.540625 0.042124 0.542187 0.040044 0.543750 0.037964 0.543750 0.033804 0.546875 0.033804 0.548437 0.031724 0.548437 0.025483 0.553125 0.025483 0.554687 0.015083 0.562500 0.015083 0.564062 0.013003 0.565625 0.010923 0.565625 0.006763 0.568750 0.000000 0.568750 0.000000 0.453125
1 0.838794 0.584375 0.838794 0.592187 0.840874 0.593750 0.840874 0.596875 0.842954 0.598437 0.842954 0.600000 0.845034 0.601562 0.845034 0.603125 0.855435 0.610937 0.861675 0.610937 0.861675 0.626562 0.853354 0.626562 0.849194 0.629687 0.849194 0.631250 0.847114 0.632812 0.847114 0.634375 0.849194 0.635937 0.849194 0.639062 0.851274 0.640625 0.851274 0.643750 0.855435 0.646875 0.861675 0.646875 0.861675 0.739062 0.836714 0.739062 0.836714 0.732812 0.832554 0.729687 0.830474 0.729687 0.815913 0.718750 0.815913 0.717187 0.811753 0.714062 0.811753 0.712500 0.809673 0.710938 0.809673 0.709375 0.807593 0.707812 0.807593 0.706250 0.805513 0.704687 0.797192 0.704687 0.797192 0.601562 0.803433 0.601562 0.807593 0.598437 0.807593 0.596875 0.809673 0.595312 0.809673 0.593750 0.811753 0.592187 0.811753 0.584375