0 0.431099 0.365625 0.431099 0.370312 0.433179 0.371875 0.435259 0.371875 0.437339 0.373437 0.439419 0.373437 0.441499 0.375000 0.443579 0.375000 0.447739 0.378125 0.449819 0.378125 0.453979 0.381250 0.456060 0.381250 0.458140 0.382812 0.460220 0.382812 0.472700 0.392187 0.472700 0.393750 0.476860 0.396875 0.476860 0.398438 0.481021 0.401562 0.487261 0.401562 0.487261 0.443750 0.481021 0.443750 0.476860 0.446875 0.476860 0.448437 0.470620 0.453125 0.470620 0.454687 0.456060 0.465625 0.453979 0.465625 0.449819 0.468750 0.447739 0.468750 0.443579 0.471875 0.443579 0.476562 0.389497 0.476562 0.389497 0.471875 0.385337 0.468750 0.381177 0.468750 0.374937 0.464062 0.372856 0.464062 0.364536 0.457812 0.364536 0.456250 0.358296 0.451562 0.358296 0.450000 0.354136 0.446875 0.354136 0.445312 0.352056 0.443750 0.352056 0.442187 0.349976 0.440625 0.349976 0.437500 0.347896 0.435937 0.347896 0.434375 0.345815 0.432812 0.339575 0.432812 0.339575 0.412500 0.345815 0.412500 0.349976 0.409375 0.349976 0.406250 0.354136 0.403125 0.354136 0.400000 0.356216 0.398438 0.356216 0.396875 0.362456 0.392187 0.362456 0.390625 0.381177 0.376562 0.381177 0.375000 0.383257 0.375000 0.385337 0.373437 0.389497 0.373437 0.393657 0.370312 0.393657 0.365625
0 0.664067 0.365625 0.664067 0.370312 0.666147 0.371875 0.668228 0.371875 0.670308 0.373437 0.674468 0.373437 0.676548 0.375000 0.678628 0.375000 0.680708 0.376562 0.682788 0.376562 0.686948 0.379687 0.689028 0.379687 0.693188 0.382812 0.695269 0.382812 0.705669 0.390625 0.711909 0.390625 0.711909 0.435937 0.705669 0.435937 0.699429 0.440625 0.699429 0.442187 0.689028 0.450000 0.689028 0.451562 0.686948 0.451562 0.682788 0.454687 0.680708 0.454687 0.678628 0.456250 0.676548 0.456250 0.674468 0.457812 0.672388 0.457812 0.670308 0.459375 0.670308 0.464062 0.618306 0.464062 0.618306 0.459375 0.614146 0.456250 0.612065 0.456250 0.609985 0.454687 0.607905 0.454687 0.593345 0.443750 0.593345 0.442187 0.591265 0.440625 0.591265 0.439062 0.587104 0.435937 0.580864 0.435937 0.580864 0.392187 0.587104 0.392187 0.607905 0.376562 0.609985 0.376562 0.614146 0.373437 0.616226 0.373437 0.620386 0.370312 0.620386 0.365625
1 0.555903 0.415625 0.555903 0.420312 0.560064 0.423437 0.562144 0.423437 0.564224 0.425000 0.566304 0.425000 0.568384 0.426562 0.568384 0.428125 0.570464 0.429688 0.572544 0.429688 0.576704 0.432812 0.576704 0.434375 0.585024 0.440625 0.585024 0.442187 0.587104 0.443750 0.587104 0.445312 0.589185 0.446875 0.595425 0.446875 0.595425 0.481250 0.589185 0.481250 0.585024 0.484375 0.582944 0.484375 0.572544 0.492188 0.572544 0.493750 0.560064 0.503125 0.560064 0.507812 0.518462 0.507812 0.518462 0.501562 0.505981 0.492188 0.503901 0.492188 0.501821 0.490625 0.499741 0.490625 0.497661 0.489062 0.495581 0.489062 0.495581 0.487500 0.493501 0.485937 0.491421 0.485937 0.489341 0.484375 0.481021 0.484375 0.481021 0.467187 0.487261 0.467187 0.489341 0.465625 0.489341 0.462500 0.491421 0.460938 0.491421 0.448437 0.489341 0.446875 0.489341 0.443750 0.487261 0.442187 0.481021 0.442187 0.481021 0.437500 0.487261 0.437500 0.491421 0.434375 0.491421 0.432812 0.493501 0.431250 0.493501 0.429688 0.497661 0.426562 0.497661 0.425000 0.499741 0.423437 0.499741 0.421875 0.501821 0.420312 0.501821 0.415625
1 0.493501 0.278125 0.493501 0.284375 0.495581 0.285937 0.497661 0.285937 0.499741 0.287500 0.499741 0.289062 0.503901 0.292187 0.503901 0.293750 0.505981 0.295312 0.505981 0.296875 0.508062 0.298437 0.508062 0.301562 0.510142 0.303125 0.510142 0.304688 0.514302 0.307813 0.520542 0.307813 0.520542 0.348437 0.514302 0.348437 0.512222 0.350000 0.512222 0.351562 0.510142 0.353125 0.508062 0.353125 0.501821 0.357812 0.501821 0.359375 0.487261 0.370312 0.487261 0.376562 0.429019 0.376562 0.429019 0.371875 0.424858 0.368750 0.418618 0.368750 0.416538 0.367188 0.412378 0.367188 0.410298 0.365625 0.408218 0.365625 0.406138 0.364062 0.404058 0.364062 0.395737 0.357812 0.395737 0.356250 0.387417 0.350000 0.387417 0.348437 0.385337 0.346875 0.385337 0.345312 0.383257 0.343750 0.383257 0.342187 0.379097 0.339062 0.372856 0.339062 0.372856 0.331250 0.379097 0.331250 0.381177 0.329687 0.381177 0.318750 0.383257 0.317187 0.383257 0.314062 0.408218 0.295312 0.408218 0.293750 0.410298 0.292187 0.412378 0.292187 0.416538 0.289062 0.416538 0.287500 0.422778 0.282812 0.422778 0.278125
2 0.670308 0.465625 0.670308 0.471875 0.672388 0.473437 0.674468 0.473437 0.678628 0.476562 0.680708 0.476562 0.686948 0.481250 0.686948 0.482812 0.691108 0.485937 0.691108 0.487500 0.697349 0.492188 0.703589 0.492188 0.703589 0.537500 0.697349 0.537500 0.691108 0.542187 0.691108 0.543750 0.674468 0.556250 0.672388 0.556250 0.668228 0.559375 0.664067 0.559375 0.661987 0.560937 0.659907 0.560937 0.657827 0.562500 0.653667 0.562500 0.649507 0.565625 0.649507 0.570312 0.609985 0.570312 0.609985 0.565625 0.605825 0.562500 0.603745 0.562500 0.601665 0.560937 0.599585 0.560937 0.597505 0.559375 0.593345 0.559375 0.587104 0.554687 0.585024 0.554687 0.578784 0.550000 0.578784 0.548437 0.574624 0.545312 0.574624 0.543750 0.572544 0.542187 0.564224 0.542187 0.564224 0.496875 0.570464 0.496875 0.580864 0.489062 0.580864 0.487500 0.585024 0.484375 0.587104 0.484375 0.599585 0.475000 0.601665 0.475000 0.603745 0.473437 0.605825 0.473437 0.609985 0.470312 0.609985 0.465625
2 0.751431 0.284375 0.751431 0.289062 0.757671 0.293750 0.759751 0.293750 0.765991 0.298437 0.768071 0.298437 0.772231 0.301562 0.774312 0.301562 0.774312 0.303125 0.788872 0.314062 0.795112 0.314062 0.795112 0.362500 0.788872 0.362500 0.782632 0.367188 0.782632 0.368750 0.761831 0.384375 0.759751 0.384375 0.757671 0.385937 0.755591 0.385937 0.753511 0.387500 0.751431 0.387500 0.747271 0.390625 0.747271 0.395312 0.709829 0.395312 0.709829 0.390625 0.701509 0.384375 0.699429 0.384375 0.689028 0.376562 0.686948 0.376562 0.684868 0.375000 0.682788 0.375000 0.670308 0.365625 0.670308 0.364062 0.666147 0.360937 0.666147 0.359375 0.664067 0.357812 0.655747 0.357812 0.655747 0.321875 0.661987 0.321875 0.666147 0.318750 0.666147 0.317187 0.668228 0.315625 0.668228 0.314062 0.672388 0.310937 0.672388 0.309375 0.676548 0.306250 0.676548 0.304688 0.686948 0.296875 0.689028 0.296875 0.693188 0.293750 0.695269 0.293750 0.697349 0.292187 0.699429 0.292187 0.703589 0.289062 0.703589 0.284375
2 0.485181 0.478125 0.485181 0.482812 0.489341 0.485937 0.491421 0.485937 0.493501 0.487500 0.495581 0.487500 0.499741 0.490625 0.501821 0.490625 0.505981 0.493750 0.508062 0.493750 0.522622 0.504687 0.524702 0.504687 0.526782 0.506250 0.526782 0.507812 0.528862 0.509375 0.537183 0.509375 0.537183 0.554687 0.530942 0.554687 0.526782 0.557812 0.526782 0.559375 0.522622 0.562500 0.522622 0.564062 0.516382 0.568750 0.516382 0.570312 0.499741 0.582812 0.497661 0.582812 0.493501 0.585937 0.491421 0.585937 0.489341 0.587500 0.485181 0.587500 0.483101 0.589062 0.483101 0.595312 0.441499 0.595312 0.441499 0.590625 0.437339 0.587500 0.435259 0.587500 0.433179 0.585937 0.431099 0.585937 0.429019 0.584375 0.426938 0.584375 0.424858 0.582812 0.422778 0.582812 0.408218 0.571875 0.408218 0.570312 0.406138 0.568750 0.397817 0.568750 0.397817 0.510937 0.404058 0.510937 0.410298 0.506250 0.410298 0.504687 0.412378 0.503125 0.412378 0.501562 0.429019 0.489062 0.431099 0.489062 0.433179 0.487500 0.435259 0.487500 0.437339 0.485937 0.441499 0.485937 0.445659 0.482812 0.445659 0.478125
2 0.595425 0.290625 0.595425 0.295312 0.599585 0.298437 0.601665 0.298437 0.603745 0.300000 0.605825 0.300000 0.624546 0.314062 0.624546 0.315625 0.626626 0.317187 0.626626 0.318750 0.630786 0.321875 0.637026 0.321875 0.637026 0.357812 0.630786 0.357812 0.626626 0.360937 0.626626 0.362500 0.616226 0.370312 0.614146 0.370312 0.605825 0.376562 0.603745 0.376562 0.595425 0.382812 0.593345 0.382812 0.582944 0.390625 0.582944 0.395312 0.545503 0.395312 0.545503 0.390625 0.539263 0.385937 0.537183 0.385937 0.535103 0.384375 0.533022 0.384375 0.512222 0.368750 0.505981 0.368750 0.505981 0.332812 0.512222 0.332812 0.514302 0.331250 0.514302 0.328125 0.516382 0.326562 0.516382 0.315625 0.518462 0.314062 0.518462 0.312500 0.520542 0.310937 0.520542 0.309375 0.526782 0.304688 0.526782 0.303125 0.528862 0.301562 0.530942 0.301562 0.535103 0.298437 0.537183 0.298437 0.541343 0.295312 0.541343 0.290625
2 0.716069 0.065625 0.716069 0.070312 0.718149 0.071875 0.720230 0.071875 0.722310 0.073437 0.730630 0.073437 0.732710 0.075000 0.738950 0.075000 0.741030 0.076562 0.743110 0.076562 0.745190 0.078125 0.747271 0.078125 0.749351 0.079687 0.753511 0.079687 0.755591 0.081250 0.757671 0.081250 0.761831 0.084375 0.763911 0.084375 0.765991 0.085938 0.768071 0.085938 0.772231 0.089062 0.774312 0.089062 0.778472 0.092187 0.780552 0.092187 0.782632 0.093750 0.784712 0.093750 0.788872 0.096875 0.790952 0.096875 0.795112 0.100000 0.797192 0.100000 0.809673 0.109375 0.809673 0.110937 0.811753 0.112500 0.813833 0.112500 0.815913 0.114062 0.815913 0.115625 0.817993 0.117188 0.817993 0.118750 0.822153 0.121875 0.828394 0.121875 0.828394 0.151562 0.822153 0.151562 0.817993 0.154687 0.817993 0.156250 0.815913 0.157812 0.815913 0.159375 0.809673 0.164062 0.809673 0.165625 0.797192 0.175000 0.795112 0.175000 0.788872 0.179688 0.786792 0.179688 0.784712 0.181250 0.782632 0.181250 0.778472 0.184375 0.778472 0.189062 0.741030 0.189062 0.741030 0.184375 0.738950 0.182812 0.736870 0.182812 0.734790 0.181250 0.728550 0.181250 0.726470 0.179688 0.720230 0.179688 0.718149 0.178125 0.713989 0.178125 0.711909 0.176562 0.707749 0.176562 0.705669 0.175000 0.699429 0.175000 0.697349 0.173437 0.691108 0.173437 0.689028 0.171875 0.682788 0.171875 0.680708 0.170312 0.676548 0.170312 0.674468 0.168750 0.668228 0.168750 0.666147 0.167187 0.657827 0.167187 0.655747 0.165625 0.649507 0.165625 0.647427 0.164062 0.643267 0.164062 0.641187 0.162500 0.634946 0.162500 0.632866 0.160937 0.626626 0.160937 0.624546 0.159375 0.620386 0.159375 0.614146 0.154687 0.612065 0.154687 0.605825 0.150000 0.605825 0.148437 0.601665 0.145312 0.601665 0.142187 0.599585 0.140625 0.599585 0.137500 0.595425 0.134375 0.589185 0.134375 0.589185 0.112500 0.597505 0.112500 0.599585 0.110937 0.599585 0.109375 0.601665 0.107812 0.601665 0.106250 0.603745 0.104687 0.603745 0.101562 0.609985 0.096875 0.609985 0.095312 0.612065 0.093750 0.612065 0.092187 0.616226 0.089062 0.616226 0.087500 0.620386 0.084375 0.620386 0.082812 0.628706 0.076562 0.630786 0.076562 0.632866 0.075000 0.634946 0.075000 0.637026 0.073437 0.643267 0.073437 0.645347 0.071875 0.647427 0.071875 0.649507 0.070312 0.649507 0.065625
1 0.520542 0.590625 0.524702 0.587500 0.526782 0.587500 0.537183 0.579687 0.539263 0.579687 0.541343 0.578125 0.545503 0.578125 0.547583 0.576562 0.587104 0.576562 0.589185 0.575000 0.591265 0.576562 0.597505 0.576562 0.599585 0.575000 0.605825 0.575000 0.607905 0.576562 0.622466 0.576562 0.624546 0.578125 0.630786 0.578125 0.630786 0.584375 0.637026 0.589062 0.647427 0.589062 0.649507 0.587500 0.655747 0.587500 0.655747 0.589062 0.657827 0.590625 0.657827 0.593750 0.659907 0.595312 0.659907 0.596875 0.661987 0.598437 0.666147 0.598437 0.668228 0.600000 0.678628 0.600000 0.678628 0.739062 0.607905 0.739062 0.607905 0.731250 0.609985 0.729687 0.609985 0.726562 0.612065 0.725000 0.612065 0.706250 0.609985 0.704687 0.609985 0.698437 0.607905 0.696875 0.607905 0.695312 0.601665 0.690625 0.599585 0.690625 0.597505 0.689062 0.593345 0.692187 0.593345 0.693750 0.587104 0.698437 0.587104 0.700000 0.585024 0.701562 0.585024 0.703125 0.576704 0.709375 0.576704 0.710938 0.566304 0.718750 0.564224 0.718750 0.557983 0.723437 0.555903 0.723437 0.553823 0.725000 0.551743 0.725000 0.549663 0.726562 0.547583 0.726562 0.545503 0.728125 0.541343 0.728125 0.539263 0.729687 0.530942 0.729687 0.528862 0.731250 0.516382 0.731250 0.514302 0.729687 0.501821 0.729687 0.499741 0.728125 0.495581 0.728125 0.491421 0.725000 0.489341 0.725000 0.478940 0.717187 0.476860 0.717187 0.474780 0.715625 0.474780 0.714062 0.468540 0.709375 0.468540 0.707812 0.462300 0.703125 0.456060 0.703125 0.456060 0.653125 0.462300 0.653125 0.468540 0.648438 0.468540 0.646875 0.478940 0.639062 0.478940 0.637500 0.481021 0.637500 0.487261 0.632812 0.487261 0.631250 0.491421 0.628125 0.491421 0.626562 0.495581 0.623438 0.495581 0.621875 0.497661 0.620312 0.497661 0.617188 0.499741 0.615625 0.499741 0.610937 0.501821 0.609375 0.501821 0.607813 0.503901 0.606250 0.503901 0.604687 0.520542 0.592187 0.520542 0.590625 0.456060 0.559375 0.456060 0.573437 0.462300 0.573437 0.464380 0.571875 0.612065 0.559375 0.647427 0.559375 0.647427 0.565625 0.624546 0.565625 0.622466 0.564062 0.620386 0.564062 0.618306 0.565625 0.612065 0.565625 0.612065 0.559375 0.464380 0.571875 0.468540 0.571875 0.472700 0.568750 0.472700 0.567187 0.476860 0.564062 0.476860 0.559375 0.456060 0.559375
2 0.337495 0.303125 0.337495 0.307813 0.339575 0.309375 0.341655 0.309375 0.343735 0.310937 0.345815 0.310937 0.347896 0.312500 0.349976 0.312500 0.352056 0.314062 0.354136 0.314062 0.362456 0.320312 0.364536 0.320312 0.364536 0.321875 0.370776 0.326562 0.370776 0.328125 0.372856 0.329687 0.372856 0.331250 0.374937 0.332812 0.374937 0.334375 0.377017 0.335938 0.377017 0.337500 0.379097 0.339062 0.387417 0.339062 0.387417 0.375000 0.381177 0.375000 0.377017 0.378125 0.374937 0.378125 0.372856 0.379687 0.372856 0.381250 0.368696 0.384375 0.366616 0.384375 0.364536 0.385937 0.364536 0.387500 0.354136 0.395312 0.354136 0.401562 0.291733 0.401562 0.291733 0.395312 0.289653 0.393750 0.287573 0.393750 0.285493 0.392187 0.283413 0.392187 0.270933 0.382812 0.270933 0.381250 0.268853 0.379687 0.268853 0.378125 0.262612 0.373437 0.256372 0.373437 0.256372 0.332812 0.262612 0.332812 0.268853 0.328125 0.268853 0.326562 0.287573 0.312500 0.289653 0.312500 0.291733 0.310937 0.293814 0.310937 0.297974 0.307813 0.297974 0.303125
1 0.273013 0.000000 0.273013 0.001562 0.268853 0.004687 0.268853 0.006250 0.266773 0.007812 0.266773 0.029687 0.268853 0.031250 0.270933 0.031250 0.273013 0.029687 0.273013 0.028125 0.275093 0.026562 0.275093 0.015625 0.279253 0.012500 0.287573 0.012500 0.287573 0.117188 0.268853 0.117188 0.266773 0.115625 0.264692 0.115625 0.260532 0.112500 0.260532 0.110937 0.258452 0.109375 0.258452 0.106250 0.254292 0.103125 0.248052 0.103125 0.241812 0.107812 0.241812 0.109375 0.239731 0.110937 0.239731 0.115625 0.237651 0.117188 0.237651 0.123437 0.239731 0.125000 0.239731 0.131250 0.237651 0.132812 0.237651 0.134375 0.235571 0.135937 0.235571 0.137500 0.231411 0.140625 0.221011 0.140625 0.218931 0.142187 0.202290 0.142187 0.200210 0.143750 0.181489 0.143750 0.179409 0.142187 0.177329 0.142187 0.175249 0.140625 0.173169 0.140625 0.171089 0.139062 0.169009 0.139062 0.164849 0.135937 0.162769 0.135937 0.160689 0.134375 0.158608 0.134375 0.156528 0.132812 0.154448 0.132812 0.146128 0.126562 0.146128 0.125000 0.141968 0.121875 0.139888 0.121875 0.133648 0.117188 0.131567 0.117188 0.129487 0.115625 0.127407 0.115625 0.125327 0.114062 0.123247 0.114062 0.119087 0.110937 0.117007 0.110937 0.114927 0.109375 0.112847 0.109375 0.100366 0.100000 0.098286 0.100000 0.096206 0.098437 0.096206 0.096875 0.092046 0.093750 0.089966 0.093750 0.087886 0.092187 0.081646 0.092187 0.081646 0.073437 0.087886 0.073437 0.092046 0.070312 0.092046 0.056250 0.087886 0.053125 0.081646 0.053125 0.081646 0.032812 0.087886 0.032812 0.089966 0.031250 0.089966 0.029687 0.092046 0.028125 0.092046 0.023438 0.094126 0.021875 0.094126 0.020312 0.096206 0.018750 0.098286 0.018750 0.100366 0.017187 0.102446 0.017187 0.104526 0.015625 0.106606 0.015625 0.112847 0.010937 0.112847 0.007812 0.114927 0.006250 0.114927 0.004687 0.117007 0.003125 0.117007 0.000000
1 0.102446 0.103125 0.102446 0.107812 0.106606 0.110937 0.108687 0.110937 0.117007 0.117188 0.119087 0.117188 0.129487 0.125000 0.131567 0.125000 0.133648 0.126562 0.133648 0.128125 0.141968 0.134375 0.144048 0.134375 0.148208 0.137500 0.154448 0.137500 0.154448 0.276562 0.125327 0.276562 0.125327 0.259375 0.123247 0.257812 0.123247 0.250000 0.125327 0.248437 0.125327 0.243750 0.127407 0.242188 0.129487 0.242188 0.131567 0.240625 0.131567 0.239062 0.133648 0.237500 0.133648 0.232812 0.135728 0.231250 0.135728 0.225000 0.131567 0.221875 0.123247 0.221875 0.121167 0.223437 0.119087 0.223437 0.117007 0.225000 0.110767 0.225000 0.106606 0.221875 0.104526 0.221875 0.100366 0.218750 0.100366 0.217187 0.096206 0.214062 0.092046 0.217187 0.089966 0.217187 0.075405 0.228125 0.075405 0.229687 0.071245 0.232812 0.071245 0.234375 0.060845 0.242188 0.060845 0.243750 0.056685 0.246875 0.054605 0.246875 0.042124 0.256250 0.040044 0.256250 0.033804 0.260937 0.031724 0.260937 0.025483 0.265625 0.023403 0.265625 0.019243 0.268750 0.017163 0.268750 0.013003 0.271875 0.013003 0.276562 0.000000 0.276562 0.000000 0.103125
1 0.535103 0.000000 0.535103 0.004687 0.533022 0.006250 0.533022 0.007812 0.526782 0.012500 0.524702 0.012500 0.518462 0.017187 0.516382 0.017187 0.514302 0.018750 0.512222 0.018750 0.508062 0.021875 0.505981 0.021875 0.503901 0.023438 0.497661 0.023438 0.495581 0.025000 0.489341 0.025000 0.487261 0.026562 0.499741 0.035937 0.501821 0.035937 0.512222 0.043750 0.514302 0.043750 0.514302 0.045312 0.520542 0.050000 0.522622 0.050000 0.530942 0.056250 0.533022 0.056250 0.537183 0.059375 0.537183 0.060937 0.541343 0.064062 0.541343 0.067187 0.543423 0.068750 0.543423 0.076562 0.545503 0.078125 0.545503 0.079687 0.547583 0.081250 0.553823 0.081250 0.553823 0.114062 0.547583 0.114062 0.539263 0.120312 0.539263 0.121875 0.537183 0.123437 0.535103 0.123437 0.524702 0.131250 0.514302 0.131250 0.512222 0.132812 0.510142 0.132812 0.508062 0.134375 0.505981 0.134375 0.493501 0.143750 0.491421 0.143750 0.485181 0.148437 0.483101 0.148437 0.481021 0.150000 0.478940 0.150000 0.476860 0.151562 0.474780 0.151562 0.472700 0.153125 0.470620 0.153125 0.468540 0.154687 0.462300 0.154687 0.460220 0.156250 0.456060 0.156250 0.453979 0.157812 0.449819 0.157812 0.447739 0.159375 0.447739 0.164062 0.408218 0.164062 0.408218 0.159375 0.406138 0.157812 0.404058 0.157812 0.401978 0.156250 0.393657 0.156250 0.391577 0.154687 0.381177 0.154687 0.379097 0.153125 0.372856 0.153125 0.370776 0.151562 0.364536 0.151562 0.362456 0.150000 0.358296 0.150000 0.356216 0.148437 0.352056 0.148437 0.349976 0.146875 0.345815 0.146875 0.343735 0.145312 0.341655 0.145312 0.339575 0.143750 0.337495 0.143750 0.335415 0.142187 0.333335 0.142187 0.331255 0.140625 0.329175 0.140625 0.325015 0.137500 0.322935 0.137500 0.320855 0.135937 0.318774 0.135937 0.304214 0.125000 0.302134 0.125000 0.297974 0.121875 0.295894 0.121875 0.291733 0.118750 0.279253 0.118750 0.277173 0.117188 0.270933 0.117188 0.268853 0.115625 0.264692 0.115625 0.260532 0.112500 0.260532 0.110937 0.258452 0.109375 0.258452 0.107812 0.256372 0.106250 0.256372 0.104687 0.254292 0.103125 0.248052 0.103125 0.248052 0.075000 0.254292 0.075000 0.256372 0.073437 0.256372 0.071875 0.258452 0.070312 0.258452 0.065625 0.260532 0.064062 0.260532 0.059375 0.262612 0.057812 0.262612 0.054688 0.264692 0.053125 0.264692 0.050000 0.266773 0.048437 0.266773 0.043750 0.268853 0.042187 0.268853 0.039062 0.270933 0.037500 0.270933 0.035937 0.273013 0.034375 0.273013 0.031250 0.275093 0.029687 0.275093 0.023438 0.277173 0.021875 0.277173 0.018750 0.279253 0.017187 0.279253 0.014062 0.281333 0.012500 0.281333 0.010937 0.283413 0.009375 0.283413 0.004687 0.285493 0.003125 0.285493 0.000000 0.395737 0.000000 0.395737 0.003125 0.393657 0.004687 0.393657 0.015625 0.395737 0.017187 0.399897 0.014062 0.399897 0.010937 0.401978 0.009375 0.401978 0.006250 0.399897 0.004687 0.399897 0.000000
1 0.337495 0.303125 0.337495 0.307813 0.341655 0.310937 0.345815 0.310937 0.347896 0.312500 0.349976 0.312500 0.352056 0.314062 0.354136 0.314062 0.362456 0.320312 0.364536 0.320312 0.364536 0.321875 0.370776 0.326562 0.370776 0.328125 0.372856 0.329687 0.372856 0.331250 0.374937 0.332812 0.374937 0.334375 0.381177 0.339062 0.387417 0.339062 0.387417 0.375000 0.381177 0.375000 0.377017 0.378125 0.374937 0.378125 0.372856 0.379687 0.372856 0.381250 0.354136 0.395312 0.354136 0.401562 0.291733 0.401562 0.291733 0.395312 0.289653 0.393750 0.287573 0.393750 0.285493 0.392187 0.283413 0.392187 0.270933 0.382812 0.270933 0.381250 0.268853 0.379687 0.268853 0.378125 0.262612 0.373437 0.256372 0.373437 0.256372 0.332812 0.262612 0.332812 0.268853 0.328125 0.268853 0.326562 0.287573 0.312500 0.289653 0.312500 0.291733 0.310937 0.293814 0.310937 0.297974 0.307813 0.297974 0.303125