0 0.317212 0.621875 0.317212 0.626562 0.313052 0.629687 0.310972 0.629687 0.306812 0.632812 0.304731 0.632812 0.302651 0.634375 0.300571 0.634375 0.283931 0.646875 0.283931 0.648438 0.275610 0.654687 0.275610 0.656250 0.273530 0.657812 0.273530 0.660937 0.271450 0.662500 0.263130 0.662500 0.263130 0.700000 0.269370 0.700000 0.273530 0.703125 0.273530 0.704687 0.277690 0.707812 0.277690 0.709375 0.283931 0.714062 0.283931 0.715625 0.302651 0.729687 0.304731 0.729687 0.306812 0.731250 0.308892 0.731250 0.310972 0.732812 0.310972 0.739062 0.379614 0.739062 0.379614 0.734375 0.383774 0.731250 0.385854 0.731250 0.387935 0.729687 0.390015 0.729687 0.408735 0.715625 0.408735 0.714062 0.412896 0.710938 0.412896 0.709375 0.414976 0.707812 0.414976 0.706250 0.417056 0.704687 0.417056 0.703125 0.421216 0.700000 0.427456 0.700000 0.427456 0.667187 0.421216 0.667187 0.417056 0.664062 0.417056 0.660937 0.414976 0.659375 0.414976 0.657812 0.412896 0.656250 0.412896 0.654687 0.408735 0.651562 0.408735 0.650000 0.404575 0.646875 0.404575 0.645312 0.400415 0.642187 0.398335 0.642187 0.390015 0.635937 0.387935 0.635937 0.383774 0.632812 0.381694 0.632812 0.379614 0.631250 0.375454 0.631250 0.373374 0.629687 0.365054 0.629687 0.362974 0.628125 0.360894 0.628125 0.358813 0.626562 0.358813 0.621875
1 0.369214 0.528125 0.369214 0.532812 0.365054 0.535937 0.362974 0.535937 0.360894 0.537500 0.358813 0.537500 0.354653 0.540625 0.352573 0.540625 0.350493 0.542187 0.348413 0.542187 0.346333 0.543750 0.344253 0.543750 0.342173 0.545312 0.340093 0.545312 0.327612 0.554687 0.321372 0.554687 0.321372 0.603125 0.327612 0.603125 0.333853 0.607813 0.333853 0.609375 0.346333 0.618750 0.348413 0.618750 0.352573 0.621875 0.354653 0.621875 0.356733 0.623438 0.358813 0.623438 0.362974 0.626562 0.365054 0.626562 0.367134 0.628125 0.367134 0.632812 0.412896 0.632812 0.412896 0.628125 0.417056 0.625000 0.421216 0.625000 0.425376 0.621875 0.427456 0.621875 0.429536 0.620312 0.431616 0.620312 0.442017 0.612500 0.444097 0.612500 0.450337 0.607813 0.452417 0.607813 0.454497 0.606250 0.460737 0.606250 0.460737 0.556250 0.454497 0.556250 0.450337 0.553125 0.450337 0.551562 0.437856 0.542187 0.437856 0.540625 0.435776 0.540625 0.433696 0.539062 0.431616 0.539062 0.427456 0.535937 0.425376 0.535937 0.419136 0.540625 0.414976 0.540625 0.412896 0.539062 0.410815 0.539062 0.408735 0.540625 0.406655 0.540625 0.404575 0.542187 0.400415 0.539062 0.400415 0.537500 0.398335 0.535937 0.398335 0.528125
0 0.573062 0.553125 0.573062 0.557812 0.568901 0.560937 0.564741 0.560937 0.562661 0.562500 0.560581 0.562500 0.541860 0.576562 0.541860 0.578125 0.535620 0.582812 0.535620 0.584375 0.527300 0.590625 0.521060 0.590625 0.521060 0.621875 0.527300 0.621875 0.529380 0.623438 0.529380 0.626562 0.535620 0.626562 0.541860 0.631250 0.541860 0.632812 0.556421 0.643750 0.556421 0.645312 0.562661 0.650000 0.564741 0.650000 0.566821 0.651562 0.566821 0.653125 0.568901 0.654687 0.570981 0.654687 0.577222 0.659375 0.577222 0.664062 0.637544 0.664062 0.637544 0.659375 0.641704 0.656250 0.645864 0.656250 0.647944 0.654687 0.650024 0.654687 0.652104 0.653125 0.656265 0.653125 0.660425 0.650000 0.662505 0.650000 0.679145 0.637500 0.679145 0.635937 0.681226 0.634375 0.681226 0.632812 0.683306 0.631250 0.683306 0.629687 0.687466 0.626562 0.693706 0.626562 0.693706 0.593750 0.687466 0.593750 0.683306 0.590625 0.683306 0.587500 0.681226 0.585937 0.681226 0.584375 0.679145 0.582812 0.679145 0.581250 0.674985 0.578125 0.674985 0.576562 0.670825 0.573437 0.670825 0.571875 0.662505 0.565625 0.662505 0.564062 0.660425 0.564062 0.652104 0.557812 0.652104 0.553125
0 0.558501 0.365625 0.558501 0.370312 0.556421 0.371875 0.552261 0.371875 0.550181 0.373437 0.543940 0.373437 0.541860 0.375000 0.539780 0.375000 0.533540 0.379687 0.531460 0.379687 0.514819 0.392187 0.514819 0.393750 0.510659 0.396875 0.504419 0.396875 0.504419 0.442187 0.512739 0.442187 0.518979 0.446875 0.521060 0.446875 0.529380 0.453125 0.531460 0.453125 0.537700 0.457812 0.537700 0.464062 0.600103 0.464062 0.600103 0.459375 0.604263 0.456250 0.606343 0.456250 0.610503 0.453125 0.612583 0.453125 0.620903 0.446875 0.620903 0.445312 0.625063 0.442187 0.625063 0.440625 0.629224 0.437500 0.635464 0.437500 0.635464 0.392187 0.629224 0.392187 0.620903 0.385937 0.620903 0.384375 0.614663 0.379687 0.612583 0.379687 0.606343 0.375000 0.604263 0.375000 0.602183 0.373437 0.600103 0.373437 0.598022 0.371875 0.595942 0.371875 0.593862 0.370312 0.593862 0.365625
1 0.398335 0.346875 0.398335 0.351562 0.392095 0.356250 0.390015 0.356250 0.385854 0.359375 0.383774 0.359375 0.375454 0.365625 0.375454 0.367188 0.369214 0.371875 0.362974 0.371875 0.362974 0.423437 0.371294 0.423437 0.385854 0.434375 0.387935 0.434375 0.392095 0.437500 0.394175 0.437500 0.396255 0.439062 0.396255 0.445312 0.462817 0.445312 0.462817 0.440625 0.469058 0.435937 0.471138 0.435937 0.481538 0.428125 0.481538 0.426562 0.487778 0.421875 0.494019 0.421875 0.494019 0.371875 0.485698 0.371875 0.479458 0.367188 0.479458 0.365625 0.466978 0.356250 0.464897 0.356250 0.458657 0.351562 0.458657 0.346875
0 0.286011 0.409375 0.286011 0.414062 0.281851 0.417187 0.279770 0.417187 0.277690 0.418750 0.275610 0.418750 0.271450 0.421875 0.269370 0.421875 0.265210 0.425000 0.263130 0.425000 0.250649 0.434375 0.250649 0.435937 0.246489 0.439062 0.246489 0.440625 0.244409 0.442187 0.244409 0.443750 0.242329 0.445312 0.242329 0.446875 0.240249 0.448437 0.240249 0.451562 0.236089 0.454687 0.229849 0.454687 0.229849 0.482812 0.236089 0.482812 0.240249 0.485937 0.240249 0.487500 0.242329 0.489062 0.242329 0.490625 0.246489 0.493750 0.246489 0.495312 0.250649 0.498437 0.250649 0.500000 0.269370 0.514062 0.271450 0.514062 0.273530 0.515625 0.275610 0.515625 0.277690 0.517187 0.279770 0.517187 0.281851 0.518750 0.286011 0.518750 0.288091 0.520312 0.290171 0.520312 0.292251 0.521875 0.292251 0.526562 0.319292 0.526562 0.319292 0.521875 0.323452 0.518750 0.327612 0.518750 0.329692 0.517187 0.335933 0.517187 0.338013 0.515625 0.340093 0.515625 0.342173 0.514062 0.344253 0.514062 0.346333 0.512500 0.348413 0.512500 0.350493 0.510937 0.352573 0.510937 0.369214 0.498437 0.369214 0.496875 0.373374 0.493750 0.373374 0.492188 0.375454 0.490625 0.375454 0.489062 0.379614 0.485937 0.385854 0.485937 0.385854 0.442187 0.379614 0.442187 0.373374 0.437500 0.373374 0.435937 0.358813 0.425000 0.356733 0.425000 0.352573 0.421875 0.350493 0.421875 0.348413 0.420312 0.346333 0.420312 0.344253 0.418750 0.342173 0.418750 0.340093 0.417187 0.338013 0.417187 0.333853 0.414062 0.333853 0.409375
1 0.581382 0.459375 0.581382 0.465625 0.579302 0.467187 0.577222 0.467187 0.573062 0.470312 0.570981 0.470312 0.568901 0.471875 0.566821 0.471875 0.560581 0.476562 0.558501 0.476562 0.556421 0.478125 0.556421 0.479687 0.554341 0.481250 0.554341 0.482812 0.550181 0.485937 0.550181 0.487500 0.548101 0.489062 0.548101 0.490625 0.543940 0.493750 0.537700 0.493750 0.537700 0.535937 0.543940 0.535937 0.550181 0.540625 0.552261 0.540625 0.566821 0.551562 0.566821 0.557812 0.647944 0.557812 0.647944 0.553125 0.652104 0.550000 0.654185 0.550000 0.656265 0.548437 0.658345 0.548437 0.670825 0.539062 0.670825 0.537500 0.672905 0.535937 0.672905 0.534375 0.674985 0.532812 0.674985 0.531250 0.679145 0.528125 0.685386 0.528125 0.685386 0.503125 0.679145 0.503125 0.677065 0.501562 0.674985 0.501562 0.672905 0.500000 0.672905 0.498437 0.670825 0.496875 0.670825 0.495312 0.662505 0.489062 0.662505 0.487500 0.654185 0.481250 0.654185 0.479687 0.641704 0.470312 0.639624 0.470312 0.635464 0.467187 0.631304 0.467187 0.629224 0.465625 0.629224 0.459375
0 0.394175 0.240625 0.394175 0.245312 0.390015 0.248437 0.385854 0.248437 0.381694 0.251562 0.379614 0.251562 0.367134 0.260937 0.367134 0.262500 0.360894 0.267187 0.354653 0.267187 0.354653 0.315625 0.360894 0.315625 0.367134 0.320312 0.367134 0.323437 0.369214 0.325000 0.369214 0.326562 0.379614 0.334375 0.379614 0.339062 0.446177 0.339062 0.446177 0.332812 0.448257 0.331250 0.448257 0.328125 0.450337 0.326562 0.450337 0.307813 0.452417 0.306250 0.452417 0.301562 0.454497 0.300000 0.454497 0.296875 0.456577 0.295312 0.456577 0.293750 0.458657 0.292187 0.458657 0.290625 0.460737 0.289062 0.460737 0.287500 0.464897 0.284375 0.464897 0.282812 0.466978 0.281250 0.466978 0.279687 0.471138 0.276562 0.477378 0.276562 0.477378 0.271875 0.471138 0.271875 0.469058 0.270312 0.469058 0.268750 0.466978 0.267187 0.466978 0.264062 0.448257 0.250000 0.446177 0.250000 0.444097 0.248437 0.442017 0.248437 0.437856 0.245312 0.437856 0.240625
2 0.693706 0.403125 0.693706 0.407812 0.689546 0.410937 0.685386 0.410937 0.681226 0.414062 0.679145 0.414062 0.670825 0.420312 0.668745 0.420312 0.668745 0.421875 0.660425 0.428125 0.660425 0.429688 0.658345 0.431250 0.658345 0.432812 0.656265 0.434375 0.656265 0.435937 0.652104 0.439062 0.645864 0.439062 0.645864 0.475000 0.652104 0.475000 0.660425 0.481250 0.660425 0.482812 0.666665 0.487500 0.666665 0.489062 0.674985 0.495312 0.674985 0.496875 0.679145 0.500000 0.679145 0.501562 0.681226 0.503125 0.683306 0.503125 0.691626 0.509375 0.691626 0.514062 0.729067 0.514062 0.729067 0.509375 0.731147 0.507812 0.733227 0.507812 0.735308 0.506250 0.737388 0.506250 0.739468 0.504687 0.745708 0.504687 0.747788 0.503125 0.749868 0.503125 0.751948 0.501562 0.754028 0.501562 0.758188 0.498437 0.760269 0.498437 0.772749 0.489062 0.772749 0.487500 0.778989 0.482812 0.778989 0.481250 0.781069 0.479687 0.781069 0.476562 0.783149 0.475000 0.783149 0.471875 0.785229 0.470312 0.785229 0.468750 0.787310 0.467187 0.793550 0.467187 0.793550 0.450000 0.787310 0.450000 0.783149 0.446875 0.783149 0.443750 0.781069 0.442187 0.781069 0.439062 0.778989 0.437500 0.778989 0.435937 0.774829 0.432812 0.774829 0.431250 0.770669 0.428125 0.770669 0.426562 0.756108 0.415625 0.754028 0.415625 0.749868 0.412500 0.747788 0.412500 0.745708 0.410937 0.743628 0.410937 0.739468 0.407812 0.739468 0.403125
1 0.011440 0.253125 0.011440 0.257812 0.005200 0.262500 0.000000 0.262500 0.000000 0.332812 0.005200 0.332812 0.011440 0.337500 0.013521 0.337500 0.017681 0.340625 0.017681 0.345312 0.090483 0.345312 0.090483 0.339062 0.092563 0.337500 0.094644 0.337500 0.100884 0.332812 0.100884 0.331250 0.107124 0.326562 0.107124 0.325000 0.109204 0.323437 0.109204 0.320312 0.113364 0.317187 0.119604 0.317187 0.119604 0.285937 0.111284 0.285937 0.109204 0.284375 0.109204 0.282812 0.107124 0.281250 0.107124 0.279687 0.084243 0.262500 0.082163 0.262500 0.080083 0.260937 0.078003 0.260937 0.073843 0.257812 0.073843 0.253125
1 0.631304 0.259375 0.631304 0.264062 0.627144 0.267187 0.625063 0.267187 0.620903 0.270312 0.618823 0.270312 0.608423 0.278125 0.608423 0.279687 0.606343 0.281250 0.606343 0.282812 0.602183 0.285937 0.602183 0.287500 0.600103 0.289062 0.600103 0.290625 0.598022 0.292187 0.598022 0.293750 0.593862 0.296875 0.587622 0.296875 0.587622 0.318750 0.593862 0.318750 0.595942 0.320312 0.595942 0.321875 0.598022 0.323437 0.598022 0.326562 0.602183 0.329687 0.602183 0.331250 0.604263 0.332812 0.604263 0.334375 0.608423 0.337500 0.608423 0.339062 0.622983 0.350000 0.625063 0.350000 0.627144 0.351562 0.627144 0.357812 0.677065 0.357812 0.677065 0.353125 0.681226 0.350000 0.683306 0.350000 0.685386 0.348437 0.687466 0.348437 0.697866 0.340625 0.697866 0.339062 0.704106 0.334375 0.704106 0.332812 0.706186 0.331250 0.706186 0.329687 0.708267 0.328125 0.708267 0.326562 0.712427 0.323437 0.718667 0.323437 0.718667 0.292187 0.712427 0.292187 0.708267 0.289062 0.708267 0.287500 0.706186 0.285937 0.706186 0.284375 0.695786 0.276562 0.695786 0.275000 0.693706 0.275000 0.687466 0.270312 0.683306 0.270312 0.681226 0.268750 0.677065 0.268750 0.670825 0.264062 0.670825 0.259375
2 0.479458 0.609375 0.479458 0.614062 0.475298 0.617188 0.473218 0.617188 0.471138 0.618750 0.469058 0.618750 0.464897 0.621875 0.462817 0.621875 0.456577 0.626562 0.454497 0.626562 0.448257 0.631250 0.448257 0.632812 0.439936 0.639062 0.439936 0.640625 0.435776 0.643750 0.429536 0.643750 0.429536 0.698437 0.435776 0.698437 0.442017 0.703125 0.442017 0.704687 0.444097 0.706250 0.444097 0.707812 0.452417 0.714062 0.452417 0.715625 0.454497 0.715625 0.464897 0.723437 0.466978 0.723437 0.469058 0.725000 0.471138 0.725000 0.473218 0.726562 0.473218 0.732812 0.543940 0.732812 0.543940 0.728125 0.550181 0.723437 0.552261 0.723437 0.560581 0.717187 0.562661 0.717187 0.575142 0.707812 0.575142 0.706250 0.581382 0.701562 0.581382 0.700000 0.583462 0.698437 0.583462 0.696875 0.587622 0.693750 0.593862 0.693750 0.593862 0.653125 0.585542 0.653125 0.583462 0.651562 0.581382 0.651562 0.579302 0.650000 0.577222 0.650000 0.575142 0.648438 0.570981 0.648438 0.554341 0.635937 0.552261 0.635937 0.550181 0.634375 0.550181 0.632812 0.548101 0.631250 0.548101 0.629687 0.546021 0.628125 0.546021 0.623438 0.548101 0.621875 0.548101 0.620312 0.550181 0.618750 0.564741 0.618750 0.566821 0.620312 0.568901 0.620312 0.577222 0.626562 0.577222 0.628125 0.579302 0.629687 0.583462 0.629687 0.585542 0.631250 0.593862 0.631250 0.593862 0.609375
2 0.219448 0.528125 0.219448 0.532812 0.215288 0.535937 0.213208 0.535937 0.211128 0.537500 0.209048 0.537500 0.206968 0.539062 0.204888 0.539062 0.200728 0.542187 0.198647 0.542187 0.194487 0.545312 0.192407 0.545312 0.192407 0.546875 0.184087 0.553125 0.184087 0.554687 0.182007 0.556250 0.182007 0.557812 0.179927 0.559375 0.171606 0.559375 0.171606 0.609375 0.179927 0.609375 0.182007 0.610937 0.182007 0.612500 0.186167 0.615625 0.186167 0.617188 0.200728 0.628125 0.202808 0.628125 0.204888 0.629687 0.206968 0.629687 0.213208 0.634375 0.213208 0.639062 0.269370 0.639062 0.269370 0.634375 0.275610 0.629687 0.277690 0.629687 0.279770 0.628125 0.281851 0.628125 0.286011 0.625000 0.288091 0.625000 0.294331 0.620312 0.296411 0.620312 0.296411 0.618750 0.304731 0.612500 0.310972 0.612500 0.310972 0.553125 0.304731 0.553125 0.294331 0.545312 0.292251 0.545312 0.290171 0.543750 0.288091 0.543750 0.283931 0.540625 0.281851 0.540625 0.277690 0.537500 0.273530 0.537500 0.271450 0.535937 0.269370 0.535937 0.265210 0.532812 0.265210 0.528125
2 0.442017 0.448437 0.439936 0.450000 0.437856 0.450000 0.433696 0.453125 0.431616 0.453125 0.429536 0.454687 0.425376 0.454687 0.421216 0.457812 0.419136 0.457812 0.408735 0.465625 0.408735 0.467187 0.406655 0.468750 0.406655 0.470312 0.402495 0.473437 0.396255 0.473437 0.396255 0.510937 0.402495 0.510937 0.406655 0.514062 0.406655 0.515625 0.412896 0.520312 0.412896 0.521875 0.429536 0.534375 0.431616 0.534375 0.435776 0.537500 0.437856 0.537500 0.439936 0.539062 0.442017 0.539062 0.444097 0.540625 0.446177 0.540625 0.448257 0.542187 0.452417 0.542187 0.454497 0.543750 0.456577 0.543750 0.458657 0.545312 0.460737 0.545312 0.462817 0.546875 0.462817 0.551562 0.489858 0.551562 0.489858 0.546875 0.491938 0.545312 0.494019 0.545312 0.496099 0.543750 0.498179 0.543750 0.500259 0.542187 0.504419 0.542187 0.508579 0.539062 0.510659 0.539062 0.521060 0.531250 0.521060 0.529687 0.525220 0.526562 0.525220 0.525000 0.531460 0.520312 0.531460 0.518750 0.533540 0.517187 0.533540 0.514062 0.537700 0.510937 0.543940 0.510937 0.543940 0.460938 0.535620 0.460938 0.525220 0.453125 0.523140 0.453125 0.512739 0.445312 0.510659 0.445312 0.508579 0.443750 0.489858 0.443750 0.487778 0.442187 0.485698 0.442187 0.483618 0.443750 0.477378 0.443750 0.471138 0.439062 0.471138 0.434375 0.460737 0.434375 0.460737 0.440625 0.458657 0.442187 0.456577 0.442187 0.454497 0.443750 0.450337 0.443750 0.444097 0.448437 0.442017 0.448437 0.433696 0.439062 0.433696 0.434375 0.410815 0.434375 0.410815 0.439062 0.423296 0.439062 0.425376 0.440625 0.429536 0.440625 0.431616 0.439062 0.433696 0.439062
2 0.456577 0.282812 0.456577 0.284375 0.452417 0.287500 0.446177 0.287500 0.446177 0.337500 0.452417 0.337500 0.471138 0.351562 0.473218 0.351562 0.477378 0.354687 0.479458 0.354687 0.481538 0.356250 0.483618 0.356250 0.485698 0.357812 0.487778 0.357812 0.491938 0.360937 0.494019 0.360937 0.496099 0.362500 0.498179 0.362500 0.500259 0.364062 0.500259 0.370312 0.556421 0.370312 0.556421 0.365625 0.560581 0.362500 0.562661 0.362500 0.577222 0.351562 0.577222 0.350000 0.581382 0.346875 0.581382 0.345312 0.587622 0.340625 0.593862 0.340625 0.593862 0.304688 0.587622 0.304688 0.583462 0.301562 0.583462 0.300000 0.581382 0.298437 0.581382 0.296875 0.577222 0.293750 0.577222 0.292187 0.573062 0.289062 0.573062 0.287500 0.570981 0.285937 0.570981 0.284375 0.564741 0.279687 0.564741 0.278125 0.558501 0.273437 0.556421 0.273437 0.552261 0.270312 0.550181 0.270312 0.548101 0.268750 0.546021 0.268750 0.543940 0.267187 0.541860 0.267187 0.537700 0.264062 0.537700 0.259375 0.500259 0.259375 0.500259 0.264062 0.496099 0.267187 0.494019 0.267187 0.491938 0.268750 0.489858 0.268750 0.487778 0.270312 0.485698 0.270312 0.481538 0.273437 0.479458 0.273437 0.477378 0.275000 0.475298 0.275000 0.473218 0.276562 0.471138 0.276562 0.469058 0.278125 0.466978 0.278125 0.462817 0.281250 0.460737 0.281250 0.458657 0.282812 0.456577 0.282812 0.452417 0.275000 0.452417 0.273437 0.454497 0.271875 0.454497 0.259375 0.446177 0.259375 0.446177 0.275000 0.452417 0.275000
1 0.986997 0.503125 0.986997 0.507812 0.976597 0.515625 0.974517 0.515625 0.968276 0.520312 0.966196 0.520312 0.964116 0.521875 0.962036 0.521875 0.959956 0.523437 0.957876 0.523437 0.955796 0.525000 0.953716 0.525000 0.951636 0.526562 0.947476 0.526562 0.945395 0.528125 0.943315 0.528125 0.941235 0.529687 0.937075 0.529687 0.934995 0.531250 0.932915 0.531250 0.930835 0.532812 0.928755 0.532812 0.920435 0.539062 0.918354 0.539062 0.918354 0.540625 0.907954 0.548437 0.907954 0.550000 0.901714 0.554687 0.895474 0.554687 0.895474 0.603125 0.901714 0.603125 0.905874 0.606250 0.905874 0.607813 0.910034 0.610937 0.910034 0.612500 0.914194 0.615625 0.914194 0.617188 0.916274 0.618750 0.916274 0.620312 0.918354 0.621875 0.918354 0.626562 0.916274 0.628125 0.916274 0.631250 0.914194 0.632812 0.914194 0.635937 0.912114 0.637500 0.912114 0.639062 0.907954 0.642187 0.907954 0.654687 0.910034 0.656250 0.910034 0.657812 0.928755 0.671875 0.928755 0.676562 0.957876 0.676562 0.957876 0.671875 0.962036 0.668750 0.964116 0.668750 0.966196 0.667187 0.968276 0.667187 0.970356 0.665625 0.972437 0.665625 0.974517 0.664062 0.976597 0.664062 0.980757 0.660937 0.982837 0.660937 0.986997 0.657812 0.989077 0.657812 0.995317 0.653125 1.000000 0.653125 1.000000 0.503125
1 0.000000 0.528125 0.000000 0.664062 0.019761 0.664062 0.019761 0.659375 0.021841 0.657812 0.023921 0.657812 0.026001 0.656250 0.030161 0.656250 0.032241 0.654687 0.036401 0.654687 0.038481 0.653125 0.044722 0.653125 0.046802 0.651562 0.048882 0.651562 0.067603 0.637500 0.078003 0.637500 0.078003 0.595312 0.069683 0.595312 0.067603 0.593750 0.067603 0.590625 0.065522 0.589062 0.065522 0.564062 0.063442 0.562500 0.063442 0.557812 0.061362 0.556250 0.061362 0.554687 0.059282 0.553125 0.059282 0.551562 0.057202 0.550000 0.057202 0.548437 0.055122 0.546875 0.055122 0.545312 0.040562 0.534375 0.040562 0.528125
2 0.300571 0.315625 0.300571 0.320312 0.296411 0.323437 0.292251 0.323437 0.290171 0.325000 0.286011 0.325000 0.281851 0.328125 0.279770 0.328125 0.261050 0.342187 0.261050 0.343750 0.256890 0.346875 0.256890 0.348437 0.252729 0.351562 0.246489 0.351562 0.246489 0.406250 0.256890 0.406250 0.261050 0.409375 0.261050 0.414062 0.333853 0.414062 0.333853 0.409375 0.338013 0.406250 0.340093 0.406250 0.342173 0.404687 0.344253 0.404687 0.354653 0.396875 0.354653 0.395312 0.356733 0.393750 0.356733 0.392187 0.360894 0.389062 0.360894 0.387500 0.362974 0.385937 0.362974 0.381250 0.365054 0.379687 0.365054 0.376562 0.367134 0.375000 0.367134 0.373437 0.369214 0.371875 0.369214 0.370312 0.371294 0.368750 0.377534 0.368750 0.377534 0.357812 0.371294 0.357812 0.369214 0.356250 0.369214 0.354687 0.367134 0.353125 0.367134 0.350000 0.365054 0.348437 0.365054 0.345312 0.360894 0.342187 0.360894 0.340625 0.354653 0.335938 0.354653 0.334375 0.344253 0.326562 0.342173 0.326562 0.340093 0.325000 0.338013 0.325000 0.335933 0.323437 0.333853 0.323437 0.329692 0.320312 0.329692 0.315625
2 0.591782 0.953125 0.591782 0.957812 0.587622 0.960938 0.581382 0.960938 0.579302 0.962500 0.577222 0.962500 0.573062 0.965625 0.568901 0.965625 0.566821 0.967187 0.560581 0.967187 0.558501 0.968750 0.554341 0.968750 0.552261 0.970312 0.548101 0.970312 0.546021 0.971875 0.541860 0.971875 0.539780 0.973437 0.535620 0.973437 0.533540 0.975000 0.527300 0.975000 0.523140 0.978125 0.521060 0.978125 0.518979 0.979687 0.516899 0.979687 0.506499 0.987500 0.506499 0.989062 0.504419 0.990625 0.496099 0.990625 0.496099 0.998437 0.768589 0.998437 0.768589 0.996875 0.766509 0.995312 0.766509 0.993750 0.764429 0.992188 0.764429 0.989062 0.762349 0.987500 0.762349 0.985937 0.758188 0.982812 0.758188 0.981250 0.747788 0.973437 0.745708 0.973437 0.739468 0.968750 0.737388 0.968750 0.735308 0.967187 0.733227 0.967187 0.731147 0.965625 0.729067 0.965625 0.726987 0.964062 0.722827 0.964062 0.720747 0.962500 0.716587 0.962500 0.714507 0.960938 0.712427 0.960938 0.710347 0.959375 0.708267 0.959375 0.706186 0.957812 0.706186 0.953125
2 0.227769 0.765625 0.223608 0.768750 0.221528 0.768750 0.219448 0.770312 0.215288 0.770312 0.213208 0.771875 0.211128 0.771875 0.209048 0.773438 0.204888 0.773438 0.202808 0.775000 0.186167 0.775000 0.184087 0.773438 0.165366 0.773438 0.163286 0.775000 0.150806 0.775000 0.148726 0.776562 0.146646 0.776562 0.144565 0.775000 0.140405 0.775000 0.138325 0.773438 0.134165 0.773438 0.132085 0.771875 0.130005 0.771875 0.127925 0.770312 0.123765 0.770312 0.121685 0.768750 0.119604 0.770312 0.113364 0.770312 0.107124 0.775000 0.105044 0.775000 0.102964 0.776562 0.096724 0.776562 0.096724 0.842187 0.102964 0.842187 0.107124 0.845312 0.107124 0.848437 0.109204 0.850000 0.109204 0.856250 0.111284 0.857812 0.111284 0.864062 0.113364 0.865625 0.113364 0.867188 0.115444 0.868750 0.115444 0.870312 0.117524 0.871875 0.117524 0.875000 0.119604 0.876562 0.119604 0.878125 0.121685 0.879687 0.121685 0.882812 0.123765 0.884375 0.123765 0.885937 0.127925 0.889062 0.127925 0.890625 0.130005 0.892187 0.130005 0.893750 0.132085 0.895312 0.132085 0.896875 0.134165 0.898438 0.134165 0.900000 0.136245 0.901562 0.136245 0.903125 0.138325 0.904687 0.138325 0.906250 0.140405 0.907812 0.140405 0.909375 0.142485 0.910937 0.142485 0.912500 0.146646 0.915625 0.146646 0.917187 0.148726 0.918750 0.148726 0.920312 0.150806 0.921875 0.150806 0.923437 0.152886 0.925000 0.152886 0.926562 0.157046 0.929688 0.157046 0.931250 0.169526 0.940625 0.169526 0.945312 0.229849 0.945312 0.229849 0.940625 0.234009 0.937500 0.236089 0.937500 0.238169 0.935937 0.240249 0.935937 0.244409 0.932812 0.246489 0.932812 0.261050 0.921875 0.261050 0.920312 0.265210 0.917187 0.265210 0.915625 0.267290 0.914062 0.267290 0.912500 0.271450 0.909375 0.277690 0.909375 0.277690 0.859375 0.271450 0.859375 0.267290 0.856250 0.267290 0.854687 0.265210 0.853125 0.265210 0.850000 0.263130 0.848437 0.263130 0.845312 0.261050 0.843750 0.261050 0.842187 0.258970 0.840625 0.258970 0.837500 0.256890 0.835938 0.256890 0.832812 0.254810 0.831250 0.254810 0.828125 0.252729 0.826562 0.252729 0.825000 0.250649 0.823437 0.250649 0.820312 0.248569 0.818750 0.248569 0.812500 0.246489 0.810937 0.246489 0.806250 0.244409 0.804688 0.244409 0.803125 0.242329 0.801562 0.242329 0.800000 0.240249 0.798437 0.240249 0.795312 0.238169 0.793750 0.238169 0.792187 0.234009 0.789062 0.234009 0.787500 0.231929 0.785937 0.227769 0.785937 0.225688 0.784375 0.209048 0.784375 0.206968 0.785937 0.196567 0.785937 0.194487 0.784375 0.192407 0.785937 0.188247 0.785937 0.186167 0.784375 0.177847 0.784375 0.175767 0.782812 0.177847 0.781250 0.200728 0.781250 0.202808 0.779687 0.204888 0.781250 0.227769 0.781250 0.229849 0.779687 0.229849 0.770312 0.227769 0.768750
1 0.866352 0.515625 0.866352 0.520312 0.864272 0.521875 0.860112 0.521875 0.858032 0.523437 0.853872 0.523437 0.851792 0.525000 0.849712 0.525000 0.843472 0.529687 0.841392 0.529687 0.839311 0.531250 0.837231 0.531250 0.828911 0.537500 0.826831 0.537500 0.824751 0.539062 0.824751 0.540625 0.816431 0.546875 0.816431 0.548437 0.812270 0.551562 0.812270 0.553125 0.808110 0.556250 0.808110 0.559375 0.806030 0.560937 0.806030 0.562500 0.801870 0.565625 0.795630 0.565625 0.795630 0.598437 0.801870 0.598437 0.803950 0.600000 0.803950 0.601562 0.806030 0.603125 0.806030 0.606250 0.808110 0.607813 0.808110 0.609375 0.810190 0.610937 0.810190 0.612500 0.814351 0.615625 0.814351 0.617188 0.816431 0.618750 0.816431 0.621875 0.818511 0.623438 0.818511 0.626562 0.820591 0.628125 0.818511 0.629687 0.818511 0.632812 0.810190 0.639062 0.810190 0.640625 0.808110 0.642187 0.808110 0.643750 0.806030 0.645312 0.806030 0.646875 0.803950 0.648438 0.803950 0.650000 0.801870 0.651562 0.795630 0.651562 0.795630 0.660937 0.801870 0.660937 0.806030 0.664062 0.808110 0.664062 0.810190 0.665625 0.812270 0.665625 0.818511 0.670312 0.818511 0.676562 0.835151 0.676562 0.835151 0.671875 0.841392 0.667187 0.845552 0.667187 0.847632 0.665625 0.849712 0.665625 0.853872 0.662500 0.855952 0.662500 0.860112 0.659375 0.862192 0.659375 0.870513 0.653125 0.872593 0.653125 0.872593 0.651562 0.874673 0.650000 0.874673 0.648438 0.876753 0.646875 0.876753 0.643750 0.878833 0.642187 0.878833 0.631250 0.876753 0.629687 0.876753 0.600000 0.878833 0.598437 0.878833 0.582812 0.880913 0.581250 0.880913 0.576562 0.882993 0.575000 0.882993 0.570312 0.885073 0.568750 0.885073 0.560937 0.882993 0.559375 0.882993 0.539062 0.885073 0.537500 0.885073 0.529687 0.882993 0.528125 0.882993 0.526562 0.878833 0.523437 0.876753 0.523437 0.874673 0.521875 0.872593 0.521875 0.870513 0.520312 0.870513 0.515625