1 0.549663 0.496875 0.549663 0.501562 0.551743 0.503125 0.553823 0.503125 0.555903 0.504687 0.557983 0.504687 0.560064 0.506250 0.562144 0.506250 0.574624 0.515625 0.574624 0.517187 0.585024 0.525000 0.585024 0.526562 0.589185 0.529687 0.595425 0.529687 0.595425 0.582812 0.589185 0.582812 0.585024 0.585937 0.585024 0.587500 0.576704 0.593750 0.576704 0.595312 0.562144 0.606250 0.560064 0.606250 0.553823 0.610937 0.551743 0.610937 0.549663 0.612500 0.547583 0.612500 0.543423 0.615625 0.543423 0.620312 0.491421 0.620312 0.491421 0.615625 0.487261 0.612500 0.483101 0.612500 0.481021 0.610937 0.478940 0.610937 0.474780 0.607813 0.472700 0.607813 0.453979 0.593750 0.453979 0.592187 0.449819 0.589062 0.449819 0.587500 0.445659 0.584375 0.445659 0.582812 0.441499 0.579687 0.441499 0.578125 0.439419 0.576562 0.431099 0.576562 0.431099 0.532812 0.437339 0.532812 0.439419 0.531250 0.439419 0.529687 0.441499 0.528125 0.441499 0.526562 0.443579 0.525000 0.443579 0.523437 0.449819 0.518750 0.449819 0.517187 0.458140 0.510937 0.460220 0.510937 0.468540 0.504687 0.470620 0.504687 0.472700 0.503125 0.472700 0.496875
1 0.716069 0.384375 0.716069 0.389062 0.720230 0.392187 0.724390 0.392187 0.726470 0.393750 0.728550 0.393750 0.732710 0.396875 0.734790 0.396875 0.738950 0.400000 0.741030 0.400000 0.749351 0.406250 0.751431 0.406250 0.755591 0.409375 0.755591 0.410937 0.761831 0.415625 0.761831 0.417187 0.765991 0.420312 0.765991 0.421875 0.768071 0.423437 0.768071 0.425000 0.770151 0.426562 0.770151 0.428125 0.772231 0.429688 0.778472 0.429688 0.778472 0.476562 0.772231 0.476562 0.765991 0.481250 0.763911 0.481250 0.759751 0.484375 0.759751 0.485937 0.751431 0.492188 0.749351 0.492188 0.747271 0.493750 0.745190 0.493750 0.738950 0.498437 0.736870 0.498437 0.734790 0.500000 0.730630 0.500000 0.728550 0.501562 0.726470 0.501562 0.724390 0.503125 0.724390 0.507812 0.655747 0.507812 0.655747 0.503125 0.651587 0.500000 0.649507 0.500000 0.647427 0.498437 0.645347 0.498437 0.639106 0.493750 0.637026 0.493750 0.624546 0.484375 0.624546 0.482812 0.622466 0.481250 0.614146 0.481250 0.614146 0.415625 0.622466 0.415625 0.624546 0.414062 0.624546 0.412500 0.639106 0.401562 0.641187 0.401562 0.647427 0.396875 0.649507 0.396875 0.651587 0.395312 0.653667 0.395312 0.655747 0.393750 0.657827 0.393750 0.659907 0.392187 0.661987 0.392187 0.664067 0.390625 0.666147 0.390625 0.668228 0.389062 0.668228 0.384375
2 0.435259 0.265625 0.435259 0.270312 0.437339 0.271875 0.439419 0.271875 0.441499 0.273437 0.445659 0.273437 0.447739 0.275000 0.449819 0.275000 0.458140 0.281250 0.460220 0.281250 0.466460 0.285937 0.468540 0.285937 0.474780 0.290625 0.474780 0.292187 0.483101 0.298437 0.483101 0.300000 0.489341 0.304688 0.495581 0.304688 0.495581 0.346875 0.489341 0.346875 0.485181 0.350000 0.485181 0.351562 0.483101 0.353125 0.483101 0.354687 0.481021 0.356250 0.481021 0.357812 0.476860 0.360937 0.476860 0.362500 0.472700 0.365625 0.472700 0.367188 0.470620 0.368750 0.470620 0.370312 0.464380 0.375000 0.462300 0.375000 0.449819 0.384375 0.447739 0.384375 0.445659 0.385937 0.443579 0.385937 0.437339 0.390625 0.437339 0.395312 0.383257 0.395312 0.383257 0.390625 0.379097 0.387500 0.377017 0.387500 0.374937 0.385937 0.372856 0.385937 0.370776 0.384375 0.368696 0.384375 0.345815 0.367188 0.345815 0.365625 0.341655 0.362500 0.341655 0.360937 0.339575 0.359375 0.331255 0.359375 0.331255 0.303125 0.339575 0.303125 0.341655 0.301562 0.341655 0.300000 0.345815 0.296875 0.345815 0.295312 0.364536 0.281250 0.366616 0.281250 0.372856 0.276562 0.374937 0.276562 0.377017 0.275000 0.379097 0.275000 0.381177 0.273437 0.385337 0.273437 0.389497 0.270312 0.389497 0.265625
0 0.555903 0.371875 0.555903 0.376562 0.560064 0.379687 0.564224 0.379687 0.566304 0.381250 0.568384 0.381250 0.570464 0.382812 0.572544 0.382812 0.576704 0.385937 0.578784 0.385937 0.582944 0.389062 0.585024 0.389062 0.614146 0.410937 0.620386 0.410937 0.620386 0.468750 0.614146 0.468750 0.612065 0.470312 0.612065 0.471875 0.609985 0.473437 0.609985 0.475000 0.601665 0.481250 0.599585 0.481250 0.589185 0.489062 0.587104 0.489062 0.580864 0.493750 0.578784 0.493750 0.574624 0.496875 0.574624 0.501562 0.499741 0.501562 0.499741 0.496875 0.495581 0.493750 0.491421 0.493750 0.487261 0.490625 0.485181 0.490625 0.472700 0.481250 0.472700 0.479687 0.468540 0.476562 0.468540 0.475000 0.466460 0.473437 0.466460 0.471875 0.462300 0.468750 0.456060 0.468750 0.456060 0.412500 0.462300 0.412500 0.466460 0.409375 0.466460 0.407812 0.470620 0.404687 0.470620 0.403125 0.495581 0.384375 0.497661 0.384375 0.501821 0.381250 0.503901 0.381250 0.505981 0.379687 0.512222 0.379687 0.514302 0.378125 0.516382 0.378125 0.518462 0.376562 0.518462 0.371875
2 0.747271 0.503125 0.747271 0.507812 0.751431 0.510937 0.753511 0.510937 0.774312 0.526562 0.774312 0.528125 0.776392 0.529687 0.776392 0.531250 0.780552 0.534375 0.786792 0.534375 0.786792 0.589062 0.778472 0.589062 0.776392 0.590625 0.776392 0.592187 0.774312 0.593750 0.774312 0.595312 0.770151 0.598437 0.770151 0.600000 0.755591 0.610937 0.753511 0.610937 0.747271 0.615625 0.745190 0.615625 0.743110 0.617188 0.741030 0.617188 0.738950 0.618750 0.736870 0.618750 0.732710 0.621875 0.732710 0.626562 0.674468 0.626562 0.674468 0.621875 0.668228 0.617188 0.664067 0.617188 0.659907 0.614062 0.657827 0.614062 0.649507 0.607813 0.647427 0.607813 0.643267 0.604687 0.643267 0.603125 0.634946 0.596875 0.634946 0.595312 0.628706 0.590625 0.628706 0.587500 0.626626 0.585937 0.626626 0.584375 0.624546 0.582812 0.624546 0.579687 0.620386 0.576562 0.614146 0.576562 0.614146 0.543750 0.620386 0.543750 0.624546 0.540625 0.624546 0.537500 0.626626 0.535937 0.626626 0.534375 0.628706 0.532812 0.628706 0.531250 0.630786 0.529687 0.630786 0.528125 0.634946 0.525000 0.634946 0.523437 0.649507 0.512500 0.651587 0.512500 0.653667 0.510937 0.655747 0.510937 0.657827 0.509375 0.657827 0.503125
1 0.514302 0.617188 0.514302 0.620312 0.516382 0.621875 0.518462 0.621875 0.520542 0.623438 0.522622 0.623438 0.533022 0.631250 0.533022 0.632812 0.539263 0.637500 0.539263 0.639062 0.543423 0.642187 0.543423 0.643750 0.547583 0.646875 0.553823 0.646875 0.553823 0.693750 0.547583 0.693750 0.543423 0.696875 0.543423 0.698437 0.541343 0.700000 0.541343 0.701562 0.535103 0.706250 0.535103 0.707812 0.520542 0.718750 0.518462 0.718750 0.512222 0.723437 0.510142 0.723437 0.503901 0.728125 0.503901 0.732812 0.422778 0.732812 0.422778 0.728125 0.416538 0.723437 0.414458 0.723437 0.406138 0.717187 0.404058 0.717187 0.401978 0.715625 0.401978 0.714062 0.391577 0.706250 0.391577 0.704687 0.387417 0.701562 0.387417 0.700000 0.385337 0.698437 0.385337 0.696875 0.383257 0.695312 0.383257 0.693750 0.379097 0.690625 0.372856 0.690625 0.372856 0.646875 0.379097 0.646875 0.383257 0.643750 0.383257 0.642187 0.385337 0.640625 0.385337 0.639062 0.389497 0.635937 0.389497 0.634375 0.393657 0.631250 0.393657 0.629687 0.414458 0.614062 0.416538 0.614062 0.418618 0.612500 0.420698 0.612500 0.422778 0.610937 0.424858 0.610937 0.429019 0.607813 0.429019 0.603125 0.478940 0.603125 0.478940 0.607813 0.485181 0.612500 0.489341 0.612500 0.491421 0.614062 0.505981 0.614062 0.508062 0.615625 0.512222 0.615625 0.514302 0.617188 0.526782 0.610937 0.526782 0.603125 0.553823 0.603125 0.553823 0.612500 0.543423 0.612500 0.541343 0.614062 0.533022 0.614062 0.530942 0.612500 0.528862 0.612500 0.526782 0.610937
2 0.397817 0.465625 0.397817 0.470312 0.404058 0.475000 0.406138 0.475000 0.412378 0.479687 0.414458 0.479687 0.429019 0.490625 0.429019 0.492188 0.435259 0.496875 0.435259 0.498437 0.439419 0.501562 0.445659 0.501562 0.445659 0.534375 0.439419 0.534375 0.435259 0.537500 0.435259 0.539062 0.433179 0.540625 0.433179 0.543750 0.431099 0.545312 0.431099 0.550000 0.429019 0.551562 0.429019 0.556250 0.426938 0.557812 0.426938 0.562500 0.424858 0.564062 0.424858 0.565625 0.422778 0.567187 0.420698 0.567187 0.418618 0.568750 0.418618 0.570312 0.416538 0.571875 0.414458 0.571875 0.408218 0.576562 0.406138 0.576562 0.404058 0.578125 0.401978 0.578125 0.399897 0.579687 0.397817 0.579687 0.391577 0.584375 0.391577 0.589062 0.333335 0.589062 0.333335 0.584375 0.329175 0.581250 0.327095 0.581250 0.325015 0.579687 0.322935 0.579687 0.318774 0.576562 0.316694 0.576562 0.310454 0.571875 0.308374 0.571875 0.302134 0.567187 0.302134 0.565625 0.293814 0.559375 0.293814 0.557812 0.287573 0.553125 0.281333 0.553125 0.281333 0.500000 0.287573 0.500000 0.291733 0.496875 0.291733 0.495312 0.295894 0.492188 0.295894 0.490625 0.312534 0.478125 0.314614 0.478125 0.320855 0.473437 0.322935 0.473437 0.325015 0.471875 0.325015 0.465625
1 0.397817 0.465625 0.397817 0.470312 0.404058 0.475000 0.406138 0.475000 0.410298 0.478125 0.412378 0.478125 0.439419 0.498437 0.445659 0.498437 0.445659 0.532812 0.439419 0.532812 0.435259 0.535937 0.435259 0.537500 0.433179 0.539062 0.433179 0.543750 0.431099 0.545312 0.431099 0.550000 0.429019 0.551562 0.429019 0.557812 0.426938 0.559375 0.426938 0.562500 0.424858 0.564062 0.424858 0.565625 0.416538 0.571875 0.414458 0.571875 0.408218 0.576562 0.406138 0.576562 0.404058 0.578125 0.401978 0.578125 0.397817 0.581250 0.395737 0.581250 0.391577 0.584375 0.391577 0.589062 0.333335 0.589062 0.333335 0.584375 0.329175 0.581250 0.327095 0.581250 0.325015 0.579687 0.322935 0.579687 0.318774 0.576562 0.316694 0.576562 0.310454 0.571875 0.308374 0.571875 0.300054 0.565625 0.300054 0.564062 0.293814 0.559375 0.293814 0.557812 0.287573 0.553125 0.281333 0.553125 0.281333 0.500000 0.287573 0.500000 0.291733 0.496875 0.291733 0.495312 0.295894 0.492188 0.295894 0.490625 0.314614 0.476562 0.316694 0.476562 0.320855 0.473437 0.322935 0.473437 0.325015 0.471875 0.325015 0.465625
1 0.913677 0.168750 0.919917 0.168750 0.919917 0.171875 0.913677 0.171875 0.913677 0.168750 0.894956 0.153125 0.892876 0.151562 0.890796 0.151562 0.888716 0.150000 0.884556 0.150000 0.882476 0.148437 0.880396 0.148437 0.876235 0.151562 0.874155 0.151562 0.849194 0.170312 0.847114 0.170312 0.840874 0.175000 0.838794 0.175000 0.834634 0.178125 0.834634 0.182812 0.707749 0.182812 0.707749 0.178125 0.705669 0.176562 0.701509 0.176562 0.699429 0.178125 0.699429 0.182812 0.697349 0.182812 0.697349 0.178125 0.691108 0.173437 0.689028 0.173437 0.686948 0.171875 0.684868 0.173437 0.678628 0.173437 0.674468 0.170312 0.674468 0.159375 0.676548 0.157812 0.676548 0.156250 0.678628 0.154687 0.678628 0.153125 0.682788 0.150000 0.684868 0.150000 0.689028 0.146875 0.689028 0.145312 0.691108 0.143750 0.691108 0.139062 0.693188 0.137500 0.693188 0.134375 0.695269 0.132812 0.695269 0.131250 0.701509 0.126562 0.703589 0.126562 0.707749 0.123437 0.707749 0.121875 0.711909 0.118750 0.711909 0.117188 0.713989 0.115625 0.718149 0.115625 0.720230 0.114062 0.722310 0.114062 0.724390 0.112500 0.724390 0.110937 0.728550 0.107812 0.728550 0.101562 0.730630 0.100000 0.730630 0.098437 0.732710 0.096875 0.724390 0.090625 0.720230 0.090625 0.718149 0.089062 0.716069 0.089062 0.707749 0.082812 0.705669 0.082812 0.703589 0.081250 0.701509 0.081250 0.695269 0.076562 0.691108 0.076562 0.689028 0.075000 0.684868 0.075000 0.682788 0.073437 0.678628 0.073437 0.676548 0.071875 0.672388 0.071875 0.670308 0.070312 0.668228 0.070312 0.666147 0.068750 0.661987 0.068750 0.659907 0.067187 0.657827 0.067187 0.655747 0.065625 0.653667 0.065625 0.651587 0.064062 0.649507 0.064062 0.647427 0.062500 0.645347 0.062500 0.643267 0.060937 0.641187 0.060937 0.637026 0.057812 0.634946 0.057812 0.632866 0.056250 0.630786 0.056250 0.624546 0.051562 0.622466 0.051562 0.618306 0.048437 0.618306 0.046875 0.612065 0.042187 0.612065 0.040625 0.609985 0.039062 0.609985 0.037500 0.603745 0.032812 0.597505 0.032812 0.597505 0.000000 0.911597 0.000000 0.911597 0.009375 0.913677 0.010937 0.919917 0.010937 0.919917 0.110937 0.913677 0.110937 0.909517 0.114062 0.909517 0.115625 0.907437 0.117188 0.907437 0.118750 0.905356 0.120312 0.905356 0.123437 0.903276 0.125000 0.903276 0.126562 0.894956 0.126562 0.892876 0.125000 0.888716 0.125000 0.886636 0.126562 0.886636 0.128125 0.888716 0.129687 0.892876 0.129687 0.894956 0.131250 0.894956 0.137500 0.897036 0.139062 0.897036 0.151562 0.894956 0.153125
2 0.651587 0.284375 0.651587 0.289062 0.655747 0.292187 0.657827 0.292187 0.659907 0.293750 0.661987 0.293750 0.664067 0.295312 0.666147 0.295312 0.670308 0.298437 0.672388 0.298437 0.676548 0.301562 0.678628 0.301562 0.693188 0.312500 0.693188 0.314062 0.697349 0.317187 0.703589 0.317187 0.703589 0.375000 0.697349 0.375000 0.686948 0.382812 0.684868 0.382812 0.682788 0.384375 0.680708 0.384375 0.678628 0.385937 0.676548 0.385937 0.674468 0.387500 0.672388 0.387500 0.668228 0.390625 0.668228 0.395312 0.589185 0.395312 0.589185 0.389062 0.587104 0.387500 0.587104 0.385937 0.582944 0.382812 0.580864 0.382812 0.578784 0.381250 0.574624 0.381250 0.572544 0.379687 0.570464 0.379687 0.568384 0.378125 0.564224 0.378125 0.562144 0.376562 0.555903 0.376562 0.545503 0.368750 0.539263 0.368750 0.539263 0.328125 0.545503 0.328125 0.549663 0.325000 0.549663 0.323437 0.551743 0.321875 0.551743 0.320312 0.553823 0.318750 0.553823 0.317187 0.557983 0.314062 0.557983 0.312500 0.576704 0.298437 0.578784 0.298437 0.582944 0.295312 0.585024 0.295312 0.587104 0.293750 0.589185 0.293750 0.591265 0.292187 0.593345 0.292187 0.597505 0.289062 0.597505 0.284375
2 0.874155 0.828125 0.874155 0.832812 0.878315 0.835938 0.882476 0.835938 0.884556 0.837500 0.886636 0.837500 0.888716 0.839062 0.892876 0.839062 0.894956 0.840625 0.897036 0.840625 0.899116 0.842187 0.903276 0.842187 0.905356 0.843750 0.909517 0.843750 0.911597 0.845312 0.915757 0.845312 0.917837 0.846875 0.919917 0.846875 0.921997 0.848437 0.926157 0.848437 0.928237 0.850000 0.930317 0.850000 0.932397 0.851562 0.934478 0.851562 0.936558 0.853125 0.938638 0.853125 0.940718 0.854687 0.942798 0.854687 0.944878 0.856250 0.949038 0.856250 0.951118 0.857812 0.953198 0.857812 0.955278 0.859375 0.957358 0.859375 0.961519 0.862500 0.963599 0.862500 0.965679 0.864062 0.967759 0.864062 0.969839 0.865625 0.971919 0.865625 0.978159 0.870312 0.980239 0.870312 0.998960 0.884375 0.998960 0.885937 1.000000 0.887500 1.000000 0.892187 1.000000 0.893750 1.000000 0.925000 1.000000 0.926562 1.000000 0.982812 1.000000 0.984375 1.000000 0.998437 0.131567 0.998437 0.131567 0.987500 0.137808 0.987500 0.141968 0.984375 0.141968 0.982812 0.144048 0.981250 0.144048 0.979687 0.146128 0.978125 0.146128 0.976562 0.150288 0.973437 0.150288 0.971875 0.152368 0.970312 0.152368 0.968750 0.154448 0.967187 0.154448 0.965625 0.160689 0.960938 0.160689 0.959375 0.164849 0.956250 0.164849 0.954687 0.169009 0.951562 0.169009 0.950000 0.173169 0.946875 0.173169 0.945312 0.181489 0.939062 0.181489 0.937500 0.193970 0.928125 0.193970 0.926562 0.202290 0.920312 0.202290 0.918750 0.216851 0.907812 0.216851 0.906250 0.239731 0.889062 0.239731 0.887500 0.275093 0.860937 0.277173 0.860937 0.293814 0.848437 0.295894 0.848437 0.300054 0.845312 0.302134 0.845312 0.304214 0.843750 0.308374 0.843750 0.310454 0.842187 0.316694 0.842187 0.318774 0.840625 0.329175 0.840625 0.331255 0.839062 0.383257 0.839062 0.385337 0.840625 0.391577 0.840625 0.391577 0.842187 0.397817 0.846875 0.399897 0.846875 0.406138 0.851562 0.406138 0.853125 0.404058 0.854687 0.404058 0.856250 0.401978 0.857812 0.401978 0.859375 0.399897 0.860937 0.397817 0.860937 0.395737 0.862500 0.395737 0.867188 0.397817 0.868750 0.397817 0.871875 0.406138 0.878125 0.408218 0.878125 0.410298 0.879687 0.412378 0.879687 0.416538 0.882812 0.418618 0.882812 0.420698 0.884375 0.422778 0.884375 0.424858 0.885937 0.426938 0.885937 0.429019 0.887500 0.435259 0.887500 0.437339 0.889062 0.462300 0.889062 0.464380 0.887500 0.470620 0.887500 0.472700 0.885937 0.483101 0.885937 0.485181 0.884375 0.487261 0.884375 0.489341 0.882812 0.493501 0.882812 0.495581 0.881250 0.497661 0.881250 0.499741 0.879687 0.503901 0.879687 0.508062 0.876562 0.510142 0.876562 0.512222 0.875000 0.514302 0.875000 0.516382 0.873437 0.522622 0.873437 0.524702 0.871875 0.528862 0.871875 0.530942 0.870312 0.539263 0.870312 0.541343 0.868750 0.587104 0.868750 0.589185 0.867188 0.599585 0.867188 0.601665 0.865625 0.614146 0.865625 0.616226 0.867188 0.630786 0.867188 0.632866 0.868750 0.641187 0.868750 0.643267 0.870312 0.645347 0.870312 0.670308 0.889062 0.670308 0.890625 0.672388 0.892187 0.674468 0.892187 0.680708 0.896875 0.682788 0.896875 0.684868 0.898438 0.686948 0.898438 0.689028 0.900000 0.693188 0.896875 0.693188 0.893750 0.684868 0.887500 0.682788 0.887500 0.680708 0.885937 0.678628 0.885937 0.678628 0.884375 0.680708 0.882812 0.699429 0.882812 0.701509 0.884375 0.703589 0.884375 0.705669 0.885937 0.707749 0.885937 0.711909 0.889062 0.728550 0.889062 0.732710 0.885937 0.734790 0.885937 0.736870 0.884375 0.736870 0.882812 0.734790 0.881250 0.734790 0.878125 0.732710 0.876562 0.732710 0.873437 0.730630 0.871875 0.730630 0.864062 0.734790 0.860937 0.734790 0.857812 0.736870 0.856250 0.736870 0.851562 0.741030 0.848437 0.741030 0.846875 0.743110 0.845312 0.745190 0.845312 0.749351 0.842187 0.751431 0.842187 0.753511 0.840625 0.755591 0.840625 0.761831 0.835938 0.761831 0.834375 0.763911 0.832812 0.763911 0.828125