0 0.421875 0.304167 0.421875 0.310417 0.426562 0.316667 0.428125 0.316667 0.434375 0.325000 0.435938 0.325000 0.443750 0.335417 0.443750 0.337500 0.448438 0.343750 0.453125 0.343750 0.453125 0.408333 0.448438 0.408333 0.445312 0.412500 0.445312 0.414583 0.439062 0.422917 0.439062 0.425000 0.431250 0.435417 0.429688 0.435417 0.426562 0.439583 0.425000 0.439583 0.423437 0.441667 0.420313 0.441667 0.417188 0.445833 0.417188 0.452083 0.382812 0.452083 0.382812 0.445833 0.379687 0.441667 0.378125 0.441667 0.375000 0.437500 0.373438 0.437500 0.370313 0.433333 0.368750 0.433333 0.365625 0.429167 0.364062 0.429167 0.353125 0.414583 0.353125 0.412500 0.351562 0.410417 0.351562 0.408333 0.350000 0.406250 0.350000 0.404167 0.348437 0.402083 0.348437 0.400000 0.346875 0.397917 0.342188 0.397917 0.342188 0.352083 0.346875 0.352083 0.350000 0.347917 0.350000 0.345833 0.351562 0.343750 0.351562 0.341667 0.353125 0.339583 0.353125 0.337500 0.359375 0.329167 0.359375 0.327083 0.364062 0.320833 0.365625 0.320833 0.370313 0.314583 0.371875 0.314583 0.375000 0.310417 0.375000 0.304167
0 0.564063 0.587500 0.564063 0.593750 0.567187 0.597917 0.568750 0.597917 0.573438 0.604167 0.575000 0.604167 0.582812 0.614583 0.582812 0.616667 0.589063 0.625000 0.589063 0.629167 0.590625 0.631250 0.590625 0.633333 0.592187 0.635417 0.596875 0.635417 0.596875 0.685417 0.592187 0.685417 0.587500 0.691667 0.587500 0.693750 0.582812 0.700000 0.582812 0.702083 0.570312 0.718750 0.568750 0.718750 0.565625 0.722917 0.564063 0.722917 0.562500 0.725000 0.560937 0.725000 0.557813 0.729167 0.557813 0.735417 0.520312 0.735417 0.520312 0.729167 0.515625 0.722917 0.514062 0.722917 0.512500 0.720833 0.510938 0.720833 0.504687 0.712500 0.503125 0.712500 0.501563 0.710417 0.501563 0.708333 0.496875 0.702083 0.496875 0.700000 0.490625 0.691667 0.485937 0.691667 0.485937 0.625000 0.490625 0.625000 0.493750 0.620833 0.493750 0.618750 0.500000 0.610417 0.500000 0.608333 0.501563 0.606250 0.503125 0.606250 0.512500 0.593750 0.512500 0.587500
1 0.454687 0.529167 0.454687 0.537500 0.456250 0.539583 0.456250 0.541667 0.464063 0.552083 0.464063 0.554167 0.467188 0.558333 0.468750 0.558333 0.468750 0.560417 0.470312 0.562500 0.470312 0.566667 0.473437 0.570833 0.478125 0.570833 0.478125 0.625000 0.473437 0.625000 0.470312 0.629167 0.470312 0.631250 0.468750 0.633333 0.468750 0.635417 0.467188 0.637500 0.467188 0.639583 0.464063 0.643750 0.464063 0.645833 0.459375 0.652083 0.457812 0.652083 0.456250 0.654167 0.456250 0.660417 0.418750 0.660417 0.418750 0.654167 0.417188 0.652083 0.415625 0.652083 0.414062 0.650000 0.412500 0.650000 0.407812 0.643750 0.406250 0.643750 0.398438 0.633333 0.398438 0.631250 0.393750 0.625000 0.393750 0.620833 0.392187 0.618750 0.392187 0.616667 0.390625 0.614583 0.385938 0.614583 0.385938 0.560417 0.392187 0.560417 0.401563 0.547917 0.401563 0.545833 0.404688 0.541667 0.406250 0.541667 0.407812 0.539583 0.407812 0.537500 0.409375 0.535417 0.409375 0.529167
0 0.726562 0.487500 0.726562 0.493750 0.729688 0.497917 0.731250 0.497917 0.734375 0.502083 0.735938 0.502083 0.737500 0.504167 0.737500 0.506250 0.745313 0.516667 0.745313 0.518750 0.748437 0.522917 0.753125 0.522917 0.753125 0.572917 0.748437 0.572917 0.745313 0.577083 0.745313 0.579167 0.732812 0.595833 0.731250 0.595833 0.729688 0.597917 0.728125 0.597917 0.726562 0.600000 0.725000 0.600000 0.721875 0.604167 0.721875 0.610417 0.687500 0.610417 0.687500 0.604167 0.684375 0.600000 0.682813 0.600000 0.681250 0.597917 0.679688 0.597917 0.676562 0.593750 0.675000 0.593750 0.665625 0.581250 0.665625 0.579167 0.662500 0.575000 0.662500 0.572917 0.660937 0.570833 0.660937 0.568750 0.659375 0.566667 0.654687 0.566667 0.654687 0.527083 0.659375 0.527083 0.662500 0.522917 0.662500 0.520833 0.664062 0.518750 0.664062 0.516667 0.671875 0.506250 0.673438 0.506250 0.678125 0.500000 0.679688 0.500000 0.681250 0.497917 0.684375 0.497917 0.685937 0.495833 0.687500 0.495833 0.689063 0.493750 0.689063 0.487500
0 0.596875 0.345833 0.596875 0.352083 0.600000 0.356250 0.601562 0.356250 0.603125 0.358333 0.604688 0.358333 0.617188 0.375000 0.617188 0.377083 0.618750 0.379167 0.618750 0.381250 0.620313 0.383333 0.620313 0.387500 0.623437 0.391667 0.628125 0.391667 0.628125 0.427083 0.623437 0.427083 0.621875 0.429167 0.621875 0.431250 0.620313 0.433333 0.620313 0.437500 0.617188 0.441667 0.617188 0.443750 0.612500 0.450000 0.612500 0.452083 0.603125 0.464583 0.601562 0.464583 0.600000 0.466667 0.596875 0.466667 0.593750 0.470833 0.593750 0.477083 0.562500 0.477083 0.562500 0.470833 0.557813 0.464583 0.556250 0.464583 0.534375 0.435417 0.529687 0.435417 0.529687 0.389583 0.534375 0.389583 0.535937 0.387500 0.535937 0.385417 0.537500 0.383333 0.537500 0.379167 0.539062 0.377083 0.539062 0.375000 0.540625 0.372917 0.540625 0.370833 0.542188 0.368750 0.542188 0.366667 0.548438 0.358333 0.550000 0.358333 0.553125 0.354167 0.553125 0.345833
0 0.362500 0.570833 0.362500 0.577083 0.365625 0.581250 0.367188 0.581250 0.378125 0.595833 0.378125 0.597917 0.382812 0.604167 0.382812 0.606250 0.384375 0.608333 0.384375 0.610417 0.385938 0.612500 0.385938 0.614583 0.387500 0.616667 0.387500 0.620833 0.392187 0.627083 0.396875 0.627083 0.396875 0.675000 0.390625 0.675000 0.389063 0.677083 0.389063 0.681250 0.385938 0.685417 0.385938 0.687500 0.367188 0.712500 0.365625 0.712500 0.364062 0.714583 0.360937 0.714583 0.359375 0.716667 0.357813 0.716667 0.354688 0.720833 0.354688 0.727083 0.320312 0.727083 0.320312 0.720833 0.317187 0.716667 0.315625 0.716667 0.314062 0.714583 0.312500 0.714583 0.310938 0.712500 0.309375 0.712500 0.306250 0.708333 0.304688 0.708333 0.298437 0.700000 0.296875 0.700000 0.290625 0.691667 0.290625 0.689583 0.287500 0.685417 0.287500 0.683333 0.284375 0.679167 0.279688 0.679167 0.279688 0.610417 0.284375 0.610417 0.289062 0.604167 0.289062 0.602083 0.303125 0.583333 0.304688 0.583333 0.309375 0.577083 0.309375 0.570833
2 0.551562 0.204167 0.551562 0.210417 0.556250 0.216667 0.557813 0.216667 0.559375 0.218750 0.560937 0.218750 0.573438 0.235417 0.573438 0.237500 0.575000 0.239583 0.575000 0.241667 0.576562 0.243750 0.576562 0.247917 0.579688 0.252083 0.584375 0.252083 0.584375 0.293750 0.579688 0.293750 0.575000 0.300000 0.575000 0.302083 0.573438 0.304167 0.573438 0.306250 0.567187 0.314583 0.567187 0.316667 0.560937 0.325000 0.559375 0.325000 0.556250 0.329167 0.556250 0.335417 0.518750 0.335417 0.518750 0.329167 0.517188 0.327083 0.514062 0.327083 0.512500 0.325000 0.509375 0.325000 0.507812 0.322917 0.506250 0.322917 0.503125 0.318750 0.501563 0.318750 0.500000 0.316667 0.498438 0.316667 0.485937 0.300000 0.479688 0.300000 0.479688 0.243750 0.485937 0.243750 0.487500 0.241667 0.487500 0.239583 0.490625 0.235417 0.490625 0.233333 0.503125 0.216667 0.504687 0.216667 0.509375 0.210417 0.509375 0.204167
2 0.834375 0.000000 0.834375 0.006250 0.828125 0.006250 0.825000 0.010417 0.825000 0.012500 0.820312 0.018750 0.820312 0.020833 0.814063 0.029167 0.814063 0.031250 0.796875 0.054167 0.795312 0.054167 0.790625 0.060417 0.789062 0.060417 0.785938 0.064583 0.784375 0.064583 0.782813 0.066667 0.781250 0.066667 0.778125 0.070833 0.776562 0.070833 0.775000 0.072917 0.773438 0.072917 0.768750 0.079167 0.767188 0.079167 0.764062 0.083333 0.762500 0.083333 0.757812 0.089583 0.756250 0.089583 0.753125 0.093750 0.751563 0.093750 0.748437 0.097917 0.746875 0.097917 0.745313 0.100000 0.743750 0.100000 0.740625 0.104167 0.740625 0.110417 0.714063 0.110417 0.714063 0.104167 0.710938 0.100000 0.709375 0.100000 0.707812 0.097917 0.706250 0.097917 0.704688 0.095833 0.703125 0.095833 0.700000 0.091667 0.698438 0.091667 0.695312 0.087500 0.693750 0.087500 0.689063 0.081250 0.687500 0.081250 0.685937 0.079167 0.685937 0.077083 0.679688 0.068750 0.679688 0.066667 0.675000 0.060417 0.675000 0.058333 0.671875 0.054167 0.667188 0.054167 0.667188 0.000000
1 0.700000 0.262500 0.700000 0.268750 0.704688 0.275000 0.706250 0.275000 0.706250 0.277083 0.710938 0.283333 0.712500 0.283333 0.712500 0.285417 0.714063 0.287500 0.714063 0.289583 0.715625 0.291667 0.715625 0.293750 0.717187 0.295833 0.721875 0.295833 0.721875 0.350000 0.715625 0.350000 0.714063 0.352083 0.714063 0.354167 0.710938 0.358333 0.710938 0.360417 0.701562 0.372917 0.700000 0.372917 0.698438 0.375000 0.696875 0.375000 0.693750 0.379167 0.693750 0.385417 0.657813 0.385417 0.657813 0.379167 0.654687 0.375000 0.653125 0.375000 0.651563 0.372917 0.650000 0.372917 0.643750 0.364583 0.642188 0.364583 0.632812 0.352083 0.632812 0.350000 0.628125 0.343750 0.623437 0.343750 0.623437 0.316667 0.628125 0.316667 0.631250 0.312500 0.631250 0.308333 0.632812 0.306250 0.632812 0.304167 0.634375 0.302083 0.634375 0.300000 0.637500 0.295833 0.637500 0.293750 0.639062 0.291667 0.639062 0.289583 0.650000 0.275000 0.651563 0.275000 0.653125 0.272917 0.654687 0.272917 0.657813 0.268750 0.657813 0.262500
1 0.620313 0.487500 0.620313 0.493750 0.626563 0.502083 0.628125 0.502083 0.642188 0.520833 0.646875 0.520833 0.646875 0.558333 0.642188 0.558333 0.639062 0.562500 0.639062 0.564583 0.637500 0.566667 0.635938 0.566667 0.634375 0.568750 0.632812 0.568750 0.631250 0.570833 0.628125 0.570833 0.626563 0.572917 0.625000 0.572917 0.623437 0.575000 0.621875 0.575000 0.620313 0.577083 0.618750 0.577083 0.615625 0.581250 0.614062 0.581250 0.612500 0.583333 0.610938 0.583333 0.609375 0.585417 0.607812 0.585417 0.606250 0.587500 0.604688 0.587500 0.601562 0.591667 0.600000 0.591667 0.596875 0.595833 0.596875 0.602083 0.573438 0.602083 0.573438 0.595833 0.571875 0.593750 0.568750 0.593750 0.567187 0.591667 0.565625 0.591667 0.560937 0.585417 0.559375 0.585417 0.557813 0.583333 0.556250 0.583333 0.554688 0.581250 0.548438 0.581250 0.548438 0.535417 0.554688 0.535417 0.556250 0.533333 0.556250 0.531250 0.557813 0.529167 0.557813 0.527083 0.559375 0.525000 0.559375 0.522917 0.560937 0.520833 0.560937 0.518750 0.562500 0.516667 0.562500 0.514583 0.564063 0.512500 0.564063 0.510417 0.565625 0.508333 0.565625 0.506250 0.575000 0.493750 0.575000 0.487500
2 0.462500 0.679167 0.462500 0.687500 0.465625 0.691667 0.467188 0.691667 0.467188 0.693750 0.475000 0.704167 0.475000 0.706250 0.476562 0.708333 0.476562 0.710417 0.479688 0.714583 0.484375 0.714583 0.484375 0.772917 0.478125 0.772917 0.476562 0.775000 0.476562 0.777083 0.470312 0.785417 0.470312 0.787500 0.460938 0.800000 0.459375 0.800000 0.456250 0.804167 0.454687 0.804167 0.453125 0.806250 0.450000 0.806250 0.448438 0.808333 0.445312 0.808333 0.443750 0.810417 0.442187 0.810417 0.440625 0.812500 0.440625 0.818750 0.415625 0.818750 0.415625 0.812500 0.412500 0.808333 0.410937 0.808333 0.409375 0.806250 0.407812 0.806250 0.406250 0.804167 0.404688 0.804167 0.400000 0.797917 0.398438 0.797917 0.390625 0.787500 0.390625 0.785417 0.387500 0.781250 0.387500 0.779167 0.385938 0.777083 0.379687 0.777083 0.379687 0.710417 0.385938 0.710417 0.389063 0.706250 0.389063 0.704167 0.395312 0.695833 0.396875 0.695833 0.404688 0.685417 0.404688 0.679167
1 0.498438 0.312500 0.498438 0.318750 0.501563 0.322917 0.503125 0.322917 0.504687 0.325000 0.507812 0.325000 0.509375 0.327083 0.510938 0.327083 0.514062 0.331250 0.515625 0.331250 0.526563 0.345833 0.526563 0.347917 0.529687 0.352083 0.534375 0.352083 0.534375 0.408333 0.529687 0.408333 0.523438 0.416667 0.523438 0.418750 0.521875 0.418750 0.517188 0.425000 0.515625 0.425000 0.514062 0.427083 0.510938 0.427083 0.509375 0.429167 0.507812 0.429167 0.506250 0.431250 0.503125 0.431250 0.501563 0.433333 0.498438 0.433333 0.496875 0.435417 0.495313 0.433333 0.489062 0.433333 0.487500 0.435417 0.478125 0.435417 0.476562 0.433333 0.468750 0.433333 0.467188 0.431250 0.464063 0.431250 0.462500 0.429167 0.460938 0.429167 0.454687 0.420833 0.448438 0.420833 0.448438 0.343750 0.453125 0.343750 0.456250 0.339583 0.456250 0.337500 0.464063 0.327083 0.465625 0.327083 0.467188 0.325000 0.468750 0.325000 0.473437 0.318750 0.473437 0.312500
2 0.659375 0.587500 0.659375 0.589583 0.673438 0.608333 0.673438 0.610417 0.675000 0.612500 0.675000 0.614583 0.676562 0.616667 0.676562 0.618750 0.679688 0.622917 0.684375 0.622917 0.684375 0.662500 0.679688 0.662500 0.676562 0.666667 0.676562 0.668750 0.675000 0.670833 0.675000 0.672917 0.673438 0.675000 0.673438 0.677083 0.670312 0.681250 0.670312 0.683333 0.667188 0.687500 0.667188 0.689583 0.665625 0.689583 0.662500 0.693750 0.662500 0.695833 0.660937 0.695833 0.657813 0.700000 0.656250 0.700000 0.653125 0.704167 0.653125 0.710417 0.609375 0.710417 0.609375 0.702083 0.606250 0.697917 0.604688 0.697917 0.596875 0.687500 0.596875 0.683333 0.595313 0.681250 0.595313 0.656250 0.593750 0.654167 0.593750 0.647917 0.592187 0.645833 0.592187 0.643750 0.590625 0.641667 0.585938 0.641667 0.585938 0.622917 0.590625 0.622917 0.592187 0.620833 0.592187 0.618750 0.593750 0.616667 0.593750 0.610417 0.595313 0.608333 0.595313 0.604167 0.598437 0.600000 0.598437 0.597917 0.604688 0.589583 0.604688 0.587500 0.606250 0.587500 0.609375 0.583333 0.610938 0.583333 0.612500 0.581250 0.614062 0.581250 0.617188 0.577083 0.617188 0.570833 0.650000 0.570833 0.650000 0.577083 0.653125 0.581250 0.654687 0.581250 0.659375 0.587500 0.676562 0.577083 0.676562 0.570833 0.684375 0.570833 0.684375 0.581250 0.679688 0.581250 0.676562 0.577083
2 0.534375 0.437500 0.534375 0.443750 0.539062 0.450000 0.540625 0.450000 0.554688 0.468750 0.559375 0.468750 0.559375 0.520833 0.554688 0.520833 0.551562 0.525000 0.551562 0.529167 0.545312 0.537500 0.545312 0.539583 0.542188 0.543750 0.542188 0.545833 0.540625 0.547917 0.540625 0.550000 0.537500 0.554167 0.537500 0.558333 0.535937 0.560417 0.535937 0.562500 0.529687 0.570833 0.529687 0.577083 0.492188 0.577083 0.492188 0.568750 0.487500 0.562500 0.487500 0.560417 0.485937 0.558333 0.484375 0.558333 0.482813 0.556250 0.482813 0.554167 0.478125 0.547917 0.476562 0.547917 0.475000 0.545833 0.475000 0.543750 0.470312 0.537500 0.470312 0.535417 0.465625 0.529167 0.460938 0.529167 0.460938 0.481250 0.465625 0.481250 0.468750 0.477083 0.468750 0.475000 0.470312 0.472917 0.471875 0.472917 0.473437 0.470833 0.473437 0.468750 0.475000 0.466667 0.475000 0.464583 0.476562 0.462500 0.476562 0.460417 0.489062 0.443750 0.489062 0.437500
2 0.679688 0.379167 0.679688 0.385417 0.681250 0.387500 0.685937 0.387500 0.687500 0.389583 0.690625 0.389583 0.692187 0.391667 0.693750 0.391667 0.695312 0.393750 0.696875 0.393750 0.701562 0.400000 0.703125 0.400000 0.706250 0.404167 0.706250 0.406250 0.709375 0.410417 0.715625 0.410417 0.715625 0.472917 0.710938 0.472917 0.709375 0.475000 0.707812 0.475000 0.706250 0.477083 0.706250 0.479167 0.704688 0.481250 0.703125 0.481250 0.698438 0.487500 0.698438 0.493750 0.643750 0.493750 0.643750 0.487500 0.640625 0.483333 0.639062 0.483333 0.635938 0.479167 0.629687 0.479167 0.629687 0.408333 0.634375 0.408333 0.643750 0.395833 0.645312 0.395833 0.648438 0.391667 0.650000 0.391667 0.651563 0.389583 0.653125 0.389583 0.654687 0.387500 0.659375 0.387500 0.660937 0.385417 0.660937 0.379167
1 0.379687 0.902083 0.378125 0.902083 0.378125 0.897917 0.376562 0.895833 0.376562 0.887500 0.389063 0.887500 0.389063 0.893750 0.387500 0.895833 0.384375 0.895833 0.379687 0.902083 0.390625 0.916667 0.393750 0.916667 0.395312 0.914583 0.400000 0.914583 0.401563 0.912500 0.404688 0.912500 0.406250 0.910417 0.407812 0.910417 0.409375 0.908333 0.410937 0.908333 0.414062 0.904167 0.415625 0.904167 0.417188 0.902083 0.418750 0.902083 0.420313 0.900000 0.421875 0.900000 0.423437 0.897917 0.426562 0.897917 0.429688 0.893750 0.429688 0.887500 0.464063 0.887500 0.464063 0.893750 0.471875 0.904167 0.473437 0.904167 0.482813 0.916667 0.482813 0.918750 0.484375 0.920833 0.490625 0.920833 0.490625 0.966667 0.485937 0.966667 0.484375 0.968750 0.484375 0.972917 0.482813 0.975000 0.482813 0.979167 0.481250 0.981250 0.481250 0.983333 0.479688 0.985417 0.479688 0.987500 0.476562 0.991667 0.476562 0.993750 0.475000 0.995833 0.475000 0.997917 0.367188 0.997917 0.367188 0.931250 0.371875 0.931250 0.375000 0.927083 0.376562 0.927083 0.378125 0.925000 0.379687 0.925000 0.381250 0.922917 0.385938 0.922917 0.390625 0.916667
2 0.542188 0.945833 0.542188 0.952083 0.543750 0.954167 0.545312 0.954167 0.546875 0.956250 0.551562 0.956250 0.553125 0.958333 0.556250 0.958333 0.557813 0.960417 0.559375 0.960417 0.560937 0.962500 0.564063 0.962500 0.565625 0.964583 0.570312 0.964583 0.571875 0.966667 0.576562 0.966667 0.578125 0.968750 0.581250 0.968750 0.582812 0.970833 0.585938 0.970833 0.587500 0.972917 0.592187 0.972917 0.593750 0.975000 0.595313 0.975000 0.598437 0.979167 0.598437 0.981250 0.601562 0.985417 0.601562 0.987500 0.604688 0.991667 0.609375 0.991667 0.609375 0.997917 0.498438 0.997917 0.498438 0.977083 0.503125 0.977083 0.506250 0.972917 0.506250 0.968750 0.507812 0.966667 0.507812 0.964583 0.509375 0.962500 0.509375 0.958333 0.512500 0.954167 0.512500 0.945833
1 0.471875 0.000000 0.471875 0.027083 0.467188 0.027083 0.462500 0.033333 0.462500 0.035417 0.445312 0.058333 0.443750 0.058333 0.442187 0.060417 0.440625 0.060417 0.439062 0.062500 0.439062 0.068750 0.376562 0.068750 0.376562 0.062500 0.373438 0.058333 0.371875 0.058333 0.368750 0.054167 0.367188 0.054167 0.365625 0.052083 0.364062 0.052083 0.360937 0.047917 0.359375 0.047917 0.350000 0.035417 0.348437 0.035417 0.340625 0.025000 0.340625 0.022917 0.337500 0.018750 0.337500 0.016667 0.334375 0.012500 0.329687 0.012500 0.329687 0.000000
1 0.700000 0.879167 0.700000 0.885417 0.701562 0.887500 0.706250 0.887500 0.707812 0.889583 0.715625 0.889583 0.717187 0.891667 0.721875 0.891667 0.723437 0.893750 0.731250 0.893750 0.732812 0.891667 0.739062 0.891667 0.740625 0.889583 0.753125 0.889583 0.753125 0.943750 0.746875 0.943750 0.742188 0.950000 0.740625 0.950000 0.737500 0.954167 0.737500 0.960417 0.700000 0.960417 0.700000 0.954167 0.696875 0.950000 0.695312 0.950000 0.693750 0.947917 0.692187 0.947917 0.684375 0.937500 0.684375 0.935417 0.681250 0.931250 0.681250 0.929167 0.676562 0.922917 0.676562 0.920833 0.675000 0.918750 0.675000 0.916667 0.673438 0.914583 0.673438 0.912500 0.671875 0.910417 0.667188 0.910417 0.667188 0.895833 0.671875 0.895833 0.679688 0.885417 0.679688 0.879167
2 0.409375 0.420833 0.409375 0.445833 0.398438 0.445833 0.396875 0.443750 0.392187 0.443750 0.390625 0.445833 0.390625 0.447917 0.392187 0.450000 0.392187 0.454167 0.393750 0.456250 0.395312 0.456250 0.395312 0.458333 0.404688 0.470833 0.409375 0.470833 0.409375 0.535417 0.404688 0.535417 0.393750 0.550000 0.393750 0.552083 0.392187 0.554167 0.390625 0.554167 0.378125 0.570833 0.378125 0.577083 0.335938 0.577083 0.335938 0.570833 0.332812 0.566667 0.331250 0.566667 0.329687 0.564583 0.328125 0.564583 0.328125 0.562500 0.317187 0.547917 0.317187 0.545833 0.315625 0.543750 0.315625 0.539583 0.314062 0.537500 0.314062 0.533333 0.312500 0.531250 0.312500 0.529167 0.309375 0.525000 0.304688 0.525000 0.304688 0.462500 0.309375 0.462500 0.314062 0.456250 0.314062 0.454167 0.320312 0.445833 0.320312 0.443750 0.321875 0.441667 0.323438 0.441667 0.328125 0.435417 0.329687 0.435417 0.331250 0.433333 0.332812 0.433333 0.335938 0.429167 0.337500 0.429167 0.339063 0.427083 0.339063 0.420833 0.367188 0.420833 0.367188 0.427083 0.371875 0.433333 0.375000 0.433333 0.376562 0.431250 0.376562 0.420833
2 0.235937 0.870833 0.234375 0.868750 0.232813 0.868750 0.232813 0.864583 0.231250 0.862500 0.231250 0.858333 0.228125 0.854167 0.226562 0.854167 0.232813 0.854167 0.234375 0.856250 0.235937 0.856250 0.239062 0.860417 0.242188 0.860417 0.243750 0.862500 0.246875 0.862500 0.246875 0.868750 0.243750 0.868750 0.242188 0.870833 0.235937 0.870833 0.234375 0.881250 0.235937 0.883333 0.239062 0.883333 0.245313 0.891667 0.246875 0.891667 0.248438 0.893750 0.250000 0.893750 0.251562 0.895833 0.251562 0.900000 0.253125 0.902083 0.253125 0.904167 0.254687 0.906250 0.259375 0.906250 0.259375 0.931250 0.254687 0.931250 0.251562 0.935417 0.251562 0.939583 0.250000 0.941667 0.250000 0.943750 0.246875 0.947917 0.246875 0.950000 0.235937 0.964583 0.234375 0.964583 0.231250 0.968750 0.229688 0.968750 0.228125 0.970833 0.223437 0.970833 0.221875 0.972917 0.218750 0.972917 0.217188 0.975000 0.212500 0.975000 0.209375 0.979167 0.209375 0.985417 0.134375 0.985417 0.134375 0.979167 0.131250 0.975000 0.128125 0.975000 0.126562 0.972917 0.121875 0.972917 0.120313 0.970833 0.117188 0.970833 0.115625 0.968750 0.114062 0.968750 0.112500 0.966667 0.109375 0.966667 0.107813 0.964583 0.104688 0.964583 0.103125 0.962500 0.100000 0.962500 0.098437 0.960417 0.096875 0.960417 0.095312 0.958333 0.093750 0.958333 0.092188 0.956250 0.089063 0.956250 0.087500 0.954167 0.085938 0.954167 0.084375 0.952083 0.082812 0.952083 0.079687 0.947917 0.078125 0.947917 0.070312 0.937500 0.070312 0.935417 0.067187 0.931250 0.060938 0.931250 0.060938 0.879167 0.065625 0.879167 0.068750 0.875000 0.068750 0.872917 0.070312 0.870833 0.070312 0.868750 0.075000 0.862500 0.075000 0.860417 0.084375 0.847917 0.085938 0.847917 0.092188 0.839583 0.093750 0.839583 0.096875 0.835417 0.096875 0.829167 0.154688 0.829167 0.154688 0.835417 0.156250 0.837500 0.157812 0.837500 0.159375 0.839583 0.167188 0.839583 0.168750 0.841667 0.175000 0.841667 0.176562 0.843750 0.184375 0.843750 0.185938 0.845833 0.192187 0.845833 0.193750 0.847917 0.204687 0.847917 0.206250 0.850000 0.207812 0.850000 0.214063 0.858333 0.214063 0.862500 0.215625 0.864583 0.215625 0.866667 0.218750 0.870833 0.220312 0.870833 0.220312 0.877083 0.221875 0.879167 0.228125 0.879167 0.229688 0.881250 0.234375 0.881250
1 0.343750 0.912500 0.343750 0.918750 0.342188 0.920833 0.339063 0.920833 0.337500 0.922917 0.334375 0.922917 0.331250 0.927083 0.332812 0.929167 0.335938 0.929167 0.337500 0.931250 0.343750 0.931250 0.345312 0.933333 0.346875 0.933333 0.348437 0.935417 0.351562 0.935417 0.353125 0.937500 0.354688 0.937500 0.359375 0.943750 0.360937 0.943750 0.362500 0.941667 0.362500 0.939583 0.364062 0.937500 0.364062 0.935417 0.365625 0.933333 0.371875 0.933333 0.371875 0.997917 0.242188 0.997917 0.242188 0.993750 0.246875 0.993750 0.248438 0.991667 0.248438 0.989583 0.250000 0.987500 0.250000 0.983333 0.251562 0.981250 0.251562 0.977083 0.253125 0.975000 0.253125 0.960417 0.251562 0.958333 0.251562 0.956250 0.250000 0.954167 0.250000 0.950000 0.246875 0.945833 0.242188 0.945833 0.246875 0.945833 0.253125 0.937500 0.253125 0.935417 0.254687 0.933333 0.254687 0.929167 0.256250 0.929167 0.257812 0.927083 0.259375 0.927083 0.265625 0.918750 0.265625 0.912500