0 0.682788 0.621875 0.682788 0.626562 0.686948 0.629687 0.689028 0.629687 0.693188 0.632812 0.695269 0.632812 0.697349 0.634375 0.699429 0.634375 0.716069 0.646875 0.716069 0.648438 0.724390 0.654687 0.724390 0.656250 0.726470 0.657812 0.726470 0.660937 0.728550 0.662500 0.736870 0.662500 0.736870 0.700000 0.730630 0.700000 0.726470 0.703125 0.726470 0.704687 0.722310 0.707812 0.722310 0.709375 0.716069 0.714062 0.716069 0.715625 0.697349 0.729687 0.695269 0.729687 0.693188 0.731250 0.691108 0.731250 0.689028 0.732812 0.689028 0.739062 0.620386 0.739062 0.620386 0.734375 0.616226 0.731250 0.614146 0.731250 0.612065 0.729687 0.609985 0.729687 0.591265 0.715625 0.591265 0.714062 0.587104 0.710938 0.587104 0.709375 0.585024 0.707812 0.585024 0.706250 0.582944 0.704687 0.582944 0.703125 0.578784 0.700000 0.572544 0.700000 0.572544 0.667187 0.578784 0.667187 0.582944 0.664062 0.582944 0.660937 0.585024 0.659375 0.585024 0.657812 0.587104 0.656250 0.587104 0.654687 0.591265 0.651562 0.591265 0.650000 0.595425 0.646875 0.595425 0.645312 0.599585 0.642187 0.601665 0.642187 0.609985 0.635937 0.612065 0.635937 0.616226 0.632812 0.618306 0.632812 0.620386 0.631250 0.624546 0.631250 0.626626 0.629687 0.634946 0.629687 0.637026 0.628125 0.639106 0.628125 0.641187 0.626562 0.641187 0.621875
1 0.630786 0.528125 0.630786 0.532812 0.634946 0.535937 0.637026 0.535937 0.639106 0.537500 0.641187 0.537500 0.645347 0.540625 0.647427 0.540625 0.649507 0.542187 0.651587 0.542187 0.653667 0.543750 0.655747 0.543750 0.657827 0.545312 0.659907 0.545312 0.672388 0.554687 0.678628 0.554687 0.678628 0.603125 0.672388 0.603125 0.666147 0.607813 0.666147 0.609375 0.653667 0.618750 0.651587 0.618750 0.647427 0.621875 0.645347 0.621875 0.643267 0.623438 0.641187 0.623438 0.637026 0.626562 0.634946 0.626562 0.632866 0.628125 0.632866 0.632812 0.587104 0.632812 0.587104 0.628125 0.582944 0.625000 0.578784 0.625000 0.574624 0.621875 0.572544 0.621875 0.570464 0.620312 0.568384 0.620312 0.557983 0.612500 0.555903 0.612500 0.549663 0.607813 0.547583 0.607813 0.545503 0.606250 0.539263 0.606250 0.539263 0.556250 0.545503 0.556250 0.549663 0.553125 0.549663 0.551562 0.562144 0.542187 0.562144 0.540625 0.564224 0.540625 0.566304 0.539062 0.568384 0.539062 0.572544 0.535937 0.574624 0.535937 0.580864 0.540625 0.585024 0.540625 0.587104 0.539062 0.589185 0.539062 0.591265 0.540625 0.593345 0.540625 0.595425 0.542187 0.599585 0.539062 0.599585 0.537500 0.601665 0.535937 0.601665 0.528125
0 0.426938 0.553125 0.426938 0.557812 0.431099 0.560937 0.435259 0.560937 0.437339 0.562500 0.439419 0.562500 0.458140 0.576562 0.458140 0.578125 0.464380 0.582812 0.464380 0.584375 0.472700 0.590625 0.478940 0.590625 0.478940 0.621875 0.472700 0.621875 0.470620 0.623438 0.470620 0.626562 0.464380 0.626562 0.458140 0.631250 0.458140 0.632812 0.443579 0.643750 0.443579 0.645312 0.437339 0.650000 0.435259 0.650000 0.433179 0.651562 0.433179 0.653125 0.431099 0.654687 0.429019 0.654687 0.422778 0.659375 0.422778 0.664062 0.362456 0.664062 0.362456 0.659375 0.358296 0.656250 0.354136 0.656250 0.352056 0.654687 0.349976 0.654687 0.347896 0.653125 0.343735 0.653125 0.339575 0.650000 0.337495 0.650000 0.320855 0.637500 0.320855 0.635937 0.318774 0.634375 0.318774 0.632812 0.316694 0.631250 0.316694 0.629687 0.312534 0.626562 0.306294 0.626562 0.306294 0.593750 0.312534 0.593750 0.316694 0.590625 0.316694 0.587500 0.318774 0.585937 0.318774 0.584375 0.320855 0.582812 0.320855 0.581250 0.325015 0.578125 0.325015 0.576562 0.329175 0.573437 0.329175 0.571875 0.337495 0.565625 0.337495 0.564062 0.339575 0.564062 0.347896 0.557812 0.347896 0.553125
0 0.441499 0.365625 0.441499 0.370312 0.443579 0.371875 0.447739 0.371875 0.449819 0.373437 0.456060 0.373437 0.458140 0.375000 0.460220 0.375000 0.466460 0.379687 0.468540 0.379687 0.485181 0.392187 0.485181 0.393750 0.489341 0.396875 0.495581 0.396875 0.495581 0.442187 0.487261 0.442187 0.481021 0.446875 0.478940 0.446875 0.470620 0.453125 0.468540 0.453125 0.462300 0.457812 0.462300 0.464062 0.399897 0.464062 0.399897 0.459375 0.395737 0.456250 0.393657 0.456250 0.389497 0.453125 0.387417 0.453125 0.379097 0.446875 0.379097 0.445312 0.374937 0.442187 0.374937 0.440625 0.370776 0.437500 0.364536 0.437500 0.364536 0.392187 0.370776 0.392187 0.379097 0.385937 0.379097 0.384375 0.385337 0.379687 0.387417 0.379687 0.393657 0.375000 0.395737 0.375000 0.397817 0.373437 0.399897 0.373437 0.401978 0.371875 0.404058 0.371875 0.406138 0.370312 0.406138 0.365625
1 0.601665 0.346875 0.601665 0.351562 0.607905 0.356250 0.609985 0.356250 0.614146 0.359375 0.616226 0.359375 0.624546 0.365625 0.624546 0.367188 0.630786 0.371875 0.637026 0.371875 0.637026 0.423437 0.628706 0.423437 0.614146 0.434375 0.612065 0.434375 0.607905 0.437500 0.605825 0.437500 0.603745 0.439062 0.603745 0.445312 0.537183 0.445312 0.537183 0.440625 0.530942 0.435937 0.528862 0.435937 0.518462 0.428125 0.518462 0.426562 0.512222 0.421875 0.505981 0.421875 0.505981 0.371875 0.514302 0.371875 0.520542 0.367188 0.520542 0.365625 0.533022 0.356250 0.535103 0.356250 0.541343 0.351562 0.541343 0.346875
0 0.713989 0.409375 0.713989 0.414062 0.718149 0.417187 0.720230 0.417187 0.722310 0.418750 0.724390 0.418750 0.728550 0.421875 0.730630 0.421875 0.734790 0.425000 0.736870 0.425000 0.749351 0.434375 0.749351 0.435937 0.753511 0.439062 0.753511 0.440625 0.755591 0.442187 0.755591 0.443750 0.757671 0.445312 0.757671 0.446875 0.759751 0.448437 0.759751 0.451562 0.763911 0.454687 0.770151 0.454687 0.770151 0.482812 0.763911 0.482812 0.759751 0.485937 0.759751 0.487500 0.757671 0.489062 0.757671 0.490625 0.753511 0.493750 0.753511 0.495312 0.749351 0.498437 0.749351 0.500000 0.730630 0.514062 0.728550 0.514062 0.726470 0.515625 0.724390 0.515625 0.722310 0.517187 0.720230 0.517187 0.718149 0.518750 0.713989 0.518750 0.711909 0.520312 0.709829 0.520312 0.707749 0.521875 0.707749 0.526562 0.680708 0.526562 0.680708 0.521875 0.676548 0.518750 0.672388 0.518750 0.670308 0.517187 0.664067 0.517187 0.661987 0.515625 0.659907 0.515625 0.657827 0.514062 0.655747 0.514062 0.653667 0.512500 0.651587 0.512500 0.649507 0.510937 0.647427 0.510937 0.630786 0.498437 0.630786 0.496875 0.626626 0.493750 0.626626 0.492188 0.624546 0.490625 0.624546 0.489062 0.620386 0.485937 0.614146 0.485937 0.614146 0.442187 0.620386 0.442187 0.626626 0.437500 0.626626 0.435937 0.641187 0.425000 0.643267 0.425000 0.647427 0.421875 0.649507 0.421875 0.651587 0.420312 0.653667 0.420312 0.655747 0.418750 0.657827 0.418750 0.659907 0.417187 0.661987 0.417187 0.666147 0.414062 0.666147 0.409375
1 0.418618 0.459375 0.418618 0.465625 0.420698 0.467187 0.422778 0.467187 0.426938 0.470312 0.429019 0.470312 0.431099 0.471875 0.433179 0.471875 0.439419 0.476562 0.441499 0.476562 0.443579 0.478125 0.443579 0.479687 0.445659 0.481250 0.445659 0.482812 0.449819 0.485937 0.449819 0.487500 0.451899 0.489062 0.451899 0.490625 0.456060 0.493750 0.462300 0.493750 0.462300 0.535937 0.456060 0.535937 0.449819 0.540625 0.447739 0.540625 0.433179 0.551562 0.433179 0.557812 0.352056 0.557812 0.352056 0.553125 0.347896 0.550000 0.345815 0.550000 0.343735 0.548437 0.341655 0.548437 0.329175 0.539062 0.329175 0.537500 0.327095 0.535937 0.327095 0.534375 0.325015 0.532812 0.325015 0.531250 0.320855 0.528125 0.314614 0.528125 0.314614 0.503125 0.320855 0.503125 0.322935 0.501562 0.325015 0.501562 0.327095 0.500000 0.327095 0.498437 0.329175 0.496875 0.329175 0.495312 0.337495 0.489062 0.337495 0.487500 0.345815 0.481250 0.345815 0.479687 0.358296 0.470312 0.360376 0.470312 0.364536 0.467187 0.368696 0.467187 0.370776 0.465625 0.370776 0.459375
0 0.605825 0.240625 0.605825 0.245312 0.609985 0.248437 0.614146 0.248437 0.618306 0.251562 0.620386 0.251562 0.632866 0.260937 0.632866 0.262500 0.639106 0.267187 0.645347 0.267187 0.645347 0.315625 0.639106 0.315625 0.632866 0.320312 0.632866 0.323437 0.630786 0.325000 0.630786 0.326562 0.620386 0.334375 0.620386 0.339062 0.553823 0.339062 0.553823 0.332812 0.551743 0.331250 0.551743 0.328125 0.549663 0.326562 0.549663 0.307813 0.547583 0.306250 0.547583 0.301562 0.545503 0.300000 0.545503 0.296875 0.543423 0.295312 0.543423 0.293750 0.541343 0.292187 0.541343 0.290625 0.539263 0.289062 0.539263 0.287500 0.535103 0.284375 0.535103 0.282812 0.533022 0.281250 0.533022 0.279687 0.528862 0.276562 0.522622 0.276562 0.522622 0.271875 0.528862 0.271875 0.530942 0.270312 0.530942 0.268750 0.533022 0.267187 0.533022 0.264062 0.551743 0.250000 0.553823 0.250000 0.555903 0.248437 0.557983 0.248437 0.562144 0.245312 0.562144 0.240625
2 0.306294 0.403125 0.306294 0.407812 0.310454 0.410937 0.314614 0.410937 0.318774 0.414062 0.320855 0.414062 0.329175 0.420312 0.331255 0.420312 0.331255 0.421875 0.339575 0.428125 0.339575 0.429688 0.341655 0.431250 0.341655 0.432812 0.343735 0.434375 0.343735 0.435937 0.347896 0.439062 0.354136 0.439062 0.354136 0.475000 0.347896 0.475000 0.339575 0.481250 0.339575 0.482812 0.333335 0.487500 0.333335 0.489062 0.325015 0.495312 0.325015 0.496875 0.320855 0.500000 0.320855 0.501562 0.318774 0.503125 0.316694 0.503125 0.308374 0.509375 0.308374 0.514062 0.270933 0.514062 0.270933 0.509375 0.268853 0.507812 0.266773 0.507812 0.264692 0.506250 0.262612 0.506250 0.260532 0.504687 0.254292 0.504687 0.252212 0.503125 0.250132 0.503125 0.248052 0.501562 0.245972 0.501562 0.241812 0.498437 0.239731 0.498437 0.227251 0.489062 0.227251 0.487500 0.221011 0.482812 0.221011 0.481250 0.218931 0.479687 0.218931 0.476562 0.216851 0.475000 0.216851 0.471875 0.214771 0.470312 0.214771 0.468750 0.212690 0.467187 0.206450 0.467187 0.206450 0.450000 0.212690 0.450000 0.216851 0.446875 0.216851 0.443750 0.218931 0.442187 0.218931 0.439062 0.221011 0.437500 0.221011 0.435937 0.225171 0.432812 0.225171 0.431250 0.229331 0.428125 0.229331 0.426562 0.243892 0.415625 0.245972 0.415625 0.250132 0.412500 0.252212 0.412500 0.254292 0.410937 0.256372 0.410937 0.260532 0.407812 0.260532 0.403125
1 0.988560 0.253125 0.988560 0.257812 0.994800 0.262500 1.000000 0.262500 1.000000 0.332812 0.994800 0.332812 0.988560 0.337500 0.986479 0.337500 0.982319 0.340625 0.982319 0.345312 0.909517 0.345312 0.909517 0.339062 0.907437 0.337500 0.905356 0.337500 0.899116 0.332812 0.899116 0.331250 0.892876 0.326562 0.892876 0.325000 0.890796 0.323437 0.890796 0.320312 0.886636 0.317187 0.880396 0.317187 0.880396 0.285937 0.888716 0.285937 0.890796 0.284375 0.890796 0.282812 0.892876 0.281250 0.892876 0.279687 0.915757 0.262500 0.917837 0.262500 0.919917 0.260937 0.921997 0.260937 0.926157 0.257812 0.926157 0.253125
1 0.368696 0.259375 0.368696 0.264062 0.372856 0.267187 0.374937 0.267187 0.379097 0.270312 0.381177 0.270312 0.391577 0.278125 0.391577 0.279687 0.393657 0.281250 0.393657 0.282812 0.397817 0.285937 0.397817 0.287500 0.399897 0.289062 0.399897 0.290625 0.401978 0.292187 0.401978 0.293750 0.406138 0.296875 0.412378 0.296875 0.412378 0.318750 0.406138 0.318750 0.404058 0.320312 0.404058 0.321875 0.401978 0.323437 0.401978 0.326562 0.397817 0.329687 0.397817 0.331250 0.395737 0.332812 0.395737 0.334375 0.391577 0.337500 0.391577 0.339062 0.377017 0.350000 0.374937 0.350000 0.372856 0.351562 0.372856 0.357812 0.322935 0.357812 0.322935 0.353125 0.318774 0.350000 0.316694 0.350000 0.314614 0.348437 0.312534 0.348437 0.302134 0.340625 0.302134 0.339062 0.295894 0.334375 0.295894 0.332812 0.293814 0.331250 0.293814 0.329687 0.291733 0.328125 0.291733 0.326562 0.287573 0.323437 0.281333 0.323437 0.281333 0.292187 0.287573 0.292187 0.291733 0.289062 0.291733 0.287500 0.293814 0.285937 0.293814 0.284375 0.304214 0.276562 0.304214 0.275000 0.306294 0.275000 0.312534 0.270312 0.316694 0.270312 0.318774 0.268750 0.322935 0.268750 0.329175 0.264062 0.329175 0.259375
2 0.520542 0.609375 0.520542 0.614062 0.524702 0.617188 0.526782 0.617188 0.528862 0.618750 0.530942 0.618750 0.535103 0.621875 0.537183 0.621875 0.543423 0.626562 0.545503 0.626562 0.551743 0.631250 0.551743 0.632812 0.560064 0.639062 0.560064 0.640625 0.564224 0.643750 0.570464 0.643750 0.570464 0.698437 0.564224 0.698437 0.557983 0.703125 0.557983 0.704687 0.555903 0.706250 0.555903 0.707812 0.547583 0.714062 0.547583 0.715625 0.545503 0.715625 0.535103 0.723437 0.533022 0.723437 0.530942 0.725000 0.528862 0.725000 0.526782 0.726562 0.526782 0.732812 0.456060 0.732812 0.456060 0.728125 0.449819 0.723437 0.447739 0.723437 0.439419 0.717187 0.437339 0.717187 0.424858 0.707812 0.424858 0.706250 0.418618 0.701562 0.418618 0.700000 0.416538 0.698437 0.416538 0.696875 0.412378 0.693750 0.406138 0.693750 0.406138 0.653125 0.414458 0.653125 0.416538 0.651562 0.418618 0.651562 0.420698 0.650000 0.422778 0.650000 0.424858 0.648438 0.429019 0.648438 0.445659 0.635937 0.447739 0.635937 0.449819 0.634375 0.449819 0.632812 0.451899 0.631250 0.451899 0.629687 0.453979 0.628125 0.453979 0.623438 0.451899 0.621875 0.451899 0.620312 0.449819 0.618750 0.435259 0.618750 0.433179 0.620312 0.431099 0.620312 0.422778 0.626562 0.422778 0.628125 0.420698 0.629687 0.416538 0.629687 0.414458 0.631250 0.406138 0.631250 0.406138 0.609375
2 0.780552 0.528125 0.780552 0.532812 0.784712 0.535937 0.786792 0.535937 0.788872 0.537500 0.790952 0.537500 0.793032 0.539062 0.795112 0.539062 0.799272 0.542187 0.801353 0.542187 0.805513 0.545312 0.807593 0.545312 0.807593 0.546875 0.815913 0.553125 0.815913 0.554687 0.817993 0.556250 0.817993 0.557812 0.820073 0.559375 0.828394 0.559375 0.828394 0.609375 0.820073 0.609375 0.817993 0.610937 0.817993 0.612500 0.813833 0.615625 0.813833 0.617188 0.799272 0.628125 0.797192 0.628125 0.795112 0.629687 0.793032 0.629687 0.786792 0.634375 0.786792 0.639062 0.730630 0.639062 0.730630 0.634375 0.724390 0.629687 0.722310 0.629687 0.720230 0.628125 0.718149 0.628125 0.713989 0.625000 0.711909 0.625000 0.705669 0.620312 0.703589 0.620312 0.703589 0.618750 0.695269 0.612500 0.689028 0.612500 0.689028 0.553125 0.695269 0.553125 0.705669 0.545312 0.707749 0.545312 0.709829 0.543750 0.711909 0.543750 0.716069 0.540625 0.718149 0.540625 0.722310 0.537500 0.726470 0.537500 0.728550 0.535937 0.730630 0.535937 0.734790 0.532812 0.734790 0.528125
2 0.557983 0.448437 0.560064 0.450000 0.562144 0.450000 0.566304 0.453125 0.568384 0.453125 0.570464 0.454687 0.574624 0.454687 0.578784 0.457812 0.580864 0.457812 0.591265 0.465625 0.591265 0.467187 0.593345 0.468750 0.593345 0.470312 0.597505 0.473437 0.603745 0.473437 0.603745 0.510937 0.597505 0.510937 0.593345 0.514062 0.593345 0.515625 0.587104 0.520312 0.587104 0.521875 0.570464 0.534375 0.568384 0.534375 0.564224 0.537500 0.562144 0.537500 0.560064 0.539062 0.557983 0.539062 0.555903 0.540625 0.553823 0.540625 0.551743 0.542187 0.547583 0.542187 0.545503 0.543750 0.543423 0.543750 0.541343 0.545312 0.539263 0.545312 0.537183 0.546875 0.537183 0.551562 0.510142 0.551562 0.510142 0.546875 0.508062 0.545312 0.505981 0.545312 0.503901 0.543750 0.501821 0.543750 0.499741 0.542187 0.495581 0.542187 0.491421 0.539062 0.489341 0.539062 0.478940 0.531250 0.478940 0.529687 0.474780 0.526562 0.474780 0.525000 0.468540 0.520312 0.468540 0.518750 0.466460 0.517187 0.466460 0.514062 0.462300 0.510937 0.456060 0.510937 0.456060 0.460938 0.464380 0.460938 0.474780 0.453125 0.476860 0.453125 0.487261 0.445312 0.489341 0.445312 0.491421 0.443750 0.510142 0.443750 0.512222 0.442187 0.514302 0.442187 0.516382 0.443750 0.522622 0.443750 0.528862 0.439062 0.528862 0.434375 0.539263 0.434375 0.539263 0.440625 0.541343 0.442187 0.543423 0.442187 0.545503 0.443750 0.549663 0.443750 0.555903 0.448437 0.557983 0.448437 0.566304 0.439062 0.566304 0.434375 0.589185 0.434375 0.589185 0.439062 0.576704 0.439062 0.574624 0.440625 0.570464 0.440625 0.568384 0.439062 0.566304 0.439062
2 0.543423 0.282812 0.543423 0.284375 0.547583 0.287500 0.553823 0.287500 0.553823 0.337500 0.547583 0.337500 0.528862 0.351562 0.526782 0.351562 0.522622 0.354687 0.520542 0.354687 0.518462 0.356250 0.516382 0.356250 0.514302 0.357812 0.512222 0.357812 0.508062 0.360937 0.505981 0.360937 0.503901 0.362500 0.501821 0.362500 0.499741 0.364062 0.499741 0.370312 0.443579 0.370312 0.443579 0.365625 0.439419 0.362500 0.437339 0.362500 0.422778 0.351562 0.422778 0.350000 0.418618 0.346875 0.418618 0.345312 0.412378 0.340625 0.406138 0.340625 0.406138 0.304688 0.412378 0.304688 0.416538 0.301562 0.416538 0.300000 0.418618 0.298437 0.418618 0.296875 0.422778 0.293750 0.422778 0.292187 0.426938 0.289062 0.426938 0.287500 0.429019 0.285937 0.429019 0.284375 0.435259 0.279687 0.435259 0.278125 0.441499 0.273437 0.443579 0.273437 0.447739 0.270312 0.449819 0.270312 0.451899 0.268750 0.453979 0.268750 0.456060 0.267187 0.458140 0.267187 0.462300 0.264062 0.462300 0.259375 0.499741 0.259375 0.499741 0.264062 0.503901 0.267187 0.505981 0.267187 0.508062 0.268750 0.510142 0.268750 0.512222 0.270312 0.514302 0.270312 0.518462 0.273437 0.520542 0.273437 0.522622 0.275000 0.524702 0.275000 0.526782 0.276562 0.528862 0.276562 0.530942 0.278125 0.533022 0.278125 0.537183 0.281250 0.539263 0.281250 0.541343 0.282812 0.543423 0.282812 0.547583 0.275000 0.547583 0.273437 0.545503 0.271875 0.545503 0.259375 0.553823 0.259375 0.553823 0.275000 0.547583 0.275000
1 0.013003 0.503125 0.013003 0.507812 0.023403 0.515625 0.025483 0.515625 0.031724 0.520312 0.033804 0.520312 0.035884 0.521875 0.037964 0.521875 0.040044 0.523437 0.042124 0.523437 0.044204 0.525000 0.046284 0.525000 0.048364 0.526562 0.052524 0.526562 0.054605 0.528125 0.056685 0.528125 0.058765 0.529687 0.062925 0.529687 0.065005 0.531250 0.067085 0.531250 0.069165 0.532812 0.071245 0.532812 0.079565 0.539062 0.081646 0.539062 0.081646 0.540625 0.092046 0.548437 0.092046 0.550000 0.098286 0.554687 0.104526 0.554687 0.104526 0.603125 0.098286 0.603125 0.094126 0.606250 0.094126 0.607813 0.089966 0.610937 0.089966 0.612500 0.085806 0.615625 0.085806 0.617188 0.083726 0.618750 0.083726 0.620312 0.081646 0.621875 0.081646 0.626562 0.083726 0.628125 0.083726 0.631250 0.085806 0.632812 0.085806 0.635937 0.087886 0.637500 0.087886 0.639062 0.092046 0.642187 0.092046 0.654687 0.089966 0.656250 0.089966 0.657812 0.071245 0.671875 0.071245 0.676562 0.042124 0.676562 0.042124 0.671875 0.037964 0.668750 0.035884 0.668750 0.033804 0.667187 0.031724 0.667187 0.029644 0.665625 0.027563 0.665625 0.025483 0.664062 0.023403 0.664062 0.019243 0.660937 0.017163 0.660937 0.013003 0.657812 0.010923 0.657812 0.004683 0.653125 0.000000 0.653125 0.000000 0.503125
1 1.000000 0.528125 1.000000 0.664062 0.980239 0.664062 0.980239 0.659375 0.978159 0.657812 0.976079 0.657812 0.973999 0.656250 0.969839 0.656250 0.967759 0.654687 0.963599 0.654687 0.961519 0.653125 0.955278 0.653125 0.953198 0.651562 0.951118 0.651562 0.932397 0.637500 0.921997 0.637500 0.921997 0.595312 0.930317 0.595312 0.932397 0.593750 0.932397 0.590625 0.934478 0.589062 0.934478 0.564062 0.936558 0.562500 0.936558 0.557812 0.938638 0.556250 0.938638 0.554687 0.940718 0.553125 0.940718 0.551562 0.942798 0.550000 0.942798 0.548437 0.944878 0.546875 0.944878 0.545312 0.959438 0.534375 0.959438 0.528125
2 0.699429 0.315625 0.699429 0.320312 0.703589 0.323437 0.707749 0.323437 0.709829 0.325000 0.713989 0.325000 0.718149 0.328125 0.720230 0.328125 0.738950 0.342187 0.738950 0.343750 0.743110 0.346875 0.743110 0.348437 0.747271 0.351562 0.753511 0.351562 0.753511 0.406250 0.743110 0.406250 0.738950 0.409375 0.738950 0.414062 0.666147 0.414062 0.666147 0.409375 0.661987 0.406250 0.659907 0.406250 0.657827 0.404687 0.655747 0.404687 0.645347 0.396875 0.645347 0.395312 0.643267 0.393750 0.643267 0.392187 0.639106 0.389062 0.639106 0.387500 0.637026 0.385937 0.637026 0.381250 0.634946 0.379687 0.634946 0.376562 0.632866 0.375000 0.632866 0.373437 0.630786 0.371875 0.630786 0.370312 0.628706 0.368750 0.622466 0.368750 0.622466 0.357812 0.628706 0.357812 0.630786 0.356250 0.630786 0.354687 0.632866 0.353125 0.632866 0.350000 0.634946 0.348437 0.634946 0.345312 0.639106 0.342187 0.639106 0.340625 0.645347 0.335938 0.645347 0.334375 0.655747 0.326562 0.657827 0.326562 0.659907 0.325000 0.661987 0.325000 0.664067 0.323437 0.666147 0.323437 0.670308 0.320312 0.670308 0.315625
2 0.408218 0.953125 0.408218 0.957812 0.412378 0.960938 0.418618 0.960938 0.420698 0.962500 0.422778 0.962500 0.426938 0.965625 0.431099 0.965625 0.433179 0.967187 0.439419 0.967187 0.441499 0.968750 0.445659 0.968750 0.447739 0.970312 0.451899 0.970312 0.453979 0.971875 0.458140 0.971875 0.460220 0.973437 0.464380 0.973437 0.466460 0.975000 0.472700 0.975000 0.476860 0.978125 0.478940 0.978125 0.481021 0.979687 0.483101 0.979687 0.493501 0.987500 0.493501 0.989062 0.495581 0.990625 0.503901 0.990625 0.503901 0.998437 0.231411 0.998437 0.231411 0.996875 0.233491 0.995312 0.233491 0.993750 0.235571 0.992188 0.235571 0.989062 0.237651 0.987500 0.237651 0.985937 0.241812 0.982812 0.241812 0.981250 0.252212 0.973437 0.254292 0.973437 0.260532 0.968750 0.262612 0.968750 0.264692 0.967187 0.266773 0.967187 0.268853 0.965625 0.270933 0.965625 0.273013 0.964062 0.277173 0.964062 0.279253 0.962500 0.283413 0.962500 0.285493 0.960938 0.287573 0.960938 0.289653 0.959375 0.291733 0.959375 0.293814 0.957812 0.293814 0.953125
2 0.772231 0.765625 0.776392 0.768750 0.778472 0.768750 0.780552 0.770312 0.784712 0.770312 0.786792 0.771875 0.788872 0.771875 0.790952 0.773438 0.795112 0.773438 0.797192 0.775000 0.813833 0.775000 0.815913 0.773438 0.834634 0.773438 0.836714 0.775000 0.849194 0.775000 0.851274 0.776562 0.853354 0.776562 0.855435 0.775000 0.859595 0.775000 0.861675 0.773438 0.865835 0.773438 0.867915 0.771875 0.869995 0.771875 0.872075 0.770312 0.876235 0.770312 0.878315 0.768750 0.880396 0.770312 0.886636 0.770312 0.892876 0.775000 0.894956 0.775000 0.897036 0.776562 0.903276 0.776562 0.903276 0.842187 0.897036 0.842187 0.892876 0.845312 0.892876 0.848437 0.890796 0.850000 0.890796 0.856250 0.888716 0.857812 0.888716 0.864062 0.886636 0.865625 0.886636 0.867188 0.884556 0.868750 0.884556 0.870312 0.882476 0.871875 0.882476 0.875000 0.880396 0.876562 0.880396 0.878125 0.878315 0.879687 0.878315 0.882812 0.876235 0.884375 0.876235 0.885937 0.872075 0.889062 0.872075 0.890625 0.869995 0.892187 0.869995 0.893750 0.867915 0.895312 0.867915 0.896875 0.865835 0.898438 0.865835 0.900000 0.863755 0.901562 0.863755 0.903125 0.861675 0.904687 0.861675 0.906250 0.859595 0.907812 0.859595 0.909375 0.857515 0.910937 0.857515 0.912500 0.853354 0.915625 0.853354 0.917187 0.851274 0.918750 0.851274 0.920312 0.849194 0.921875 0.849194 0.923437 0.847114 0.925000 0.847114 0.926562 0.842954 0.929688 0.842954 0.931250 0.830474 0.940625 0.830474 0.945312 0.770151 0.945312 0.770151 0.940625 0.765991 0.937500 0.763911 0.937500 0.761831 0.935937 0.759751 0.935937 0.755591 0.932812 0.753511 0.932812 0.738950 0.921875 0.738950 0.920312 0.734790 0.917187 0.734790 0.915625 0.732710 0.914062 0.732710 0.912500 0.728550 0.909375 0.722310 0.909375 0.722310 0.859375 0.728550 0.859375 0.732710 0.856250 0.732710 0.854687 0.734790 0.853125 0.734790 0.850000 0.736870 0.848437 0.736870 0.845312 0.738950 0.843750 0.738950 0.842187 0.741030 0.840625 0.741030 0.837500 0.743110 0.835938 0.743110 0.832812 0.745190 0.831250 0.745190 0.828125 0.747271 0.826562 0.747271 0.825000 0.749351 0.823437 0.749351 0.820312 0.751431 0.818750 0.751431 0.812500 0.753511 0.810937 0.753511 0.806250 0.755591 0.804688 0.755591 0.803125 0.757671 0.801562 0.757671 0.800000 0.759751 0.798437 0.759751 0.795312 0.761831 0.793750 0.761831 0.792187 0.765991 0.789062 0.765991 0.787500 0.768071 0.785937 0.772231 0.785937 0.774312 0.784375 0.790952 0.784375 0.793032 0.785937 0.803433 0.785937 0.805513 0.784375 0.807593 0.785937 0.811753 0.785937 0.813833 0.784375 0.822153 0.784375 0.824233 0.782812 0.822153 0.781250 0.799272 0.781250 0.797192 0.779687 0.795112 0.781250 0.772231 0.781250 0.770151 0.779687 0.770151 0.770312 0.772231 0.768750
1 0.133648 0.515625 0.133648 0.520312 0.135728 0.521875 0.139888 0.521875 0.141968 0.523437 0.146128 0.523437 0.148208 0.525000 0.150288 0.525000 0.156528 0.529687 0.158608 0.529687 0.160689 0.531250 0.162769 0.531250 0.171089 0.537500 0.173169 0.537500 0.175249 0.539062 0.175249 0.540625 0.183569 0.546875 0.183569 0.548437 0.187730 0.551562 0.187730 0.553125 0.191890 0.556250 0.191890 0.559375 0.193970 0.560937 0.193970 0.562500 0.198130 0.565625 0.204370 0.565625 0.204370 0.598437 0.198130 0.598437 0.196050 0.600000 0.196050 0.601562 0.193970 0.603125 0.193970 0.606250 0.191890 0.607813 0.191890 0.609375 0.189810 0.610937 0.189810 0.612500 0.185649 0.615625 0.185649 0.617188 0.183569 0.618750 0.183569 0.621875 0.181489 0.623438 0.181489 0.626562 0.179409 0.628125 0.181489 0.629687 0.181489 0.632812 0.189810 0.639062 0.189810 0.640625 0.191890 0.642187 0.191890 0.643750 0.193970 0.645312 0.193970 0.646875 0.196050 0.648438 0.196050 0.650000 0.198130 0.651562 0.204370 0.651562 0.204370 0.660937 0.198130 0.660937 0.193970 0.664062 0.191890 0.664062 0.189810 0.665625 0.187730 0.665625 0.181489 0.670312 0.181489 0.676562 0.164849 0.676562 0.164849 0.671875 0.158608 0.667187 0.154448 0.667187 0.152368 0.665625 0.150288 0.665625 0.146128 0.662500 0.144048 0.662500 0.139888 0.659375 0.137808 0.659375 0.129487 0.653125 0.127407 0.653125 0.127407 0.651562 0.125327 0.650000 0.125327 0.648438 0.123247 0.646875 0.123247 0.643750 0.121167 0.642187 0.121167 0.631250 0.123247 0.629687 0.123247 0.600000 0.121167 0.598437 0.121167 0.582812 0.119087 0.581250 0.119087 0.576562 0.117007 0.575000 0.117007 0.570312 0.114927 0.568750 0.114927 0.560937 0.117007 0.559375 0.117007 0.539062 0.114927 0.537500 0.114927 0.529687 0.117007 0.528125 0.117007 0.526562 0.121167 0.523437 0.123247 0.523437 0.125327 0.521875 0.127407 0.521875 0.129487 0.520312 0.129487 0.515625