1 0.462817 0.321875 0.462817 0.326562 0.458657 0.329687 0.456577 0.329687 0.454497 0.331250 0.452417 0.331250 0.448257 0.334375 0.446177 0.334375 0.442017 0.337500 0.439936 0.337500 0.431616 0.343750 0.431616 0.345312 0.425376 0.350000 0.425376 0.351562 0.421216 0.354687 0.421216 0.356250 0.414976 0.360937 0.414976 0.362500 0.410815 0.365625 0.404575 0.365625 0.404575 0.406250 0.410815 0.406250 0.414976 0.409375 0.414976 0.410937 0.417056 0.412500 0.417056 0.414062 0.423296 0.418750 0.423296 0.420312 0.433696 0.428125 0.435776 0.428125 0.444097 0.434375 0.446177 0.434375 0.450337 0.437500 0.452417 0.437500 0.456577 0.440625 0.456577 0.445312 0.516899 0.445312 0.516899 0.440625 0.523140 0.435937 0.525220 0.435937 0.546021 0.420312 0.546021 0.418750 0.552261 0.414062 0.552261 0.412500 0.554341 0.410937 0.554341 0.407812 0.558501 0.404687 0.558501 0.403125 0.560581 0.401562 0.568901 0.401562 0.568901 0.367188 0.562661 0.367188 0.558501 0.364062 0.558501 0.362500 0.554341 0.359375 0.554341 0.357812 0.548101 0.353125 0.548101 0.351562 0.533540 0.340625 0.531460 0.340625 0.527300 0.337500 0.525220 0.337500 0.516899 0.331250 0.514819 0.331250 0.510659 0.328125 0.508579 0.328125 0.506499 0.326562 0.506499 0.321875
0 0.227769 0.428125 0.227769 0.432812 0.223608 0.435937 0.219448 0.435937 0.215288 0.439062 0.213208 0.439062 0.209048 0.442187 0.206968 0.442187 0.202808 0.445312 0.200728 0.445312 0.186167 0.456250 0.186167 0.457812 0.182007 0.460938 0.182007 0.462500 0.175767 0.467187 0.175767 0.470312 0.173687 0.471875 0.173687 0.473437 0.169526 0.476562 0.163286 0.476562 0.163286 0.517187 0.169526 0.517187 0.173687 0.520312 0.173687 0.521875 0.175767 0.523437 0.175767 0.525000 0.179927 0.528125 0.179927 0.529687 0.186167 0.534375 0.186167 0.535937 0.196567 0.543750 0.198647 0.543750 0.206968 0.550000 0.209048 0.550000 0.213208 0.553125 0.215288 0.553125 0.217368 0.554687 0.219448 0.554687 0.221528 0.556250 0.223608 0.556250 0.227769 0.559375 0.227769 0.564062 0.273530 0.564062 0.273530 0.559375 0.275610 0.557812 0.277690 0.557812 0.279770 0.556250 0.281851 0.556250 0.283931 0.554687 0.286011 0.554687 0.288091 0.553125 0.290171 0.553125 0.292251 0.551562 0.294331 0.551562 0.296411 0.550000 0.298491 0.550000 0.302651 0.546875 0.304731 0.546875 0.317212 0.537500 0.317212 0.535937 0.321372 0.532812 0.321372 0.531250 0.325532 0.528125 0.325532 0.526562 0.331772 0.521875 0.331772 0.518750 0.333853 0.517187 0.333853 0.512500 0.335933 0.510937 0.335933 0.509375 0.338013 0.507812 0.344253 0.507812 0.344253 0.479687 0.338013 0.479687 0.335933 0.478125 0.335933 0.476562 0.333853 0.475000 0.333853 0.471875 0.331772 0.470312 0.331772 0.468750 0.329692 0.467187 0.329692 0.465625 0.327612 0.464062 0.327612 0.462500 0.323452 0.459375 0.323452 0.457812 0.304731 0.443750 0.302651 0.443750 0.296411 0.439062 0.294331 0.439062 0.292251 0.437500 0.290171 0.437500 0.288091 0.435937 0.286011 0.435937 0.283931 0.434375 0.281851 0.434375 0.279770 0.432812 0.279770 0.428125
1 0.741548 0.403125 0.741548 0.407812 0.735308 0.412500 0.733227 0.412500 0.731147 0.414062 0.729067 0.414062 0.720747 0.420312 0.718667 0.420312 0.712427 0.425000 0.710347 0.425000 0.699946 0.432812 0.699946 0.434375 0.691626 0.440625 0.691626 0.442187 0.687466 0.445312 0.687466 0.446875 0.685386 0.448437 0.685386 0.450000 0.681226 0.453125 0.681226 0.454687 0.677065 0.457812 0.670825 0.457812 0.670825 0.495312 0.677065 0.495312 0.683306 0.500000 0.683306 0.501562 0.687466 0.504687 0.687466 0.506250 0.708267 0.521875 0.710347 0.521875 0.712427 0.523437 0.714507 0.523437 0.720747 0.528125 0.720747 0.532812 0.781069 0.532812 0.781069 0.528125 0.783149 0.526562 0.785229 0.526562 0.787310 0.525000 0.791470 0.525000 0.793550 0.523437 0.797710 0.523437 0.799790 0.521875 0.801870 0.521875 0.803950 0.520312 0.806030 0.520312 0.810190 0.517187 0.812270 0.517187 0.816431 0.514062 0.818511 0.514062 0.828911 0.506250 0.828911 0.504687 0.833071 0.501562 0.833071 0.500000 0.837231 0.496875 0.837231 0.495312 0.839311 0.493750 0.839311 0.490625 0.841392 0.489062 0.841392 0.485937 0.845552 0.482812 0.851792 0.482812 0.851792 0.453125 0.845552 0.453125 0.841392 0.450000 0.841392 0.448437 0.839311 0.446875 0.839311 0.445312 0.837231 0.443750 0.837231 0.442187 0.835151 0.440625 0.835151 0.439062 0.828911 0.434375 0.828911 0.432812 0.826831 0.431250 0.824751 0.431250 0.820591 0.428125 0.820591 0.426562 0.818511 0.426562 0.808110 0.418750 0.806030 0.418750 0.799790 0.414062 0.797710 0.414062 0.795630 0.412500 0.793550 0.412500 0.791470 0.410937 0.789390 0.410937 0.785229 0.407812 0.785229 0.403125
0 0.394175 0.546875 0.394175 0.551562 0.390015 0.554687 0.387935 0.554687 0.385854 0.556250 0.383774 0.556250 0.381694 0.557812 0.379614 0.557812 0.373374 0.562500 0.371294 0.562500 0.365054 0.567187 0.362974 0.567187 0.356733 0.571875 0.356733 0.573437 0.354653 0.575000 0.352573 0.575000 0.352573 0.576562 0.348413 0.579687 0.348413 0.581250 0.344253 0.584375 0.344253 0.585937 0.340093 0.589062 0.340093 0.590625 0.335933 0.593750 0.329692 0.593750 0.329692 0.642187 0.335933 0.642187 0.344253 0.648438 0.344253 0.650000 0.352573 0.656250 0.352573 0.657812 0.373374 0.673437 0.375454 0.673437 0.381694 0.678125 0.383774 0.678125 0.387935 0.681250 0.390015 0.681250 0.394175 0.684375 0.394175 0.689062 0.452417 0.689062 0.452417 0.684375 0.456577 0.681250 0.458657 0.681250 0.460737 0.679688 0.462817 0.679688 0.464897 0.678125 0.469058 0.678125 0.473218 0.675000 0.475298 0.675000 0.479458 0.671875 0.481538 0.671875 0.500259 0.657812 0.500259 0.656250 0.504419 0.653125 0.504419 0.651562 0.506499 0.650000 0.506499 0.648438 0.508579 0.646875 0.508579 0.645312 0.512739 0.642187 0.518979 0.642187 0.518979 0.593750 0.512739 0.593750 0.508579 0.590625 0.508579 0.589062 0.506499 0.587500 0.506499 0.585937 0.504419 0.584375 0.504419 0.582812 0.500259 0.579687 0.500259 0.578125 0.477378 0.560937 0.475298 0.560937 0.469058 0.556250 0.466978 0.556250 0.464897 0.554687 0.460737 0.554687 0.456577 0.551562 0.456577 0.546875
1 0.924595 0.315625 0.924595 0.320312 0.920435 0.323437 0.916274 0.323437 0.914194 0.325000 0.912114 0.325000 0.910034 0.326562 0.907954 0.326562 0.903794 0.329687 0.901714 0.329687 0.893394 0.335938 0.891313 0.335938 0.889233 0.337500 0.889233 0.339062 0.880913 0.345312 0.880913 0.346875 0.876753 0.350000 0.870513 0.350000 0.870513 0.421875 0.878833 0.421875 0.880913 0.420312 0.885073 0.420312 0.887153 0.421875 0.889233 0.421875 0.891313 0.423437 0.897554 0.423437 0.899634 0.425000 0.901714 0.425000 0.905874 0.428125 0.905874 0.432812 0.980757 0.432812 0.980757 0.428125 0.984917 0.425000 0.986997 0.425000 0.991157 0.421875 0.993237 0.421875 0.995317 0.420312 1.000000 0.420312 1.000000 0.315625
2 0.527300 0.853125 0.527300 0.857812 0.523140 0.860937 0.516899 0.860937 0.514819 0.862500 0.510659 0.862500 0.508579 0.864062 0.506499 0.864062 0.504419 0.865625 0.502339 0.865625 0.500259 0.867188 0.496099 0.867188 0.494019 0.868750 0.491938 0.868750 0.489858 0.870312 0.487778 0.870312 0.477378 0.878125 0.477378 0.879687 0.462817 0.890625 0.462817 0.892187 0.454497 0.898438 0.454497 0.900000 0.448257 0.904687 0.448257 0.906250 0.439936 0.912500 0.439936 0.914062 0.437856 0.915625 0.429536 0.915625 0.429536 0.959375 0.435776 0.959375 0.439936 0.962500 0.439936 0.965625 0.442017 0.967187 0.442017 0.970312 0.444097 0.971875 0.444097 0.975000 0.446177 0.976562 0.446177 0.979687 0.448257 0.981250 0.448257 0.984375 0.450337 0.985937 0.450337 0.989062 0.452417 0.990625 0.452417 0.992188 0.454497 0.993750 0.454497 0.995312 0.456577 0.996875 0.456577 0.998437 0.685386 0.998437 0.685386 0.982812 0.679145 0.982812 0.672905 0.978125 0.672905 0.976562 0.670825 0.975000 0.670825 0.973437 0.668745 0.971875 0.668745 0.970312 0.664585 0.967187 0.664585 0.965625 0.662505 0.964062 0.662505 0.962500 0.660425 0.960938 0.660425 0.959375 0.656265 0.956250 0.656265 0.954687 0.654185 0.953125 0.654185 0.951562 0.652104 0.950000 0.652104 0.948437 0.650024 0.946875 0.650024 0.945312 0.647944 0.943750 0.647944 0.940625 0.645864 0.939062 0.645864 0.937500 0.641704 0.934375 0.641704 0.932812 0.639624 0.931250 0.639624 0.929688 0.637544 0.928125 0.637544 0.926562 0.635464 0.925000 0.635464 0.923437 0.633384 0.921875 0.633384 0.920312 0.631304 0.918750 0.631304 0.917187 0.629224 0.915625 0.629224 0.914062 0.625063 0.910937 0.625063 0.909375 0.622983 0.907812 0.622983 0.906250 0.620903 0.904687 0.620903 0.903125 0.616743 0.900000 0.616743 0.898438 0.612583 0.895312 0.612583 0.893750 0.606343 0.889062 0.606343 0.887500 0.604263 0.885937 0.604263 0.884375 0.598022 0.879687 0.598022 0.878125 0.589702 0.871875 0.589702 0.870312 0.587622 0.868750 0.587622 0.867188 0.577222 0.859375 0.577222 0.853125
2 0.560581 0.259375 0.560581 0.264062 0.556421 0.267187 0.552261 0.267187 0.550181 0.268750 0.548101 0.268750 0.541860 0.273437 0.539780 0.273437 0.525220 0.284375 0.525220 0.285937 0.523140 0.287500 0.523140 0.289062 0.521060 0.290625 0.512739 0.290625 0.512739 0.332812 0.521060 0.332812 0.523140 0.334375 0.525220 0.334375 0.531460 0.339062 0.533540 0.339062 0.537700 0.342187 0.539780 0.342187 0.541860 0.343750 0.541860 0.345312 0.552261 0.353125 0.552261 0.354687 0.566821 0.365625 0.566821 0.370312 0.612583 0.370312 0.612583 0.365625 0.614663 0.364062 0.620903 0.364062 0.622983 0.362500 0.631304 0.362500 0.635464 0.359375 0.637544 0.359375 0.647944 0.351562 0.647944 0.350000 0.654185 0.345312 0.660425 0.345312 0.660425 0.290625 0.654185 0.290625 0.647944 0.285937 0.647944 0.284375 0.645864 0.282812 0.645864 0.281250 0.643784 0.281250 0.641704 0.279687 0.641704 0.278125 0.637544 0.275000 0.635464 0.275000 0.627144 0.268750 0.625063 0.268750 0.622983 0.267187 0.620903 0.267187 0.616743 0.264062 0.616743 0.259375
1 0.055122 0.957812 0.046802 0.957812 0.046802 0.964062 0.057202 0.964062 0.057202 0.959375 0.055122 0.957812 0.236089 0.821875 0.217368 0.820312 0.217368 0.801562 0.215288 0.800000 0.215288 0.798437 0.209048 0.793750 0.209048 0.792187 0.204888 0.789062 0.204888 0.784375 0.138325 0.784375 0.138325 0.789062 0.130005 0.795312 0.127925 0.795312 0.123765 0.798437 0.121685 0.798437 0.119604 0.800000 0.117524 0.800000 0.115444 0.801562 0.113364 0.801562 0.102964 0.809375 0.098804 0.809375 0.096724 0.810937 0.094644 0.810937 0.092563 0.812500 0.090483 0.812500 0.086323 0.815625 0.086323 0.817187 0.075923 0.825000 0.073843 0.825000 0.069683 0.828125 0.069683 0.831250 0.067603 0.832812 0.067603 0.835938 0.065522 0.837500 0.065522 0.846875 0.059282 0.851562 0.059282 0.854687 0.061362 0.856250 0.061362 0.857812 0.059282 0.859375 0.059282 0.860937 0.057202 0.862500 0.057202 0.864062 0.053042 0.867188 0.046802 0.867188 0.046802 0.907812 0.053042 0.907812 0.057202 0.910937 0.057202 0.912500 0.059282 0.914062 0.059282 0.915625 0.061362 0.917187 0.061362 0.918750 0.067603 0.923437 0.067603 0.925000 0.078003 0.932812 0.078003 0.934375 0.080083 0.935937 0.082163 0.935937 0.084243 0.937500 0.086323 0.937500 0.092563 0.942187 0.092563 0.943750 0.096724 0.946875 0.090483 0.951562 0.090483 0.953125 0.084243 0.957812 0.080083 0.957812 0.078003 0.959375 0.078003 0.964062 0.182007 0.964062 0.182007 0.957812 0.184087 0.956250 0.186167 0.956250 0.192407 0.951562 0.194487 0.951562 0.194487 0.950000 0.196567 0.948437 0.198647 0.948437 0.200728 0.946875 0.202808 0.946875 0.211128 0.940625 0.213208 0.940625 0.223608 0.932812 0.225688 0.932812 0.234009 0.926562 0.236089 0.926562 0.244409 0.920312 0.252729 0.920312 0.252729 0.882812 0.246489 0.882812 0.242329 0.879687 0.242329 0.878125 0.240249 0.876562 0.240249 0.875000 0.217368 0.857812 0.217368 0.856250 0.213208 0.853125 0.213208 0.851562 0.211128 0.850000 0.211128 0.845312 0.213208 0.843750 0.213208 0.831250 0.215288 0.829687 0.215288 0.821875 0.217368 0.820312 0.236089 0.821875 0.242329 0.821875 0.244409 0.820312 0.252729 0.820312 0.252729 0.801562 0.244409 0.801562 0.242329 0.803125 0.242329 0.804688 0.240249 0.806250 0.238169 0.806250 0.234009 0.809375 0.234009 0.810937 0.236089 0.812500 0.236089 0.821875
2 0.608423 0.365625 0.608423 0.370312 0.606343 0.371875 0.602183 0.371875 0.600103 0.373437 0.595942 0.373437 0.593862 0.375000 0.589702 0.375000 0.585542 0.378125 0.583462 0.378125 0.579302 0.381250 0.577222 0.381250 0.573062 0.384375 0.573062 0.385937 0.570981 0.387500 0.568901 0.387500 0.566821 0.389062 0.564741 0.389062 0.562661 0.390625 0.562661 0.392187 0.558501 0.395312 0.558501 0.398438 0.556421 0.400000 0.556421 0.404687 0.552261 0.407812 0.537700 0.407812 0.537700 0.428125 0.548101 0.428125 0.550181 0.429688 0.552261 0.429688 0.554341 0.431250 0.556421 0.431250 0.560581 0.434375 0.556421 0.437500 0.556421 0.442187 0.554341 0.443750 0.554341 0.451562 0.556421 0.453125 0.556421 0.456250 0.558501 0.457812 0.558501 0.459375 0.560581 0.460938 0.560581 0.462500 0.566821 0.467187 0.568901 0.467187 0.577222 0.473437 0.579302 0.473437 0.585542 0.478125 0.585542 0.482812 0.650024 0.482812 0.650024 0.476562 0.652104 0.475000 0.654185 0.475000 0.672905 0.460938 0.672905 0.459375 0.677065 0.456250 0.677065 0.454687 0.679145 0.453125 0.679145 0.451562 0.687466 0.445312 0.693706 0.445312 0.693706 0.395312 0.687466 0.395312 0.672905 0.384375 0.672905 0.382812 0.670825 0.382812 0.660425 0.375000 0.658345 0.375000 0.654185 0.371875 0.654185 0.365625
2 0.394175 0.134375 0.394175 0.139062 0.387935 0.143750 0.385854 0.143750 0.377534 0.150000 0.375454 0.150000 0.373374 0.151562 0.373374 0.153125 0.367134 0.157812 0.367134 0.159375 0.365054 0.160937 0.365054 0.162500 0.362974 0.164062 0.354653 0.164062 0.354653 0.206250 0.362974 0.206250 0.367134 0.209375 0.369214 0.209375 0.371294 0.210938 0.390015 0.210938 0.392095 0.212500 0.427456 0.212500 0.429536 0.214062 0.458657 0.214062 0.460737 0.215625 0.460737 0.220312 0.460737 0.215625 0.462817 0.214062 0.464897 0.214062 0.466978 0.212500 0.469058 0.212500 0.475298 0.207812 0.475298 0.206250 0.479458 0.203125 0.485698 0.203125 0.485698 0.170312 0.479458 0.170312 0.475298 0.167187 0.475298 0.165625 0.473218 0.164062 0.473218 0.162500 0.471138 0.160937 0.471138 0.159375 0.466978 0.156250 0.466978 0.154687 0.462817 0.151562 0.462817 0.150000 0.460737 0.150000 0.452417 0.143750 0.450337 0.143750 0.448257 0.142187 0.446177 0.142187 0.442017 0.139062 0.442017 0.134375
1 0.132085 0.903125 0.132085 0.914062 0.134165 0.914062 0.136245 0.915625 0.138325 0.915625 0.142485 0.918750 0.142485 0.920312 0.144565 0.921875 0.144565 0.923437 0.146646 0.925000 0.146646 0.926562 0.152886 0.926562 0.152886 0.903125 0.132085 0.903125 0.125845 0.903125 0.102964 0.903125 0.102964 0.910937 0.100884 0.912500 0.094644 0.912500 0.090483 0.909375 0.090483 0.903125 0.084243 0.903125 0.084243 0.907812 0.080083 0.910937 0.078003 0.909375 0.078003 0.903125 0.000000 0.903125 0.000000 0.998437 0.115444 0.998437 0.115444 0.996875 0.125845 0.989062 0.127925 0.989062 0.134165 0.984375 0.136245 0.984375 0.146646 0.976562 0.152886 0.976562 0.152886 0.945312 0.146646 0.945312 0.144565 0.946875 0.142485 0.946875 0.140405 0.948437 0.136245 0.948437 0.134165 0.946875 0.132085 0.946875 0.125845 0.942187 0.123765 0.942187 0.121685 0.940625 0.111284 0.940625 0.109204 0.939062 0.107124 0.939062 0.105044 0.937500 0.102964 0.937500 0.100884 0.935937 0.098804 0.935937 0.094644 0.932812 0.094644 0.926562 0.092563 0.925000 0.092563 0.923437 0.090483 0.921875 0.090483 0.918750 0.094644 0.915625 0.098804 0.915625 0.100884 0.914062 0.113364 0.914062 0.115444 0.915625 0.123765 0.915625 0.125845 0.914062 0.125845 0.903125