0 0.659907 0.365625 0.659907 0.370312 0.661987 0.371875 0.664067 0.371875 0.666147 0.373437 0.670308 0.373437 0.672388 0.375000 0.674468 0.375000 0.676548 0.376562 0.678628 0.376562 0.682788 0.379687 0.684868 0.379687 0.695269 0.387500 0.703589 0.387500 0.703589 0.440625 0.695269 0.440625 0.693188 0.442187 0.693188 0.443750 0.676548 0.456250 0.674468 0.456250 0.670308 0.459375 0.670308 0.464062 0.616226 0.464062 0.616226 0.459375 0.612065 0.456250 0.609985 0.456250 0.607905 0.454687 0.605825 0.454687 0.601665 0.451562 0.599585 0.451562 0.589185 0.443750 0.589185 0.442187 0.582944 0.437500 0.582944 0.435937 0.580864 0.434375 0.580864 0.432812 0.578784 0.431250 0.572544 0.431250 0.572544 0.396875 0.578784 0.396875 0.585024 0.392187 0.585024 0.390625 0.603745 0.376562 0.605825 0.376562 0.609985 0.373437 0.612065 0.373437 0.614146 0.371875 0.614146 0.365625
1 0.485181 0.278125 0.485181 0.282812 0.491421 0.287500 0.495581 0.287500 0.499741 0.290625 0.499741 0.292187 0.505981 0.296875 0.512222 0.296875 0.512222 0.346875 0.505981 0.346875 0.503901 0.348437 0.503901 0.351562 0.501821 0.353125 0.501821 0.354687 0.493501 0.360937 0.493501 0.362500 0.481021 0.371875 0.481021 0.376562 0.418618 0.376562 0.418618 0.371875 0.414458 0.368750 0.410298 0.368750 0.406138 0.365625 0.404058 0.365625 0.399897 0.362500 0.397817 0.362500 0.387417 0.354687 0.381177 0.354687 0.381177 0.314062 0.387417 0.314062 0.391577 0.310937 0.391577 0.309375 0.393657 0.307813 0.393657 0.306250 0.395737 0.304688 0.397817 0.304688 0.399897 0.303125 0.399897 0.301562 0.412378 0.292187 0.414458 0.292187 0.416538 0.290625 0.416538 0.289062 0.424858 0.282812 0.424858 0.278125
0 0.431099 0.371875 0.431099 0.376562 0.435259 0.379687 0.437339 0.379687 0.441499 0.382812 0.443579 0.382812 0.458140 0.393750 0.458140 0.395312 0.466460 0.401562 0.466460 0.403125 0.468540 0.404687 0.468540 0.406250 0.472700 0.409375 0.478940 0.409375 0.478940 0.442187 0.472700 0.442187 0.470620 0.443750 0.470620 0.445312 0.460220 0.453125 0.460220 0.454687 0.449819 0.462500 0.447739 0.462500 0.441499 0.467187 0.439419 0.467187 0.437339 0.468750 0.433179 0.468750 0.429019 0.471875 0.429019 0.476562 0.389497 0.476562 0.389497 0.471875 0.385337 0.468750 0.383257 0.468750 0.381177 0.467187 0.379097 0.467187 0.377017 0.465625 0.374937 0.465625 0.358296 0.453125 0.358296 0.451562 0.354136 0.448437 0.354136 0.446875 0.352056 0.445312 0.352056 0.443750 0.349976 0.442187 0.349976 0.439062 0.345815 0.435937 0.339575 0.435937 0.339575 0.414062 0.345815 0.414062 0.349976 0.410937 0.349976 0.407812 0.352056 0.406250 0.352056 0.404687 0.354136 0.403125 0.354136 0.401562 0.356216 0.400000 0.356216 0.398438 0.362456 0.393750 0.362456 0.392187 0.368696 0.387500 0.370776 0.387500 0.379097 0.381250 0.381177 0.381250 0.383257 0.379687 0.385337 0.379687 0.389497 0.376562 0.389497 0.371875
2 0.657827 0.465625 0.657827 0.470312 0.661987 0.473437 0.666147 0.473437 0.668228 0.475000 0.670308 0.475000 0.682788 0.484375 0.682788 0.485937 0.689028 0.490625 0.689028 0.492188 0.691108 0.493750 0.691108 0.496875 0.693188 0.498437 0.693188 0.500000 0.697349 0.503125 0.703589 0.503125 0.703589 0.531250 0.697349 0.531250 0.693188 0.534375 0.693188 0.535937 0.691108 0.537500 0.691108 0.539062 0.689028 0.540625 0.689028 0.542187 0.682788 0.546875 0.682788 0.548437 0.672388 0.556250 0.670308 0.556250 0.666147 0.559375 0.664067 0.559375 0.661987 0.560937 0.657827 0.560937 0.655747 0.562500 0.653667 0.562500 0.649507 0.565625 0.649507 0.570312 0.605825 0.570312 0.605825 0.565625 0.601665 0.562500 0.599585 0.562500 0.597505 0.560937 0.595425 0.560937 0.593345 0.559375 0.589185 0.559375 0.587104 0.557812 0.585024 0.557812 0.576704 0.551562 0.576704 0.550000 0.570464 0.545312 0.570464 0.543750 0.568384 0.542187 0.568384 0.540625 0.566304 0.539062 0.566304 0.537500 0.562144 0.534375 0.555903 0.534375 0.555903 0.506250 0.562144 0.506250 0.564224 0.504687 0.564224 0.503125 0.572544 0.496875 0.572544 0.495312 0.576704 0.492188 0.576704 0.490625 0.580864 0.487500 0.580864 0.485937 0.589185 0.479687 0.591265 0.479687 0.593345 0.478125 0.595425 0.478125 0.599585 0.475000 0.601665 0.475000 0.603745 0.473437 0.607905 0.473437 0.612065 0.470312 0.612065 0.465625
2 0.497661 0.484375 0.497661 0.489062 0.501821 0.492188 0.503901 0.492188 0.508062 0.495312 0.510142 0.495312 0.518462 0.501562 0.520542 0.501562 0.524702 0.504687 0.524702 0.506250 0.530942 0.510937 0.537183 0.510937 0.537183 0.560937 0.528862 0.560937 0.526782 0.562500 0.526782 0.564062 0.512222 0.575000 0.510142 0.575000 0.503901 0.579687 0.501821 0.579687 0.499741 0.581250 0.497661 0.581250 0.495581 0.582812 0.493501 0.582812 0.491421 0.584375 0.489341 0.584375 0.487261 0.585937 0.485181 0.585937 0.483101 0.587500 0.478940 0.587500 0.474780 0.590625 0.474780 0.595312 0.441499 0.595312 0.441499 0.590625 0.437339 0.587500 0.435259 0.587500 0.433179 0.585937 0.429019 0.585937 0.426938 0.584375 0.424858 0.584375 0.420698 0.581250 0.418618 0.581250 0.404058 0.570312 0.404058 0.568750 0.401978 0.567187 0.401978 0.565625 0.399897 0.564062 0.399897 0.562500 0.395737 0.559375 0.389497 0.559375 0.389497 0.526562 0.395737 0.526562 0.399897 0.523437 0.399897 0.521875 0.401978 0.520312 0.401978 0.518750 0.404058 0.517187 0.404058 0.515625 0.408218 0.512500 0.408218 0.510937 0.412378 0.507812 0.412378 0.506250 0.429019 0.493750 0.431099 0.493750 0.437339 0.489062 0.437339 0.484375
1 0.551743 0.415625 0.551743 0.420312 0.555903 0.423437 0.557983 0.423437 0.560064 0.425000 0.562144 0.425000 0.576704 0.435937 0.576704 0.437500 0.580864 0.440625 0.587104 0.440625 0.587104 0.485937 0.578784 0.485937 0.576704 0.487500 0.576704 0.489062 0.572544 0.492188 0.572544 0.493750 0.562144 0.501562 0.562144 0.507812 0.520542 0.507812 0.520542 0.503125 0.505981 0.492188 0.501821 0.492188 0.499741 0.490625 0.495581 0.490625 0.493501 0.489062 0.491421 0.489062 0.489341 0.487500 0.487261 0.487500 0.485181 0.485937 0.478940 0.485937 0.476860 0.484375 0.472700 0.484375 0.466460 0.479687 0.466460 0.475000 0.468540 0.473437 0.468540 0.471875 0.470620 0.470312 0.470620 0.465625 0.472700 0.464062 0.472700 0.459375 0.474780 0.457812 0.474780 0.451562 0.472700 0.450000 0.470620 0.450000 0.468540 0.451562 0.456060 0.451562 0.456060 0.415625 0.464380 0.415625 0.464380 0.425000 0.462300 0.426562 0.462300 0.428125 0.464380 0.429688 0.464380 0.431250 0.466460 0.432812 0.466460 0.434375 0.472700 0.439062 0.487261 0.439062 0.489341 0.437500 0.489341 0.435937 0.491421 0.434375 0.491421 0.431250 0.493501 0.429688 0.493501 0.428125 0.497661 0.425000 0.497661 0.423437 0.499741 0.421875 0.499741 0.415625
2 0.580864 0.290625 0.580864 0.295312 0.585024 0.298437 0.589185 0.298437 0.591265 0.300000 0.593345 0.300000 0.595425 0.301562 0.597505 0.301562 0.603745 0.306250 0.605825 0.306250 0.607905 0.307813 0.607905 0.309375 0.618306 0.317187 0.618306 0.318750 0.622466 0.321875 0.628706 0.321875 0.628706 0.364062 0.620386 0.364062 0.612065 0.370312 0.609985 0.370312 0.603745 0.375000 0.601665 0.375000 0.595425 0.379687 0.593345 0.379687 0.589185 0.382812 0.587104 0.382812 0.585024 0.384375 0.585024 0.389062 0.528862 0.389062 0.528862 0.382812 0.520542 0.376562 0.518462 0.376562 0.516382 0.375000 0.516382 0.373437 0.514302 0.371875 0.505981 0.371875 0.505981 0.317187 0.512222 0.317187 0.516382 0.314062 0.516382 0.312500 0.518462 0.310937 0.518462 0.309375 0.530942 0.300000 0.533022 0.300000 0.535103 0.298437 0.539263 0.298437 0.543423 0.295312 0.543423 0.290625
2 0.749351 0.284375 0.749351 0.289062 0.753511 0.292187 0.755591 0.292187 0.780552 0.310937 0.786792 0.310937 0.786792 0.362500 0.780552 0.362500 0.776392 0.365625 0.776392 0.367188 0.772231 0.370312 0.772231 0.371875 0.761831 0.379687 0.759751 0.379687 0.753511 0.384375 0.751431 0.384375 0.749351 0.385937 0.747271 0.385937 0.745190 0.387500 0.743110 0.387500 0.738950 0.390625 0.738950 0.395312 0.705669 0.395312 0.705669 0.390625 0.697349 0.384375 0.695269 0.384375 0.693188 0.382812 0.693188 0.381250 0.691108 0.379687 0.689028 0.379687 0.684868 0.376562 0.682788 0.376562 0.680708 0.375000 0.678628 0.375000 0.670308 0.368750 0.668228 0.368750 0.666147 0.367188 0.666147 0.365625 0.659907 0.360937 0.659907 0.359375 0.653667 0.354687 0.647427 0.354687 0.647427 0.320312 0.653667 0.320312 0.657827 0.317187 0.657827 0.315625 0.659907 0.314062 0.659907 0.312500 0.661987 0.310937 0.661987 0.309375 0.666147 0.306250 0.666147 0.304688 0.678628 0.295312 0.680708 0.295312 0.682788 0.293750 0.684868 0.293750 0.686948 0.292187 0.689028 0.292187 0.693188 0.289062 0.693188 0.284375
2 0.703589 0.065625 0.703589 0.070312 0.705669 0.071875 0.709829 0.071875 0.711909 0.073437 0.720230 0.073437 0.722310 0.075000 0.728550 0.075000 0.730630 0.076562 0.734790 0.076562 0.736870 0.078125 0.738950 0.078125 0.741030 0.079687 0.743110 0.079687 0.745190 0.081250 0.749351 0.081250 0.755591 0.085938 0.757671 0.085938 0.759751 0.087500 0.761831 0.087500 0.763911 0.089062 0.765991 0.089062 0.770151 0.092187 0.772231 0.092187 0.774312 0.093750 0.776392 0.093750 0.778472 0.095312 0.780552 0.095312 0.786792 0.100000 0.788872 0.100000 0.797192 0.106250 0.799272 0.106250 0.799272 0.107812 0.805513 0.112500 0.807593 0.112500 0.807593 0.114062 0.813833 0.118750 0.820073 0.118750 0.820073 0.156250 0.811753 0.156250 0.809673 0.157812 0.809673 0.159375 0.807593 0.160937 0.807593 0.162500 0.805513 0.164062 0.805513 0.165625 0.790952 0.176562 0.788872 0.176562 0.784712 0.179688 0.782632 0.179688 0.780552 0.181250 0.778472 0.181250 0.774312 0.184375 0.774312 0.189062 0.732710 0.189062 0.732710 0.184375 0.730630 0.182812 0.728550 0.182812 0.726470 0.181250 0.722310 0.181250 0.720230 0.179688 0.713989 0.179688 0.711909 0.178125 0.705669 0.178125 0.703589 0.176562 0.699429 0.176562 0.697349 0.175000 0.691108 0.175000 0.689028 0.173437 0.680708 0.173437 0.678628 0.171875 0.672388 0.171875 0.670308 0.170312 0.666147 0.170312 0.664067 0.168750 0.657827 0.168750 0.655747 0.167187 0.647427 0.167187 0.645347 0.165625 0.639106 0.165625 0.637026 0.164062 0.632866 0.164062 0.630786 0.162500 0.622466 0.162500 0.620386 0.160937 0.618306 0.160937 0.616226 0.159375 0.612065 0.159375 0.601665 0.151562 0.601665 0.150000 0.595425 0.145312 0.589185 0.145312 0.589185 0.106250 0.595425 0.106250 0.599585 0.103125 0.599585 0.101562 0.601665 0.100000 0.601665 0.098437 0.605825 0.095312 0.605825 0.093750 0.607905 0.092187 0.607905 0.090625 0.612065 0.087500 0.612065 0.085938 0.620386 0.079687 0.622466 0.079687 0.626626 0.076562 0.628706 0.076562 0.630786 0.075000 0.634946 0.075000 0.637026 0.073437 0.647427 0.073437 0.651587 0.070312 0.651587 0.065625
2 0.331255 0.303125 0.331255 0.307813 0.333335 0.309375 0.335415 0.309375 0.337495 0.310937 0.339575 0.310937 0.341655 0.312500 0.343735 0.312500 0.347896 0.315625 0.349976 0.315625 0.354136 0.318750 0.356216 0.318750 0.366616 0.326562 0.366616 0.328125 0.368696 0.329687 0.368696 0.331250 0.372856 0.334375 0.379097 0.334375 0.379097 0.382812 0.370776 0.382812 0.364536 0.387500 0.364536 0.389062 0.362456 0.389062 0.352056 0.396875 0.349976 0.396875 0.347896 0.398438 0.345815 0.398438 0.343735 0.400000 0.339575 0.400000 0.335415 0.403125 0.335415 0.407812 0.306294 0.407812 0.306294 0.403125 0.302134 0.400000 0.297974 0.400000 0.295894 0.398438 0.293814 0.398438 0.291733 0.396875 0.287573 0.396875 0.283413 0.393750 0.281333 0.393750 0.268853 0.384375 0.268853 0.382812 0.262612 0.378125 0.262612 0.375000 0.260532 0.373437 0.260532 0.371875 0.258452 0.370312 0.258452 0.367188 0.256372 0.365625 0.256372 0.364062 0.254292 0.362500 0.248052 0.362500 0.248052 0.343750 0.254292 0.343750 0.256372 0.342187 0.256372 0.340625 0.258452 0.339062 0.258452 0.337500 0.260532 0.335938 0.260532 0.332812 0.264692 0.329687 0.264692 0.328125 0.270933 0.323437 0.270933 0.321875 0.273013 0.320312 0.275093 0.320312 0.285493 0.312500 0.287573 0.312500 0.289653 0.310937 0.293814 0.310937 0.297974 0.307813 0.297974 0.303125
1 0.568384 0.603125 0.568384 0.610937 0.566304 0.612500 0.566304 0.614062 0.568384 0.615625 0.568384 0.620312 0.570464 0.621875 0.570464 0.623438 0.572544 0.625000 0.572544 0.646875 0.574624 0.648438 0.574624 0.650000 0.576704 0.651562 0.576704 0.653125 0.580864 0.656250 0.587104 0.656250 0.587104 0.696875 0.580864 0.696875 0.576704 0.700000 0.576704 0.701562 0.574624 0.703125 0.574624 0.704687 0.568384 0.709375 0.568384 0.710938 0.557983 0.718750 0.555903 0.718750 0.553823 0.720312 0.553823 0.726562 0.483101 0.726562 0.483101 0.720312 0.481021 0.718750 0.478940 0.718750 0.464380 0.707812 0.464380 0.706250 0.460220 0.703125 0.460220 0.701562 0.458140 0.700000 0.458140 0.698437 0.456060 0.696875 0.456060 0.695312 0.453979 0.693750 0.447739 0.693750 0.447739 0.659375 0.453979 0.659375 0.456060 0.657812 0.456060 0.656250 0.458140 0.654687 0.458140 0.653125 0.462300 0.650000 0.462300 0.648438 0.466460 0.645312 0.466460 0.643750 0.474780 0.637500 0.476860 0.637500 0.495581 0.623438 0.495581 0.621875 0.497661 0.620312 0.497661 0.618750 0.499741 0.617188 0.499741 0.615625 0.501821 0.614062 0.501821 0.612500 0.503901 0.610937 0.503901 0.609375 0.505981 0.607813 0.505981 0.603125
1 0.535103 0.000000 0.535103 0.004687 0.533022 0.006250 0.533022 0.007812 0.520542 0.017187 0.518462 0.017187 0.514302 0.020312 0.512222 0.020312 0.505981 0.025000 0.501821 0.025000 0.499741 0.026562 0.495581 0.026562 0.493501 0.028125 0.493501 0.029687 0.491421 0.031250 0.491421 0.034375 0.493501 0.035937 0.495581 0.035937 0.501821 0.040625 0.503901 0.040625 0.510142 0.045312 0.510142 0.046875 0.512222 0.048437 0.514302 0.048437 0.524702 0.056250 0.526782 0.056250 0.539263 0.065625 0.545503 0.065625 0.545503 0.118750 0.539263 0.118750 0.530942 0.125000 0.528862 0.125000 0.522622 0.129687 0.518462 0.129687 0.516382 0.131250 0.514302 0.131250 0.512222 0.132812 0.508062 0.132812 0.505981 0.134375 0.503901 0.134375 0.499741 0.137500 0.497661 0.137500 0.493501 0.140625 0.493501 0.142187 0.491421 0.143750 0.489341 0.143750 0.483101 0.148437 0.481021 0.148437 0.476860 0.151562 0.474780 0.151562 0.472700 0.153125 0.470620 0.153125 0.468540 0.154687 0.464380 0.154687 0.462300 0.156250 0.458140 0.156250 0.453979 0.159375 0.453979 0.164062 0.395737 0.164062 0.395737 0.159375 0.393657 0.157812 0.391577 0.157812 0.389497 0.156250 0.381177 0.156250 0.379097 0.154687 0.368696 0.154687 0.366616 0.153125 0.360376 0.153125 0.358296 0.151562 0.352056 0.151562 0.349976 0.150000 0.345815 0.150000 0.343735 0.148437 0.339575 0.148437 0.337495 0.146875 0.333335 0.146875 0.331255 0.145312 0.329175 0.145312 0.327095 0.143750 0.325015 0.143750 0.322935 0.142187 0.320855 0.142187 0.314614 0.137500 0.312534 0.137500 0.297974 0.126562 0.295894 0.126562 0.293814 0.125000 0.291733 0.125000 0.289653 0.123437 0.283413 0.123437 0.281333 0.121875 0.275093 0.121875 0.273013 0.120312 0.268853 0.120312 0.266773 0.118750 0.264692 0.118750 0.254292 0.110937 0.248052 0.110937 0.248052 0.068750 0.254292 0.068750 0.256372 0.067187 0.256372 0.065625 0.258452 0.064062 0.258452 0.059375 0.260532 0.057812 0.260532 0.054688 0.262612 0.053125 0.262612 0.051562 0.264692 0.050000 0.264692 0.048437 0.266773 0.046875 0.266773 0.040625 0.268853 0.039062 0.268853 0.035937 0.270933 0.034375 0.270933 0.031250 0.273013 0.029687 0.273013 0.026562 0.275093 0.025000 0.275093 0.020312 0.277173 0.018750 0.277173 0.014062 0.279253 0.012500 0.279253 0.010937 0.281333 0.009375 0.281333 0.006250 0.283413 0.004687 0.283413 0.000000
1 0.042124 0.928125 0.042124 0.932812 0.046284 0.935937 0.048364 0.935937 0.050444 0.937500 0.054605 0.937500 0.056685 0.939062 0.062925 0.939062 0.065005 0.940625 0.071245 0.940625 0.073325 0.942187 0.079565 0.942187 0.081646 0.943750 0.083726 0.943750 0.085806 0.945312 0.089966 0.945312 0.092046 0.946875 0.100366 0.946875 0.102446 0.948437 0.106606 0.948437 0.108687 0.950000 0.112847 0.950000 0.114927 0.951562 0.119087 0.951562 0.121167 0.953125 0.127407 0.953125 0.129487 0.954687 0.131567 0.954687 0.133648 0.956250 0.135728 0.956250 0.137808 0.957812 0.141968 0.957812 0.144048 0.959375 0.150288 0.959375 0.152368 0.960938 0.158608 0.960938 0.160689 0.962500 0.166929 0.962500 0.169009 0.964062 0.175249 0.964062 0.177329 0.965625 0.183569 0.965625 0.185649 0.967187 0.191890 0.967187 0.193970 0.968750 0.198130 0.968750 0.200210 0.970312 0.204370 0.970312 0.206450 0.971875 0.210610 0.971875 0.212690 0.973437 0.216851 0.973437 0.218931 0.975000 0.225171 0.975000 0.227251 0.976562 0.231411 0.976562 0.233491 0.978125 0.239731 0.978125 0.241812 0.979687 0.245972 0.979687 0.248052 0.981250 0.252212 0.981250 0.254292 0.982812 0.256372 0.982812 0.258452 0.984375 0.262612 0.984375 0.264692 0.985937 0.268853 0.985937 0.270933 0.987500 0.275093 0.987500 0.277173 0.989062 0.285493 0.989062 0.287573 0.990625 0.295894 0.990625 0.295894 0.998437 0.000000 0.998437 0.000000 0.928125
1 0.146128 0.245312 0.146128 0.276562 0.133648 0.276562 0.133648 0.259375 0.135728 0.257812 0.135728 0.251562 0.137808 0.250000 0.137808 0.246875 0.139888 0.245312 0.146128 0.245312 0.146128 0.218750 0.121167 0.218750 0.119087 0.220312 0.117007 0.220312 0.114927 0.221875 0.112847 0.220312 0.110767 0.220312 0.104526 0.215625 0.104526 0.214062 0.098286 0.209375 0.096206 0.209375 0.094126 0.210938 0.089966 0.210938 0.081646 0.217187 0.081646 0.218750 0.075405 0.223437 0.075405 0.225000 0.071245 0.228125 0.071245 0.229687 0.069165 0.231250 0.069165 0.232812 0.060845 0.239062 0.060845 0.240625 0.054605 0.245312 0.054605 0.246875 0.052524 0.246875 0.050444 0.248437 0.050444 0.250000 0.046284 0.253125 0.046284 0.254687 0.044204 0.254687 0.042124 0.256250 0.042124 0.257812 0.040044 0.259375 0.037964 0.259375 0.033804 0.262500 0.033804 0.264062 0.031724 0.264062 0.027563 0.267187 0.025483 0.267187 0.023403 0.268750 0.021323 0.268750 0.019243 0.270312 0.019243 0.276562 0.000000 0.276562 0.000000 0.103125 0.050444 0.103125 0.050444 0.107812 0.052524 0.109375 0.056685 0.109375 0.058765 0.110937 0.075405 0.110937 0.077485 0.112500 0.081646 0.112500 0.083726 0.114062 0.085806 0.114062 0.087886 0.115625 0.089966 0.115625 0.092046 0.117188 0.094126 0.117188 0.096206 0.118750 0.098286 0.118750 0.100366 0.120312 0.102446 0.120312 0.104526 0.121875 0.108687 0.121875 0.110767 0.123437 0.114927 0.123437 0.129487 0.134375 0.131567 0.134375 0.137808 0.139062 0.146128 0.139062 0.146128 0.218750