1 0.546021 0.490625 0.546021 0.495312 0.543940 0.496875 0.541860 0.496875 0.539780 0.498437 0.535620 0.498437 0.533540 0.500000 0.531460 0.500000 0.529380 0.501562 0.527300 0.501562 0.527300 0.503125 0.514819 0.512500 0.514819 0.514062 0.512739 0.515625 0.504419 0.515625 0.504419 0.567187 0.510659 0.567187 0.512739 0.568750 0.514819 0.568750 0.533540 0.582812 0.535620 0.582812 0.537700 0.584375 0.539780 0.584375 0.541860 0.585937 0.543940 0.585937 0.550181 0.590625 0.550181 0.595312 0.602183 0.595312 0.602183 0.590625 0.608423 0.585937 0.610503 0.585937 0.612583 0.584375 0.614663 0.584375 0.616743 0.582812 0.618823 0.582812 0.625063 0.578125 0.627144 0.578125 0.631304 0.575000 0.633384 0.575000 0.635464 0.573437 0.635464 0.571875 0.639624 0.568750 0.639624 0.565625 0.641704 0.564062 0.641704 0.562500 0.645864 0.559375 0.652104 0.559375 0.652104 0.521875 0.645864 0.521875 0.639624 0.517187 0.639624 0.515625 0.633384 0.510937 0.633384 0.509375 0.627144 0.504687 0.625063 0.504687 0.616743 0.498437 0.612583 0.498437 0.608423 0.495312 0.608423 0.490625
0 0.462817 0.565625 0.462817 0.571875 0.460737 0.573437 0.458657 0.573437 0.448257 0.581250 0.446177 0.581250 0.431616 0.592187 0.431616 0.593750 0.427456 0.596875 0.421216 0.596875 0.421216 0.648438 0.429536 0.648438 0.431616 0.650000 0.431616 0.651562 0.435776 0.654687 0.435776 0.656250 0.439936 0.659375 0.439936 0.660937 0.444097 0.664062 0.444097 0.665625 0.452417 0.671875 0.454497 0.671875 0.456577 0.673437 0.458657 0.673437 0.460737 0.675000 0.462817 0.675000 0.466978 0.678125 0.466978 0.682812 0.529380 0.682812 0.529380 0.676562 0.531460 0.675000 0.533540 0.675000 0.535620 0.673437 0.537700 0.673437 0.539780 0.671875 0.541860 0.671875 0.550181 0.665625 0.552261 0.665625 0.554341 0.664062 0.554341 0.662500 0.562661 0.656250 0.562661 0.654687 0.564741 0.653125 0.564741 0.651562 0.566821 0.650000 0.566821 0.646875 0.570981 0.643750 0.577222 0.643750 0.577222 0.606250 0.570981 0.606250 0.566821 0.603125 0.566821 0.601562 0.564741 0.600000 0.564741 0.598437 0.558501 0.593750 0.556421 0.593750 0.552261 0.590625 0.550181 0.590625 0.548101 0.589062 0.546021 0.589062 0.543940 0.587500 0.541860 0.587500 0.537700 0.584375 0.535620 0.584375 0.531460 0.581250 0.529380 0.581250 0.514819 0.570312 0.514819 0.565625
1 0.394175 0.390625 0.394175 0.395312 0.390015 0.398438 0.387935 0.398438 0.385854 0.400000 0.383774 0.400000 0.381694 0.401562 0.379614 0.401562 0.377534 0.403125 0.377534 0.404687 0.365054 0.414062 0.365054 0.415625 0.360894 0.418750 0.360894 0.420312 0.358813 0.421875 0.358813 0.423437 0.356733 0.425000 0.356733 0.428125 0.354653 0.429688 0.354653 0.432812 0.352573 0.434375 0.346333 0.434375 0.346333 0.473437 0.354653 0.473437 0.358813 0.476562 0.360894 0.476562 0.362974 0.478125 0.365054 0.478125 0.367134 0.479687 0.369214 0.479687 0.373374 0.482812 0.375454 0.482812 0.381694 0.487500 0.383774 0.487500 0.387935 0.490625 0.387935 0.495312 0.462817 0.495312 0.462817 0.490625 0.466978 0.487500 0.469058 0.487500 0.473218 0.484375 0.475298 0.484375 0.487778 0.475000 0.487778 0.473437 0.489858 0.471875 0.489858 0.470312 0.491938 0.468750 0.491938 0.464062 0.494019 0.462500 0.494019 0.460938 0.496099 0.459375 0.502339 0.459375 0.502339 0.429688 0.496099 0.429688 0.491938 0.426562 0.491938 0.421875 0.489858 0.420312 0.489858 0.417187 0.487778 0.415625 0.487778 0.414062 0.479458 0.407812 0.477378 0.407812 0.469058 0.401562 0.466978 0.401562 0.464897 0.400000 0.462817 0.400000 0.460737 0.398438 0.458657 0.398438 0.454497 0.395312 0.454497 0.390625
0 0.533540 0.384375 0.533540 0.389062 0.527300 0.393750 0.525220 0.393750 0.516899 0.400000 0.514819 0.400000 0.510659 0.403125 0.508579 0.403125 0.500259 0.409375 0.500259 0.410937 0.498179 0.412500 0.498179 0.414062 0.494019 0.417187 0.487778 0.417187 0.487778 0.435937 0.494019 0.435937 0.496099 0.437500 0.496099 0.448437 0.494019 0.450000 0.487778 0.450000 0.487778 0.470312 0.494019 0.470312 0.500259 0.475000 0.500259 0.476562 0.512739 0.485937 0.514819 0.485937 0.521060 0.490625 0.521060 0.495312 0.589702 0.495312 0.589702 0.490625 0.593862 0.487500 0.595942 0.487500 0.598022 0.485937 0.600103 0.485937 0.602183 0.484375 0.604263 0.484375 0.610503 0.479687 0.612583 0.479687 0.616743 0.476562 0.616743 0.475000 0.620903 0.471875 0.620903 0.470312 0.622983 0.468750 0.622983 0.467187 0.625063 0.465625 0.625063 0.464062 0.629224 0.460938 0.635464 0.460938 0.635464 0.421875 0.629224 0.421875 0.625063 0.418750 0.625063 0.417187 0.622983 0.415625 0.622983 0.414062 0.618823 0.410937 0.618823 0.409375 0.602183 0.396875 0.600103 0.396875 0.595942 0.393750 0.593862 0.393750 0.591782 0.392187 0.589702 0.392187 0.585542 0.389062 0.585542 0.384375
2 0.342173 0.621875 0.342173 0.626562 0.335933 0.631250 0.333853 0.631250 0.329692 0.634375 0.327612 0.634375 0.319292 0.640625 0.319292 0.642187 0.315132 0.645312 0.315132 0.646875 0.310972 0.650000 0.304731 0.650000 0.304731 0.701562 0.313052 0.701562 0.315132 0.703125 0.315132 0.704687 0.319292 0.707812 0.319292 0.709375 0.327612 0.715625 0.327612 0.717187 0.329692 0.717187 0.331772 0.718750 0.331772 0.720312 0.333853 0.721875 0.335933 0.721875 0.340093 0.725000 0.342173 0.725000 0.346333 0.728125 0.348413 0.728125 0.350493 0.729687 0.354653 0.729687 0.356733 0.731250 0.358813 0.731250 0.360894 0.732812 0.360894 0.739062 0.396255 0.739062 0.396255 0.734375 0.400415 0.731250 0.402495 0.731250 0.404575 0.729687 0.408735 0.729687 0.410815 0.728125 0.412896 0.728125 0.417056 0.725000 0.419136 0.725000 0.425376 0.720312 0.427456 0.720312 0.431616 0.717187 0.431616 0.715625 0.439936 0.709375 0.439936 0.707812 0.442017 0.706250 0.442017 0.704687 0.444097 0.703125 0.452417 0.703125 0.452417 0.667187 0.446177 0.667187 0.437856 0.660937 0.437856 0.659375 0.433696 0.656250 0.433696 0.654687 0.431616 0.653125 0.431616 0.651562 0.427456 0.648438 0.427456 0.646875 0.421216 0.642187 0.421216 0.640625 0.419136 0.639062 0.419136 0.637500 0.404575 0.626562 0.404575 0.621875
1 0.870513 0.521875 0.870513 0.526562 0.864272 0.531250 0.862192 0.531250 0.853872 0.537500 0.851792 0.537500 0.839311 0.546875 0.839311 0.548437 0.837231 0.550000 0.828911 0.550000 0.828911 0.598437 0.835151 0.598437 0.839311 0.601562 0.839311 0.604687 0.841392 0.606250 0.841392 0.610937 0.843472 0.612500 0.843472 0.615625 0.845552 0.617188 0.853872 0.617188 0.855952 0.618750 0.858032 0.618750 0.860112 0.620312 0.864272 0.620312 0.866352 0.621875 0.870513 0.621875 0.872593 0.623438 0.876753 0.623438 0.878833 0.625000 0.880913 0.625000 0.882993 0.626562 0.885073 0.626562 0.887153 0.628125 0.887153 0.632812 0.926675 0.632812 0.926675 0.628125 0.930835 0.625000 0.934995 0.625000 0.937075 0.623438 0.941235 0.623438 0.943315 0.621875 0.945395 0.621875 0.951636 0.617188 0.953716 0.617188 0.964116 0.609375 0.964116 0.607813 0.970356 0.603125 0.976597 0.603125 0.976597 0.550000 0.970356 0.550000 0.966196 0.546875 0.966196 0.545312 0.955796 0.537500 0.953716 0.537500 0.949556 0.534375 0.947476 0.534375 0.943315 0.531250 0.941235 0.531250 0.939155 0.529687 0.934995 0.529687 0.930835 0.526562 0.930835 0.521875
1 0.273530 0.015625 0.273530 0.020312 0.271450 0.021875 0.269370 0.021875 0.267290 0.023438 0.265210 0.023438 0.263130 0.025000 0.258970 0.025000 0.256890 0.026562 0.254810 0.026562 0.252729 0.028125 0.250649 0.028125 0.248569 0.029687 0.246489 0.029687 0.244409 0.031250 0.240249 0.031250 0.238169 0.032812 0.236089 0.032812 0.231929 0.035937 0.229849 0.035937 0.227769 0.037500 0.225688 0.037500 0.221528 0.040625 0.219448 0.040625 0.215288 0.043750 0.213208 0.043750 0.182007 0.067187 0.182007 0.068750 0.175767 0.073437 0.175767 0.075000 0.173687 0.076562 0.173687 0.078125 0.169526 0.081250 0.169526 0.082812 0.165366 0.085938 0.165366 0.089062 0.157046 0.095312 0.154966 0.095312 0.152886 0.096875 0.148726 0.096875 0.146646 0.098437 0.144565 0.098437 0.142485 0.100000 0.140405 0.100000 0.136245 0.103125 0.130005 0.103125 0.130005 0.171875 0.138325 0.171875 0.140405 0.173437 0.140405 0.175000 0.146646 0.179688 0.146646 0.181250 0.161206 0.192187 0.163286 0.192187 0.165366 0.193750 0.167446 0.193750 0.173687 0.198437 0.175767 0.198437 0.188247 0.207812 0.190327 0.207812 0.196567 0.212500 0.198647 0.212500 0.200728 0.214062 0.202808 0.214062 0.204888 0.215625 0.209048 0.215625 0.211128 0.217187 0.213208 0.217187 0.215288 0.218750 0.219448 0.218750 0.223608 0.221875 0.223608 0.226562 0.319292 0.226562 0.319292 0.220312 0.321372 0.218750 0.323452 0.218750 0.325532 0.217187 0.327612 0.217187 0.329692 0.215625 0.340093 0.215625 0.342173 0.214062 0.354653 0.214062 0.356733 0.212500 0.362974 0.212500 0.365054 0.210938 0.369214 0.210938 0.373374 0.207812 0.373374 0.206250 0.377534 0.203125 0.377534 0.178125 0.375454 0.176562 0.375454 0.173437 0.373374 0.171875 0.373374 0.167187 0.371294 0.165625 0.371294 0.164062 0.373374 0.162500 0.373374 0.154687 0.375454 0.153125 0.375454 0.150000 0.377534 0.148437 0.377534 0.145312 0.379614 0.143750 0.379614 0.142187 0.381694 0.140625 0.381694 0.139062 0.390015 0.132812 0.392095 0.132812 0.394175 0.131250 0.396255 0.131250 0.400415 0.128125 0.402495 0.128125 0.406655 0.125000 0.408735 0.125000 0.414976 0.120312 0.417056 0.120312 0.429536 0.110937 0.429536 0.109375 0.433696 0.106250 0.433696 0.103125 0.437856 0.100000 0.444097 0.100000 0.444097 0.060937 0.437856 0.060937 0.433696 0.057812 0.433696 0.054688 0.429536 0.051562 0.429536 0.050000 0.412896 0.037500 0.410815 0.037500 0.408735 0.035937 0.406655 0.035937 0.402495 0.032812 0.398335 0.032812 0.396255 0.031250 0.394175 0.031250 0.392095 0.029687 0.390015 0.029687 0.387935 0.028125 0.385854 0.028125 0.383774 0.026562 0.379614 0.026562 0.377534 0.025000 0.373374 0.025000 0.371294 0.023438 0.367134 0.023438 0.362974 0.020312 0.362974 0.015625
2 0.693706 0.359375 0.693706 0.364062 0.689546 0.367188 0.687466 0.367188 0.685386 0.368750 0.683306 0.368750 0.681226 0.370312 0.679145 0.370312 0.672905 0.375000 0.670825 0.375000 0.658345 0.384375 0.658345 0.385937 0.656265 0.387500 0.656265 0.389062 0.652104 0.392187 0.645864 0.392187 0.645864 0.440625 0.652104 0.440625 0.658345 0.445312 0.658345 0.446875 0.664585 0.451562 0.664585 0.453125 0.668745 0.456250 0.670825 0.456250 0.677065 0.460938 0.679145 0.460938 0.685386 0.465625 0.685386 0.470312 0.749868 0.470312 0.749868 0.465625 0.754028 0.462500 0.756108 0.462500 0.760269 0.459375 0.762349 0.459375 0.781069 0.445312 0.781069 0.443750 0.783149 0.442187 0.783149 0.440625 0.787310 0.437500 0.793550 0.437500 0.793550 0.396875 0.787310 0.396875 0.783149 0.393750 0.783149 0.392187 0.781069 0.390625 0.781069 0.389062 0.778989 0.387500 0.778989 0.385937 0.772749 0.381250 0.772749 0.379687 0.764429 0.373437 0.762349 0.373437 0.758188 0.370312 0.756108 0.370312 0.754028 0.368750 0.751948 0.368750 0.745708 0.364062 0.745708 0.359375
2 0.464897 0.303125 0.464897 0.307813 0.460737 0.310937 0.454497 0.310937 0.452417 0.312500 0.450337 0.312500 0.446177 0.315625 0.444097 0.315625 0.439936 0.318750 0.437856 0.318750 0.423296 0.329687 0.423296 0.331250 0.419136 0.334375 0.412896 0.334375 0.412896 0.378125 0.419136 0.378125 0.425376 0.382812 0.425376 0.384375 0.427456 0.385937 0.427456 0.387500 0.429536 0.389062 0.433696 0.389062 0.435776 0.390625 0.444097 0.390625 0.446177 0.392187 0.448257 0.392187 0.450337 0.393750 0.452417 0.393750 0.454497 0.395312 0.456577 0.395312 0.458657 0.396875 0.460737 0.396875 0.462817 0.398438 0.464897 0.398438 0.471138 0.403125 0.471138 0.407812 0.508579 0.407812 0.508579 0.401562 0.510659 0.400000 0.512739 0.400000 0.516899 0.396875 0.518979 0.396875 0.529380 0.389062 0.531460 0.389062 0.533540 0.387500 0.533540 0.385937 0.537700 0.382812 0.537700 0.381250 0.539780 0.379687 0.539780 0.378125 0.541860 0.376562 0.541860 0.375000 0.546021 0.371875 0.552261 0.371875 0.552261 0.343750 0.546021 0.343750 0.541860 0.340625 0.541860 0.339062 0.539780 0.337500 0.539780 0.335938 0.537700 0.334375 0.537700 0.332812 0.531460 0.328125 0.531460 0.326562 0.521060 0.318750 0.518979 0.318750 0.516899 0.317187 0.514819 0.317187 0.508579 0.312500 0.506499 0.312500 0.504419 0.310937 0.500259 0.310937 0.496099 0.307813 0.496099 0.303125
2 0.371294 0.490625 0.371294 0.496875 0.369214 0.498437 0.367134 0.498437 0.365054 0.500000 0.362974 0.500000 0.358813 0.503125 0.358813 0.504687 0.356733 0.506250 0.354653 0.506250 0.352573 0.507812 0.352573 0.509375 0.344253 0.515625 0.338013 0.515625 0.338013 0.565625 0.344253 0.565625 0.350493 0.570312 0.350493 0.571875 0.354653 0.575000 0.354653 0.576562 0.369214 0.587500 0.371294 0.587500 0.375454 0.590625 0.375454 0.595312 0.427456 0.595312 0.427456 0.590625 0.429536 0.589062 0.431616 0.589062 0.439936 0.582812 0.442017 0.582812 0.448257 0.578125 0.452417 0.578125 0.454497 0.576562 0.454497 0.575000 0.458657 0.571875 0.460737 0.571875 0.471138 0.564062 0.473218 0.564062 0.473218 0.562500 0.475298 0.560937 0.475298 0.557812 0.479458 0.554687 0.485698 0.554687 0.485698 0.515625 0.479458 0.515625 0.473218 0.510937 0.473218 0.509375 0.458657 0.498437 0.456577 0.498437 0.452417 0.495312 0.452417 0.490625
1 0.629224 0.571875 0.629224 0.576562 0.622983 0.581250 0.620903 0.581250 0.614663 0.585937 0.612583 0.585937 0.608423 0.589062 0.606343 0.589062 0.593862 0.598437 0.587622 0.598437 0.587622 0.660937 0.593862 0.660937 0.610503 0.673437 0.612583 0.673437 0.618823 0.678125 0.620903 0.678125 0.622983 0.679688 0.625063 0.679688 0.629224 0.682812 0.631304 0.682812 0.633384 0.684375 0.633384 0.689062 0.685386 0.689062 0.685386 0.684375 0.689546 0.681250 0.691626 0.681250 0.693706 0.679688 0.695786 0.679688 0.697866 0.678125 0.699946 0.678125 0.702026 0.676562 0.704106 0.676562 0.718667 0.665625 0.718667 0.664062 0.722827 0.660937 0.722827 0.659375 0.724907 0.657812 0.724907 0.656250 0.729067 0.653125 0.735308 0.653125 0.735308 0.610937 0.729067 0.610937 0.724907 0.607813 0.724907 0.606250 0.722827 0.604687 0.722827 0.603125 0.720747 0.601562 0.720747 0.600000 0.714507 0.595312 0.714507 0.593750 0.699946 0.582812 0.697866 0.582812 0.693706 0.579687 0.691626 0.579687 0.687466 0.576562 0.687466 0.571875
2 0.629224 0.571875 0.629224 0.576562 0.620903 0.582812 0.618823 0.582812 0.612583 0.587500 0.610503 0.587500 0.608423 0.589062 0.606343 0.589062 0.598022 0.595312 0.598022 0.596875 0.595942 0.598437 0.587622 0.598437 0.587622 0.660937 0.593862 0.660937 0.610503 0.673437 0.612583 0.673437 0.618823 0.678125 0.620903 0.678125 0.622983 0.679688 0.625063 0.679688 0.629224 0.682812 0.631304 0.682812 0.633384 0.684375 0.633384 0.689062 0.685386 0.689062 0.685386 0.684375 0.691626 0.679688 0.695786 0.679688 0.697866 0.678125 0.699946 0.678125 0.702026 0.676562 0.704106 0.676562 0.718667 0.665625 0.718667 0.664062 0.720747 0.662500 0.720747 0.660937 0.724907 0.657812 0.724907 0.656250 0.729067 0.653125 0.735308 0.653125 0.735308 0.610937 0.729067 0.610937 0.724907 0.607813 0.724907 0.606250 0.722827 0.604687 0.722827 0.603125 0.720747 0.601562 0.720747 0.600000 0.714507 0.595312 0.714507 0.593750 0.699946 0.582812 0.697866 0.582812 0.693706 0.579687 0.691626 0.579687 0.687466 0.576562 0.687466 0.571875
1 0.229849 0.215625 0.229849 0.221875 0.231929 0.223437 0.231929 0.228125 0.234009 0.229687 0.234009 0.231250 0.238169 0.231250 0.240249 0.232812 0.244409 0.232812 0.246489 0.234375 0.242329 0.237500 0.242329 0.239062 0.240249 0.240625 0.238169 0.240625 0.234009 0.237500 0.234009 0.235937 0.231929 0.234375 0.229849 0.234375 0.225688 0.231250 0.225688 0.229687 0.223608 0.229687 0.221528 0.228125 0.217368 0.228125 0.215288 0.226562 0.213208 0.226562 0.202808 0.234375 0.200728 0.232812 0.198647 0.232812 0.192407 0.228125 0.190327 0.228125 0.188247 0.226562 0.177847 0.234375 0.171606 0.234375 0.171606 0.292187 0.177847 0.292187 0.179927 0.293750 0.179927 0.295312 0.182007 0.296875 0.182007 0.298437 0.184087 0.300000 0.184087 0.303125 0.186167 0.304688 0.186167 0.306250 0.188247 0.307813 0.188247 0.309375 0.192407 0.312500 0.192407 0.314062 0.194487 0.315625 0.194487 0.317187 0.196567 0.318750 0.196567 0.320312 0.198647 0.321875 0.198647 0.323437 0.200728 0.325000 0.200728 0.326562 0.202808 0.328125 0.202808 0.329687 0.204888 0.331250 0.204888 0.332812 0.211128 0.337500 0.211128 0.339062 0.213208 0.340625 0.215288 0.340625 0.229849 0.351562 0.231929 0.351562 0.238169 0.356250 0.240249 0.356250 0.244409 0.359375 0.246489 0.359375 0.248569 0.360937 0.250649 0.360937 0.252729 0.362500 0.254810 0.362500 0.258970 0.365625 0.261050 0.365625 0.263130 0.367188 0.265210 0.367188 0.267290 0.368750 0.271450 0.368750 0.275610 0.371875 0.277690 0.371875 0.279770 0.373437 0.281851 0.373437 0.283931 0.375000 0.288091 0.375000 0.294331 0.379687 0.298491 0.379687 0.300571 0.381250 0.302651 0.381250 0.306812 0.384375 0.308892 0.384375 0.310972 0.385937 0.317212 0.385937 0.319292 0.387500 0.323452 0.387500 0.325532 0.389062 0.327612 0.389062 0.329692 0.390625 0.329692 0.395312 0.348413 0.395312 0.348413 0.390625 0.350493 0.389062 0.352573 0.389062 0.354653 0.387500 0.358813 0.387500 0.360894 0.385937 0.365054 0.385937 0.367134 0.384375 0.371294 0.384375 0.373374 0.382812 0.377534 0.382812 0.381694 0.379687 0.383774 0.379687 0.392095 0.373437 0.392095 0.370312 0.394175 0.368750 0.394175 0.365625 0.402495 0.359375 0.406655 0.362500 0.406655 0.365625 0.417056 0.373437 0.417056 0.375000 0.427456 0.382812 0.427456 0.395312 0.435776 0.395312 0.435776 0.326562 0.425376 0.326562 0.425376 0.328125 0.423296 0.329687 0.423296 0.331250 0.419136 0.334375 0.414976 0.334375 0.410815 0.331250 0.410815 0.329687 0.408735 0.328125 0.408735 0.326562 0.410815 0.325000 0.410815 0.320312 0.402495 0.314062 0.402495 0.309375 0.398335 0.306250 0.398335 0.304688 0.394175 0.301562 0.394175 0.296875 0.392095 0.295312 0.392095 0.293750 0.390015 0.292187 0.390015 0.290625 0.385854 0.287500 0.385854 0.285937 0.373374 0.276562 0.373374 0.273437 0.371294 0.271875 0.371294 0.270312 0.358813 0.270312 0.354653 0.267187 0.352573 0.267187 0.344253 0.260937 0.344253 0.253125 0.346333 0.251562 0.346333 0.248437 0.348413 0.246875 0.348413 0.245312 0.344253 0.245312 0.342173 0.243750 0.338013 0.243750 0.335933 0.245312 0.333853 0.245312 0.329692 0.248437 0.315132 0.248437 0.313052 0.250000 0.310972 0.250000 0.308892 0.248437 0.304731 0.248437 0.300571 0.245312 0.302651 0.243750 0.302651 0.242188 0.304731 0.240625 0.304731 0.239062 0.310972 0.234375 0.310972 0.232812 0.313052 0.231250 0.313052 0.225000 0.310972 0.223437 0.310972 0.215625