1 0.490625 0.620833 0.490625 0.627083 0.500000 0.639583 0.501563 0.639583 0.512500 0.654167 0.512500 0.656250 0.517188 0.662500 0.521875 0.662500 0.521875 0.727083 0.517188 0.727083 0.510938 0.735417 0.510938 0.737500 0.503125 0.747917 0.501563 0.747917 0.496875 0.754167 0.495313 0.754167 0.493750 0.756250 0.492188 0.756250 0.490625 0.758333 0.487500 0.758333 0.484375 0.762500 0.484375 0.768750 0.450000 0.768750 0.450000 0.762500 0.446875 0.758333 0.445312 0.758333 0.443750 0.756250 0.442187 0.756250 0.437500 0.750000 0.435938 0.750000 0.432813 0.745833 0.431250 0.745833 0.426562 0.739583 0.426562 0.737500 0.421875 0.731250 0.421875 0.729167 0.418750 0.725000 0.418750 0.722917 0.415625 0.718750 0.410937 0.718750 0.410937 0.670833 0.417188 0.670833 0.421875 0.664583 0.421875 0.662500 0.426562 0.656250 0.426562 0.654167 0.431250 0.647917 0.431250 0.645833 0.440625 0.633333 0.442187 0.633333 0.443750 0.631250 0.445312 0.631250 0.446875 0.629167 0.446875 0.620833
0 0.685937 0.429167 0.685937 0.435417 0.689063 0.439583 0.690625 0.439583 0.693750 0.443750 0.695312 0.443750 0.700000 0.450000 0.700000 0.452083 0.704688 0.458333 0.709375 0.458333 0.709375 0.520833 0.704688 0.520833 0.701562 0.525000 0.700000 0.525000 0.696875 0.529167 0.695312 0.529167 0.693750 0.531250 0.692187 0.531250 0.690625 0.533333 0.689063 0.533333 0.687500 0.535417 0.684375 0.535417 0.682813 0.537500 0.679688 0.537500 0.678125 0.539583 0.676562 0.539583 0.675000 0.541667 0.673438 0.541667 0.670312 0.545833 0.670312 0.552083 0.637500 0.552083 0.637500 0.543750 0.635938 0.541667 0.634375 0.541667 0.626563 0.531250 0.626563 0.529167 0.625000 0.527083 0.625000 0.525000 0.621875 0.520833 0.617188 0.520833 0.617188 0.458333 0.621875 0.458333 0.625000 0.454167 0.625000 0.452083 0.631250 0.443750 0.632812 0.443750 0.635938 0.439583 0.637500 0.439583 0.640625 0.435417 0.640625 0.429167
0 0.382812 0.879167 0.382812 0.885417 0.395312 0.902083 0.395312 0.904167 0.396875 0.906250 0.403125 0.906250 0.403125 0.975000 0.398438 0.975000 0.395312 0.979167 0.395312 0.981250 0.393750 0.983333 0.393750 0.985417 0.389063 0.991667 0.389063 0.993750 0.387500 0.995833 0.387500 0.997917 0.301562 0.997917 0.301562 0.995833 0.296875 0.989583 0.292188 0.989583 0.292188 0.925000 0.296875 0.925000 0.300000 0.920833 0.300000 0.916667 0.301562 0.914583 0.301562 0.912500 0.304688 0.908333 0.304688 0.906250 0.312500 0.895833 0.312500 0.893750 0.314062 0.891667 0.315625 0.891667 0.320312 0.885417 0.320312 0.879167
1 0.331250 0.454167 0.331250 0.460417 0.334375 0.464583 0.335938 0.464583 0.337500 0.466667 0.339063 0.466667 0.340625 0.468750 0.342188 0.468750 0.345312 0.472917 0.346875 0.472917 0.350000 0.477083 0.351562 0.477083 0.364062 0.493750 0.364062 0.495833 0.367188 0.500000 0.371875 0.500000 0.371875 0.579167 0.365625 0.579167 0.364062 0.581250 0.364062 0.583333 0.356250 0.593750 0.354688 0.593750 0.346875 0.604167 0.345312 0.604167 0.340625 0.610417 0.339063 0.610417 0.337500 0.612500 0.335938 0.612500 0.334375 0.614583 0.332812 0.614583 0.328125 0.620833 0.328125 0.627083 0.282812 0.627083 0.282812 0.620833 0.279688 0.616667 0.278125 0.616667 0.275000 0.612500 0.273438 0.612500 0.264063 0.600000 0.264063 0.597917 0.259375 0.591667 0.254687 0.591667 0.254687 0.495833 0.259375 0.495833 0.275000 0.475000 0.276563 0.475000 0.279688 0.470833 0.281250 0.470833 0.284375 0.466667 0.285937 0.466667 0.287500 0.464583 0.290625 0.464583 0.293750 0.460417 0.293750 0.454167
2 0.720313 0.529167 0.720313 0.537500 0.721875 0.539583 0.723437 0.539583 0.726562 0.543750 0.728125 0.543750 0.734375 0.552083 0.735938 0.552083 0.737500 0.554167 0.737500 0.556250 0.740625 0.560417 0.742188 0.560417 0.742188 0.562500 0.743750 0.564583 0.743750 0.566667 0.748437 0.572917 0.753125 0.572917 0.753125 0.627083 0.748437 0.627083 0.743750 0.633333 0.743750 0.635417 0.742188 0.637500 0.742188 0.639583 0.737500 0.645833 0.735938 0.645833 0.732812 0.650000 0.731250 0.650000 0.729688 0.652083 0.728125 0.652083 0.721875 0.660417 0.720313 0.660417 0.718750 0.662500 0.718750 0.668750 0.685937 0.668750 0.685937 0.662500 0.684375 0.660417 0.681250 0.660417 0.679688 0.658333 0.678125 0.658333 0.673438 0.652083 0.671875 0.652083 0.668750 0.647917 0.667188 0.647917 0.653125 0.629167 0.648438 0.629167 0.648438 0.564583 0.653125 0.564583 0.657813 0.558333 0.659375 0.558333 0.665625 0.550000 0.667188 0.550000 0.668750 0.547917 0.670312 0.547917 0.671875 0.545833 0.673438 0.545833 0.675000 0.543750 0.676562 0.543750 0.678125 0.541667 0.679688 0.541667 0.684375 0.535417 0.684375 0.529167
2 0.523438 0.495833 0.523438 0.502083 0.526563 0.506250 0.528125 0.506250 0.532813 0.512500 0.534375 0.512500 0.539062 0.518750 0.540625 0.518750 0.543750 0.522917 0.543750 0.525000 0.551562 0.535417 0.551562 0.537500 0.554688 0.541667 0.559375 0.541667 0.559375 0.591667 0.554688 0.591667 0.550000 0.597917 0.550000 0.600000 0.542188 0.610417 0.542188 0.612500 0.540625 0.612500 0.535937 0.618750 0.534375 0.618750 0.532813 0.620833 0.531250 0.620833 0.529687 0.622917 0.528125 0.622917 0.526563 0.625000 0.525000 0.625000 0.523438 0.627083 0.521875 0.627083 0.520312 0.629167 0.520312 0.635417 0.493750 0.635417 0.493750 0.629167 0.490625 0.625000 0.489062 0.625000 0.485937 0.620833 0.484375 0.620833 0.482813 0.618750 0.479688 0.618750 0.478125 0.616667 0.476562 0.616667 0.470312 0.608333 0.468750 0.608333 0.464063 0.602083 0.464063 0.600000 0.462500 0.597917 0.462500 0.595833 0.460938 0.593750 0.460938 0.591667 0.457812 0.587500 0.457812 0.585417 0.456250 0.583333 0.456250 0.581250 0.453125 0.577083 0.448438 0.577083 0.448438 0.539583 0.453125 0.539583 0.457812 0.533333 0.457812 0.531250 0.459375 0.529167 0.459375 0.527083 0.473437 0.508333 0.475000 0.508333 0.479688 0.502083 0.479688 0.495833
2 0.023438 0.712500 0.023438 0.718750 0.025000 0.720833 0.026563 0.720833 0.028125 0.722917 0.029688 0.722917 0.031250 0.725000 0.034375 0.725000 0.039062 0.731250 0.040625 0.731250 0.045313 0.737500 0.045313 0.739583 0.050000 0.745833 0.050000 0.750000 0.051562 0.752083 0.051562 0.754167 0.054688 0.758333 0.059375 0.758333 0.059375 0.812500 0.054688 0.812500 0.053125 0.814583 0.053125 0.816667 0.051562 0.818750 0.051562 0.820833 0.050000 0.822917 0.050000 0.825000 0.048437 0.827083 0.048437 0.829167 0.043750 0.835417 0.043750 0.837500 0.042188 0.839583 0.042188 0.843750 0.040625 0.845833 0.040625 0.847917 0.037500 0.852083 0.037500 0.854167 0.035937 0.856250 0.035937 0.858333 0.032812 0.862500 0.031250 0.862500 0.028125 0.866667 0.026563 0.866667 0.023438 0.870833 0.023438 0.877083 0.001562 0.877083 0.001562 0.712500
2 0.037500 0.000000 0.037500 0.002083 0.039062 0.004167 0.039062 0.006250 0.042188 0.010417 0.042188 0.012500 0.045313 0.016667 0.045313 0.018750 0.048437 0.022917 0.048437 0.025000 0.051562 0.029167 0.051562 0.031250 0.054688 0.035417 0.054688 0.037500 0.056250 0.039583 0.056250 0.041667 0.059375 0.045833 0.059375 0.047917 0.060938 0.050000 0.060938 0.052083 0.062500 0.054167 0.062500 0.056250 0.064062 0.058333 0.064062 0.060417 0.065625 0.062500 0.065625 0.064583 0.067187 0.066667 0.071875 0.066667 0.071875 0.177083 0.067187 0.177083 0.064062 0.181250 0.064062 0.185417 0.062500 0.187500 0.062500 0.191667 0.060938 0.193750 0.060938 0.195833 0.059375 0.197917 0.059375 0.200000 0.057813 0.202083 0.057813 0.204167 0.056250 0.206250 0.056250 0.212500 0.054688 0.214583 0.054688 0.229167 0.056250 0.231250 0.056250 0.237500 0.057813 0.239583 0.057813 0.250000 0.059375 0.252083 0.059375 0.260417 0.060938 0.262500 0.060938 0.279167 0.059375 0.281250 0.059375 0.289583 0.057813 0.291667 0.057813 0.295833 0.056250 0.297917 0.056250 0.302083 0.054688 0.304167 0.054688 0.308333 0.051562 0.312500 0.051562 0.314583 0.050000 0.316667 0.050000 0.318750 0.042188 0.329167 0.040625 0.329167 0.039062 0.331250 0.037500 0.331250 0.035937 0.333333 0.034375 0.333333 0.032812 0.335417 0.031250 0.335417 0.028125 0.339583 0.028125 0.341667 0.023438 0.347917 0.023438 0.350000 0.021875 0.352083 0.021875 0.354167 0.018750 0.358333 0.018750 0.360417 0.015625 0.364583 0.015625 0.366667 0.014063 0.368750 0.014063 0.377083 0.001562 0.377083 0.001562 0.000000
1 0.359375 0.254167 0.359375 0.260417 0.360937 0.262500 0.362500 0.262500 0.364062 0.264583 0.365625 0.264583 0.371875 0.272917 0.373438 0.272917 0.378125 0.279167 0.379687 0.279167 0.382812 0.283333 0.382812 0.285417 0.389063 0.293750 0.389063 0.295833 0.392187 0.300000 0.396875 0.300000 0.396875 0.400000 0.390625 0.400000 0.387500 0.404167 0.385938 0.404167 0.379687 0.412500 0.378125 0.412500 0.376562 0.414583 0.375000 0.414583 0.371875 0.418750 0.370313 0.418750 0.367188 0.422917 0.364062 0.422917 0.359375 0.429167 0.359375 0.435417 0.321875 0.435417 0.321875 0.429167 0.318750 0.425000 0.317187 0.425000 0.315625 0.422917 0.312500 0.422917 0.310938 0.420833 0.309375 0.420833 0.306250 0.416667 0.304688 0.416667 0.290625 0.397917 0.285937 0.397917 0.285937 0.308333 0.290625 0.308333 0.293750 0.304167 0.293750 0.302083 0.295313 0.300000 0.295313 0.297917 0.300000 0.291667 0.300000 0.289583 0.310938 0.275000 0.312500 0.275000 0.318750 0.266667 0.320312 0.266667 0.325000 0.260417 0.325000 0.254167
1 0.298437 0.937500 0.303125 0.937500 0.298437 0.937500 0.293750 0.943750 0.298437 0.950000 0.303125 0.950000 0.303125 0.997917 0.142187 0.997917 0.142187 0.952083 0.146875 0.952083 0.150000 0.947917 0.150000 0.945833 0.151563 0.943750 0.151563 0.939583 0.156250 0.933333 0.156250 0.931250 0.160937 0.925000 0.162500 0.925000 0.164062 0.922917 0.165625 0.922917 0.168750 0.918750 0.168750 0.912500 0.267187 0.912500 0.267187 0.918750 0.270312 0.922917 0.271875 0.922917 0.273438 0.925000 0.275000 0.925000 0.278125 0.929167 0.279688 0.929167 0.282812 0.933333 0.284375 0.933333 0.292188 0.943750 0.293750 0.943750
1 0.345312 0.000000 0.345312 0.014583 0.346875 0.016667 0.353125 0.016667 0.353125 0.079167 0.348437 0.079167 0.345312 0.083333 0.345312 0.085417 0.343750 0.087500 0.343750 0.089583 0.340625 0.093750 0.340625 0.095833 0.337500 0.100000 0.337500 0.102083 0.328125 0.114583 0.326563 0.114583 0.325000 0.116667 0.323438 0.116667 0.321875 0.118750 0.320312 0.118750 0.318750 0.120833 0.318750 0.127083 0.251562 0.127083 0.251562 0.120833 0.248438 0.116667 0.245313 0.116667 0.243750 0.114583 0.232813 0.114583 0.231250 0.116667 0.221875 0.116667 0.220312 0.118750 0.215625 0.118750 0.214063 0.120833 0.214063 0.127083 0.192187 0.127083 0.192187 0.066667 0.196875 0.066667 0.207812 0.052083 0.207812 0.050000 0.209375 0.047917 0.209375 0.045833 0.210938 0.043750 0.210938 0.041667 0.212500 0.041667 0.214063 0.043750 0.217188 0.043750 0.218750 0.045833 0.220312 0.045833 0.231250 0.060417 0.231250 0.062500 0.237500 0.070833 0.240625 0.070833 0.243750 0.066667 0.243750 0.062500 0.245313 0.060417 0.245313 0.058333 0.254687 0.045833 0.254687 0.043750 0.256250 0.041667 0.256250 0.039583 0.257812 0.037500 0.254687 0.033333 0.253125 0.033333 0.250000 0.029167 0.250000 0.027083 0.248438 0.025000 0.248438 0.020833 0.246875 0.018750 0.246875 0.014583 0.245313 0.012500 0.245313 0.008333 0.242188 0.004167 0.240625 0.004167 0.239062 0.002083 0.201563 0.002083 0.201563 0.000000
1 0.345312 0.000000 0.345312 0.004167 0.343750 0.006250 0.343750 0.012500 0.345312 0.014583 0.345312 0.016667 0.346875 0.018750 0.353125 0.018750 0.353125 0.043750 0.337500 0.043750 0.337500 0.035417 0.335938 0.033333 0.325000 0.033333 0.323438 0.035417 0.321875 0.035417 0.320312 0.037500 0.320312 0.043750 0.264063 0.043750 0.264063 0.037500 0.260938 0.033333 0.257812 0.033333 0.256250 0.031250 0.254687 0.031250 0.250000 0.025000 0.250000 0.022917 0.248438 0.020833 0.248438 0.018750 0.246875 0.016667 0.242188 0.016667 0.242188 0.000000