1 0.591265 0.378125 0.591265 0.382812 0.595425 0.385937 0.599585 0.385937 0.601665 0.387500 0.603745 0.387500 0.609985 0.392187 0.612065 0.392187 0.616226 0.395312 0.618306 0.395312 0.624546 0.400000 0.624546 0.401562 0.630786 0.406250 0.630786 0.407812 0.632866 0.409375 0.632866 0.410937 0.634946 0.412500 0.634946 0.414062 0.639106 0.417187 0.645347 0.417187 0.645347 0.465625 0.637026 0.465625 0.634946 0.467187 0.632866 0.467187 0.626626 0.471875 0.624546 0.471875 0.622466 0.473437 0.620386 0.473437 0.618306 0.475000 0.616226 0.475000 0.614146 0.476562 0.612065 0.476562 0.609985 0.478125 0.607905 0.478125 0.603745 0.481250 0.599585 0.481250 0.597505 0.482812 0.595425 0.482812 0.593345 0.484375 0.593345 0.489062 0.543423 0.489062 0.543423 0.484375 0.541343 0.482812 0.539263 0.482812 0.537183 0.481250 0.530942 0.481250 0.528862 0.479687 0.526782 0.479687 0.524702 0.478125 0.522622 0.478125 0.520542 0.476562 0.518462 0.476562 0.514302 0.473437 0.512222 0.473437 0.501821 0.465625 0.501821 0.464062 0.499741 0.462500 0.499741 0.460938 0.495581 0.457812 0.489341 0.457812 0.489341 0.423437 0.495581 0.423437 0.497661 0.421875 0.497661 0.415625 0.499741 0.414062 0.499741 0.410937 0.501821 0.409375 0.501821 0.407812 0.503901 0.406250 0.503901 0.404687 0.514302 0.396875 0.516382 0.396875 0.520542 0.393750 0.522622 0.393750 0.526782 0.390625 0.528862 0.390625 0.530942 0.389062 0.533022 0.389062 0.537183 0.385937 0.541343 0.385937 0.545503 0.382812 0.545503 0.378125
1 0.449819 0.471875 0.449819 0.476562 0.451899 0.478125 0.453979 0.478125 0.468540 0.489062 0.468540 0.490625 0.472700 0.493750 0.472700 0.495312 0.474780 0.496875 0.474780 0.498437 0.481021 0.503125 0.487261 0.503125 0.487261 0.548437 0.481021 0.548437 0.470620 0.556250 0.470620 0.557812 0.468540 0.557812 0.460220 0.564062 0.458140 0.564062 0.449819 0.570312 0.447739 0.570312 0.445659 0.571875 0.441499 0.571875 0.437339 0.575000 0.435259 0.575000 0.431099 0.578125 0.431099 0.582812 0.381177 0.582812 0.381177 0.578125 0.377017 0.575000 0.374937 0.575000 0.372856 0.573437 0.370776 0.573437 0.368696 0.571875 0.366616 0.571875 0.360376 0.567187 0.358296 0.567187 0.354136 0.564062 0.352056 0.564062 0.343735 0.557812 0.343735 0.553125 0.341655 0.551562 0.341655 0.548437 0.337495 0.545312 0.331255 0.545312 0.331255 0.504687 0.337495 0.504687 0.341655 0.501562 0.341655 0.500000 0.343735 0.498437 0.343735 0.496875 0.345815 0.495312 0.345815 0.493750 0.352056 0.489062 0.352056 0.487500 0.362456 0.479687 0.364536 0.479687 0.368696 0.476562 0.368696 0.471875
0 0.505981 0.553125 0.505981 0.557812 0.512222 0.562500 0.514302 0.562500 0.516382 0.564062 0.518462 0.564062 0.520542 0.565625 0.522622 0.565625 0.528862 0.570312 0.530942 0.570312 0.549663 0.584375 0.549663 0.585937 0.555903 0.590625 0.562144 0.590625 0.562144 0.631250 0.555903 0.631250 0.549663 0.635937 0.549663 0.637500 0.547583 0.639062 0.547583 0.640625 0.539263 0.646875 0.539263 0.648438 0.524702 0.659375 0.522622 0.659375 0.520542 0.660937 0.518462 0.660937 0.516382 0.662500 0.514302 0.662500 0.510142 0.665625 0.510142 0.670312 0.453979 0.670312 0.453979 0.665625 0.449819 0.662500 0.447739 0.662500 0.445659 0.660937 0.443579 0.660937 0.441499 0.659375 0.439419 0.659375 0.422778 0.646875 0.422778 0.645312 0.418618 0.642187 0.418618 0.640625 0.416538 0.639062 0.416538 0.635937 0.414458 0.634375 0.414458 0.632812 0.412378 0.631250 0.406138 0.631250 0.406138 0.596875 0.412378 0.596875 0.414458 0.595312 0.414458 0.593750 0.416538 0.592187 0.416538 0.590625 0.418618 0.589062 0.418618 0.587500 0.431099 0.578125 0.433179 0.578125 0.435259 0.576562 0.437339 0.576562 0.439419 0.575000 0.441499 0.575000 0.445659 0.571875 0.447739 0.571875 0.449819 0.570312 0.451899 0.570312 0.456060 0.567187 0.458140 0.567187 0.464380 0.562500 0.466460 0.562500 0.470620 0.559375 0.470620 0.553125
0 0.447739 0.371875 0.447739 0.376562 0.449819 0.378125 0.451899 0.378125 0.453979 0.379687 0.456060 0.379687 0.458140 0.381250 0.460220 0.381250 0.462300 0.382812 0.464380 0.382812 0.472700 0.389062 0.474780 0.389062 0.485181 0.396875 0.485181 0.398438 0.491421 0.403125 0.491421 0.404687 0.493501 0.406250 0.493501 0.407812 0.495581 0.409375 0.495581 0.410937 0.497661 0.412500 0.503901 0.412500 0.503901 0.450000 0.497661 0.450000 0.495581 0.451562 0.495581 0.453125 0.493501 0.454687 0.493501 0.456250 0.468540 0.475000 0.466460 0.475000 0.462300 0.478125 0.462300 0.482812 0.441499 0.482812 0.441499 0.478125 0.439419 0.476562 0.435259 0.476562 0.433179 0.475000 0.395737 0.475000 0.393657 0.473437 0.385337 0.473437 0.383257 0.471875 0.381177 0.471875 0.377017 0.468750 0.374937 0.468750 0.366616 0.462500 0.366616 0.460938 0.362456 0.457812 0.362456 0.456250 0.360376 0.454687 0.360376 0.453125 0.358296 0.451562 0.358296 0.450000 0.356216 0.448437 0.356216 0.446875 0.354136 0.445312 0.347896 0.445312 0.347896 0.412500 0.354136 0.412500 0.356216 0.410937 0.356216 0.409375 0.358296 0.407812 0.358296 0.406250 0.360376 0.404687 0.360376 0.403125 0.362456 0.401562 0.362456 0.400000 0.368696 0.395312 0.368696 0.393750 0.374937 0.389062 0.377017 0.389062 0.381177 0.385937 0.383257 0.385937 0.387417 0.382812 0.389497 0.382812 0.391577 0.381250 0.393657 0.381250 0.395737 0.379687 0.397817 0.379687 0.401978 0.376562 0.401978 0.371875
2 0.352056 0.559375 0.352056 0.564062 0.358296 0.568750 0.360376 0.568750 0.364536 0.571875 0.366616 0.571875 0.372856 0.576562 0.374937 0.576562 0.383257 0.582812 0.383257 0.584375 0.389497 0.589062 0.395737 0.589062 0.395737 0.646875 0.389497 0.646875 0.385337 0.650000 0.385337 0.651562 0.372856 0.660937 0.370776 0.660937 0.364536 0.665625 0.362456 0.665625 0.360376 0.667187 0.358296 0.667187 0.356216 0.668750 0.354136 0.668750 0.349976 0.671875 0.349976 0.676562 0.295894 0.676562 0.295894 0.671875 0.289653 0.667187 0.285493 0.667187 0.283413 0.665625 0.281333 0.665625 0.275093 0.660937 0.273013 0.660937 0.268853 0.657812 0.268853 0.656250 0.262612 0.651562 0.262612 0.650000 0.260532 0.648438 0.260532 0.646875 0.258452 0.645312 0.258452 0.643750 0.254292 0.640625 0.248052 0.640625 0.248052 0.596875 0.254292 0.596875 0.258452 0.593750 0.258452 0.592187 0.260532 0.590625 0.260532 0.589062 0.262612 0.587500 0.262612 0.585937 0.266773 0.582812 0.266773 0.581250 0.275093 0.575000 0.277173 0.575000 0.283413 0.570312 0.285493 0.570312 0.289653 0.567187 0.291733 0.567187 0.295894 0.564062 0.295894 0.559375
2 0.539263 0.284375 0.539263 0.289062 0.543423 0.292187 0.545503 0.292187 0.547583 0.293750 0.549663 0.293750 0.553823 0.296875 0.555903 0.296875 0.562144 0.301562 0.564224 0.301562 0.570464 0.306250 0.570464 0.307813 0.576704 0.312500 0.576704 0.314062 0.580864 0.317187 0.587104 0.317187 0.587104 0.359375 0.580864 0.359375 0.576704 0.362500 0.576704 0.364062 0.574624 0.365625 0.574624 0.367188 0.562144 0.376562 0.560064 0.376562 0.557983 0.378125 0.555903 0.378125 0.553823 0.379687 0.549663 0.379687 0.547583 0.381250 0.545503 0.381250 0.543423 0.382812 0.541343 0.382812 0.539263 0.384375 0.539263 0.389062 0.483101 0.389062 0.483101 0.384375 0.481021 0.382812 0.472700 0.382812 0.470620 0.381250 0.466460 0.381250 0.458140 0.375000 0.456060 0.375000 0.453979 0.373437 0.453979 0.371875 0.449819 0.368750 0.449819 0.367188 0.447739 0.365625 0.439419 0.365625 0.439419 0.318750 0.445659 0.318750 0.449819 0.315625 0.449819 0.314062 0.451899 0.312500 0.451899 0.310937 0.456060 0.307813 0.456060 0.306250 0.466460 0.298437 0.468540 0.298437 0.472700 0.295312 0.474780 0.295312 0.476860 0.293750 0.478940 0.293750 0.481021 0.292187 0.483101 0.292187 0.487261 0.289062 0.487261 0.284375
2 0.618306 0.484375 0.618306 0.489062 0.624546 0.493750 0.626626 0.493750 0.632866 0.498437 0.632866 0.500000 0.639106 0.504687 0.639106 0.506250 0.641187 0.507812 0.641187 0.509375 0.643267 0.510937 0.643267 0.512500 0.647427 0.515625 0.653667 0.515625 0.653667 0.553125 0.647427 0.553125 0.643267 0.556250 0.643267 0.559375 0.641187 0.560937 0.641187 0.562500 0.632866 0.568750 0.632866 0.570312 0.620386 0.579687 0.618306 0.579687 0.612065 0.584375 0.609985 0.584375 0.607905 0.585937 0.605825 0.585937 0.603745 0.587500 0.599585 0.587500 0.597505 0.589062 0.597505 0.595312 0.570464 0.595312 0.570464 0.590625 0.566304 0.587500 0.562144 0.587500 0.560064 0.585937 0.557983 0.585937 0.553823 0.582812 0.551743 0.582812 0.549663 0.581250 0.547583 0.581250 0.547583 0.579687 0.537183 0.571875 0.535103 0.571875 0.530942 0.568750 0.528862 0.568750 0.522622 0.564062 0.520542 0.564062 0.514302 0.559375 0.512222 0.559375 0.503901 0.553125 0.497661 0.553125 0.497661 0.514062 0.503901 0.514062 0.508062 0.510937 0.508062 0.509375 0.512222 0.506250 0.512222 0.504687 0.516382 0.501562 0.516382 0.500000 0.524702 0.493750 0.526782 0.493750 0.533022 0.489062 0.533022 0.484375
1 0.738950 0.000000 0.738950 0.001562 0.743110 0.004687 0.747271 0.004687 0.755591 0.010937 0.757671 0.010937 0.765991 0.017187 0.768071 0.017187 0.776392 0.023438 0.778472 0.023438 0.788872 0.031250 0.790952 0.031250 0.790952 0.032812 0.797192 0.037500 0.799272 0.037500 0.799272 0.039062 0.815913 0.051562 0.815913 0.053125 0.822153 0.057812 0.822153 0.059375 0.826313 0.062500 0.826313 0.064062 0.830474 0.067187 0.836714 0.067187 0.836714 0.154687 0.830474 0.154687 0.826313 0.157812 0.826313 0.159375 0.822153 0.162500 0.822153 0.164062 0.815913 0.168750 0.815913 0.170312 0.813833 0.171875 0.813833 0.173437 0.811753 0.175000 0.811753 0.176562 0.809673 0.178125 0.809673 0.182812 0.807593 0.184375 0.807593 0.185937 0.805513 0.187500 0.805513 0.189062 0.799272 0.193750 0.799272 0.196875 0.797192 0.198437 0.797192 0.200000 0.795112 0.201562 0.795112 0.203125 0.784712 0.210938 0.782632 0.210938 0.780552 0.212500 0.759751 0.212500 0.757671 0.214062 0.753511 0.214062 0.751431 0.215625 0.751431 0.220312 0.697349 0.220312 0.697349 0.215625 0.695269 0.214062 0.691108 0.214062 0.689028 0.212500 0.682788 0.212500 0.680708 0.214062 0.678628 0.212500 0.672388 0.212500 0.670308 0.210938 0.661987 0.210938 0.659907 0.209375 0.657827 0.209375 0.655747 0.207812 0.643267 0.207812 0.641187 0.206250 0.632866 0.206250 0.630786 0.204687 0.628706 0.204687 0.626626 0.203125 0.624546 0.203125 0.622466 0.201562 0.622466 0.190625 0.620386 0.189062 0.620386 0.187500 0.618306 0.185937 0.618306 0.184375 0.616226 0.182812 0.616226 0.171875 0.618306 0.170312 0.618306 0.167187 0.620386 0.165625 0.620386 0.162500 0.622466 0.160937 0.622466 0.157812 0.624546 0.156250 0.624546 0.128125 0.622466 0.126562 0.622466 0.121875 0.620386 0.120312 0.620386 0.118750 0.618306 0.117188 0.618306 0.115625 0.616226 0.114062 0.614146 0.114062 0.612065 0.112500 0.609985 0.112500 0.607905 0.110937 0.605825 0.110937 0.601665 0.107812 0.599585 0.107812 0.597505 0.106250 0.593345 0.106250 0.589185 0.103125 0.587104 0.103125 0.585024 0.101562 0.582944 0.101562 0.578784 0.098437 0.576704 0.098437 0.574624 0.096875 0.574624 0.095312 0.572544 0.093750 0.570464 0.093750 0.568384 0.092187 0.568384 0.090625 0.562144 0.085938 0.562144 0.084375 0.560064 0.082812 0.560064 0.081250 0.557983 0.079687 0.557983 0.076562 0.555903 0.075000 0.555903 0.073437 0.553823 0.071875 0.547583 0.071875 0.547583 0.043750 0.553823 0.043750 0.555903 0.042187 0.555903 0.039062 0.557983 0.037500 0.557983 0.034375 0.560064 0.032812 0.560064 0.031250 0.564224 0.028125 0.564224 0.026562 0.568384 0.023438 0.568384 0.021875 0.580864 0.012500 0.582944 0.012500 0.587104 0.009375 0.589185 0.009375 0.593345 0.006250 0.597505 0.006250 0.599585 0.004687 0.605825 0.004687 0.609985 0.001562 0.609985 0.000000
1 0.108687 0.509375 0.108687 0.514062 0.112847 0.517187 0.114927 0.517187 0.117007 0.518750 0.119087 0.518750 0.121167 0.520312 0.121167 0.521875 0.131567 0.529687 0.131567 0.531250 0.139888 0.537500 0.146128 0.537500 0.146128 0.600000 0.135728 0.600000 0.133648 0.598437 0.129487 0.598437 0.127407 0.600000 0.125327 0.600000 0.119087 0.604687 0.117007 0.604687 0.114927 0.606250 0.112847 0.606250 0.110767 0.607813 0.108687 0.607813 0.106606 0.609375 0.104526 0.609375 0.102446 0.610937 0.098286 0.610937 0.096206 0.612500 0.094126 0.612500 0.089966 0.615625 0.089966 0.620312 0.054605 0.620312 0.054605 0.615625 0.052524 0.614062 0.050444 0.614062 0.048364 0.612500 0.044204 0.612500 0.042124 0.610937 0.037964 0.610937 0.035884 0.609375 0.033804 0.609375 0.029644 0.606250 0.027563 0.606250 0.021323 0.601562 0.019243 0.601562 0.008843 0.593750 0.008843 0.592187 0.006763 0.590625 0.000000 0.590625 0.000000 0.509375 0.008843 0.509375 0.008843 0.514062 0.006763 0.515625 0.006763 0.518750 0.004683 0.520312 0.004683 0.523437 0.006763 0.525000 0.006763 0.526562 0.008843 0.528125 0.013003 0.528125 0.019243 0.523437 0.023403 0.523437 0.025483 0.521875 0.025483 0.520312 0.027563 0.518750 0.029644 0.518750 0.031724 0.517187 0.035884 0.517187 0.040044 0.514062 0.040044 0.509375
2 0.287573 0.340625 0.287573 0.345312 0.291733 0.348437 0.295894 0.348437 0.300054 0.351562 0.302134 0.351562 0.308374 0.356250 0.310454 0.356250 0.320855 0.364062 0.322935 0.364062 0.322935 0.365625 0.331255 0.371875 0.331255 0.373437 0.335415 0.376562 0.335415 0.379687 0.337495 0.381250 0.337495 0.382812 0.339575 0.384375 0.345815 0.384375 0.345815 0.412500 0.339575 0.412500 0.337495 0.414062 0.337495 0.418750 0.335415 0.420312 0.335415 0.423437 0.333335 0.425000 0.333335 0.426562 0.331255 0.428125 0.331255 0.429688 0.327095 0.432812 0.327095 0.434375 0.322935 0.437500 0.322935 0.439062 0.314614 0.445312 0.312534 0.445312 0.308374 0.448437 0.306294 0.448437 0.304214 0.450000 0.302134 0.450000 0.297974 0.453125 0.297974 0.457812 0.233491 0.457812 0.233491 0.453125 0.227251 0.448437 0.225171 0.448437 0.223091 0.446875 0.221011 0.446875 0.214771 0.442187 0.212690 0.442187 0.212690 0.440625 0.202290 0.432812 0.202290 0.431250 0.200210 0.429688 0.200210 0.428125 0.196050 0.425000 0.189810 0.425000 0.189810 0.379687 0.196050 0.379687 0.200210 0.376562 0.200210 0.375000 0.202290 0.373437 0.202290 0.371875 0.210610 0.365625 0.210610 0.364062 0.221011 0.356250 0.223091 0.356250 0.231411 0.350000 0.233491 0.350000 0.235571 0.348437 0.239731 0.348437 0.241812 0.346875 0.243892 0.346875 0.245972 0.345312 0.245972 0.340625
2 0.641187 0.609375 0.641187 0.614062 0.647427 0.618750 0.649507 0.618750 0.655747 0.623438 0.657827 0.623438 0.664067 0.628125 0.664067 0.629687 0.668228 0.632812 0.668228 0.634375 0.672388 0.637500 0.672388 0.639062 0.674468 0.640625 0.674468 0.642187 0.676548 0.643750 0.676548 0.646875 0.680708 0.650000 0.686948 0.650000 0.686948 0.678125 0.680708 0.678125 0.676548 0.681250 0.676548 0.682812 0.674468 0.684375 0.674468 0.687500 0.672388 0.689062 0.672388 0.690625 0.668228 0.693750 0.668228 0.695312 0.664067 0.698437 0.664067 0.700000 0.649507 0.710938 0.647427 0.710938 0.643267 0.714062 0.641187 0.714062 0.637026 0.717187 0.632866 0.717187 0.630786 0.718750 0.628706 0.718750 0.624546 0.721875 0.624546 0.726562 0.582944 0.726562 0.582944 0.721875 0.578784 0.718750 0.576704 0.718750 0.574624 0.717187 0.572544 0.717187 0.570464 0.715625 0.568384 0.715625 0.564224 0.712500 0.562144 0.712500 0.545503 0.700000 0.545503 0.698437 0.543423 0.696875 0.543423 0.695312 0.537183 0.690625 0.530942 0.690625 0.530942 0.653125 0.537183 0.653125 0.543423 0.648438 0.543423 0.646875 0.545503 0.645312 0.545503 0.643750 0.547583 0.642187 0.547583 0.640625 0.553823 0.635937 0.553823 0.634375 0.557983 0.631250 0.557983 0.629687 0.566304 0.623438 0.566304 0.621875 0.576704 0.614062 0.576704 0.609375
1 0.724390 0.229687 0.728550 0.229687 0.730630 0.228125 0.741030 0.228125 0.743110 0.226562 0.757671 0.226562 0.759751 0.225000 0.799272 0.225000 0.801353 0.223437 0.809673 0.223437 0.811753 0.225000 0.820073 0.225000 0.820073 0.278125 0.813833 0.278125 0.809673 0.281250 0.809673 0.284375 0.807593 0.285937 0.807593 0.287500 0.805513 0.289062 0.805513 0.292187 0.801353 0.295312 0.801353 0.296875 0.799272 0.298437 0.799272 0.300000 0.797192 0.301562 0.797192 0.303125 0.795112 0.304688 0.795112 0.306250 0.790952 0.309375 0.790952 0.310937 0.788872 0.312500 0.788872 0.314062 0.786792 0.315625 0.786792 0.317187 0.784712 0.318750 0.784712 0.320312 0.776392 0.326562 0.776392 0.328125 0.765991 0.335938 0.763911 0.335938 0.755591 0.342187 0.753511 0.342187 0.749351 0.345312 0.747271 0.345312 0.743110 0.348437 0.741030 0.348437 0.738950 0.350000 0.736870 0.350000 0.734790 0.351562 0.732710 0.351562 0.728550 0.354687 0.726470 0.354687 0.724390 0.356250 0.722310 0.356250 0.720230 0.357812 0.718149 0.357812 0.716069 0.359375 0.713989 0.359375 0.711909 0.360937 0.709829 0.360937 0.707749 0.362500 0.705669 0.362500 0.703589 0.364062 0.701509 0.364062 0.699429 0.365625 0.697349 0.365625 0.695269 0.367188 0.693188 0.367188 0.691108 0.368750 0.689028 0.368750 0.684868 0.371875 0.684868 0.376562 0.628706 0.376562 0.628706 0.371875 0.614146 0.360937 0.614146 0.359375 0.612065 0.357812 0.612065 0.354687 0.609985 0.353125 0.609985 0.345312 0.607905 0.343750 0.607905 0.340625 0.605825 0.339062 0.605825 0.337500 0.599585 0.332812 0.589185 0.332812 0.589185 0.318750 0.597505 0.318750 0.607905 0.310937 0.607905 0.309375 0.609985 0.307813 0.609985 0.306250 0.614146 0.303125 0.614146 0.296875 0.616226 0.295312 0.616226 0.293750 0.620386 0.290625 0.620386 0.289062 0.622466 0.287500 0.622466 0.285937 0.624546 0.284375 0.624546 0.282812 0.626626 0.281250 0.626626 0.279687 0.630786 0.276562 0.630786 0.275000 0.634946 0.271875 0.637026 0.271875 0.639106 0.270312 0.641187 0.270312 0.649507 0.264062 0.649507 0.262500 0.653667 0.259375 0.653667 0.253125 0.649507 0.250000 0.649507 0.248437 0.645347 0.245312 0.645347 0.242188 0.643267 0.240625 0.649507 0.240625 0.653667 0.243750 0.661987 0.243750 0.664067 0.245312 0.666147 0.245312 0.670308 0.248437 0.682788 0.248437 0.684868 0.250000 0.691108 0.250000 0.693188 0.248437 0.695269 0.248437 0.699429 0.245312 0.699429 0.240625 0.701509 0.239062 0.701509 0.237500 0.703589 0.235937 0.703589 0.234375 0.705669 0.232812 0.709829 0.232812 0.711909 0.231250 0.722310 0.231250 0.724390 0.229687 0.722310 0.220312 0.718149 0.220312 0.718149 0.215625 0.722310 0.215625 0.722310 0.220312
1 0.287573 0.340625 0.287573 0.345312 0.291733 0.348437 0.295894 0.348437 0.297974 0.350000 0.300054 0.350000 0.308374 0.356250 0.310454 0.356250 0.318774 0.362500 0.320855 0.362500 0.325015 0.365625 0.325015 0.367188 0.331255 0.371875 0.331255 0.373437 0.335415 0.376562 0.335415 0.379687 0.339575 0.382812 0.345815 0.382812 0.345815 0.417187 0.339575 0.417187 0.337495 0.418750 0.337495 0.420312 0.335415 0.421875 0.335415 0.423437 0.333335 0.425000 0.333335 0.426562 0.331255 0.428125 0.331255 0.429688 0.327095 0.432812 0.327095 0.434375 0.322935 0.437500 0.322935 0.439062 0.314614 0.445312 0.312534 0.445312 0.308374 0.448437 0.306294 0.448437 0.304214 0.450000 0.302134 0.450000 0.297974 0.453125 0.297974 0.457812 0.233491 0.457812 0.233491 0.453125 0.227251 0.448437 0.225171 0.448437 0.223091 0.446875 0.221011 0.446875 0.214771 0.442187 0.212690 0.442187 0.212690 0.440625 0.204370 0.434375 0.204370 0.432812 0.200210 0.429688 0.200210 0.428125 0.196050 0.425000 0.189810 0.425000 0.189810 0.379687 0.196050 0.379687 0.200210 0.376562 0.200210 0.375000 0.202290 0.373437 0.202290 0.371875 0.210610 0.365625 0.210610 0.364062 0.221011 0.356250 0.223091 0.356250 0.231411 0.350000 0.233491 0.350000 0.235571 0.348437 0.239731 0.348437 0.241812 0.346875 0.243892 0.346875 0.245972 0.345312 0.245972 0.340625
1 0.976079 0.521875 0.976079 0.526562 0.978159 0.528125 0.980239 0.528125 0.982319 0.529687 0.984399 0.529687 0.986479 0.531250 0.990640 0.531250 0.992720 0.532812 0.994800 0.532812 0.996880 0.534375 1.000000 0.534375 1.000000 0.706250 0.996880 0.706250 0.986479 0.714062 0.984399 0.714062 0.980239 0.717187 0.978159 0.717187 0.976079 0.718750 0.973999 0.718750 0.971919 0.720312 0.969839 0.720312 0.967759 0.721875 0.967759 0.726562 0.946958 0.726562 0.946958 0.721875 0.942798 0.718750 0.936558 0.718750 0.934478 0.717187 0.930317 0.717187 0.928237 0.715625 0.926157 0.715625 0.924077 0.714062 0.921997 0.714062 0.919917 0.712500 0.917837 0.712500 0.915757 0.710938 0.913677 0.710938 0.909517 0.707812 0.907437 0.707812 0.886636 0.692187 0.880396 0.692187 0.880396 0.545312 0.886636 0.545312 0.890796 0.542187 0.890796 0.540625 0.892876 0.539062 0.892876 0.537500 0.903276 0.529687 0.907437 0.529687 0.909517 0.528125 0.909517 0.521875