0 0.389062 0.520833 0.389062 0.527083 0.384375 0.533333 0.382812 0.533333 0.376563 0.541667 0.371875 0.541667 0.371875 0.629167 0.376563 0.629167 0.381250 0.635417 0.381250 0.637500 0.382812 0.637500 0.389062 0.645833 0.389062 0.652083 0.434375 0.652083 0.434375 0.643750 0.435937 0.641667 0.437500 0.641667 0.448438 0.627083 0.448438 0.625000 0.453125 0.618750 0.457812 0.618750 0.457812 0.558333 0.453125 0.558333 0.450000 0.554167 0.450000 0.552083 0.434375 0.531250 0.432813 0.531250 0.429688 0.527083 0.429688 0.520833
2 0.526563 0.370833 0.526563 0.377083 0.521875 0.383333 0.520312 0.383333 0.512500 0.393750 0.510938 0.393750 0.510938 0.395833 0.504687 0.404167 0.504687 0.406250 0.501562 0.410417 0.496875 0.410417 0.496875 0.460417 0.501562 0.460417 0.506250 0.466667 0.506250 0.468750 0.507812 0.470833 0.507812 0.472917 0.509375 0.475000 0.509375 0.477083 0.514063 0.483333 0.514063 0.485417 0.515625 0.487500 0.515625 0.489583 0.520312 0.495833 0.521875 0.495833 0.523438 0.497917 0.528125 0.497917 0.529688 0.500000 0.534375 0.500000 0.537500 0.504167 0.537500 0.510417 0.559375 0.510417 0.559375 0.504167 0.562500 0.500000 0.564062 0.500000 0.565625 0.497917 0.568750 0.497917 0.570312 0.495833 0.573438 0.495833 0.576563 0.491667 0.578125 0.491667 0.582812 0.485417 0.584375 0.485417 0.589063 0.479167 0.589063 0.477083 0.592188 0.472917 0.592188 0.470833 0.593750 0.468750 0.593750 0.466667 0.596875 0.462500 0.601562 0.462500 0.601562 0.414583 0.596875 0.414583 0.593750 0.410417 0.593750 0.408333 0.592188 0.406250 0.592188 0.404167 0.585938 0.395833 0.585938 0.393750 0.584375 0.391667 0.582812 0.391667 0.576563 0.383333 0.575000 0.383333 0.570312 0.377083 0.570312 0.370833
0 0.434375 0.304167 0.434375 0.310417 0.432813 0.312500 0.428125 0.312500 0.426562 0.314583 0.423438 0.314583 0.414062 0.327083 0.412500 0.327083 0.404687 0.337500 0.404687 0.339583 0.403125 0.341667 0.396875 0.341667 0.396875 0.397917 0.401563 0.397917 0.403125 0.400000 0.403125 0.402083 0.414062 0.416667 0.415625 0.416667 0.421875 0.425000 0.423438 0.425000 0.426562 0.429167 0.426562 0.435417 0.460938 0.435417 0.460938 0.429167 0.462500 0.427083 0.464063 0.427083 0.465625 0.425000 0.467187 0.425000 0.468750 0.422917 0.470313 0.422917 0.473437 0.418750 0.475000 0.418750 0.485938 0.404167 0.485938 0.402083 0.487500 0.400000 0.487500 0.397917 0.490625 0.393750 0.495313 0.393750 0.495313 0.345833 0.490625 0.345833 0.487500 0.341667 0.487500 0.339583 0.485938 0.337500 0.485938 0.335417 0.473437 0.318750 0.471875 0.318750 0.468750 0.314583 0.467187 0.314583 0.464063 0.310417 0.464063 0.304167
2 0.303125 0.579167 0.303125 0.585417 0.296875 0.593750 0.295312 0.593750 0.287500 0.604167 0.287500 0.606250 0.282813 0.612500 0.278125 0.612500 0.278125 0.679167 0.282813 0.679167 0.287500 0.685417 0.287500 0.687500 0.306250 0.712500 0.307813 0.712500 0.309375 0.714583 0.310937 0.714583 0.315625 0.720833 0.315625 0.727083 0.340625 0.727083 0.340625 0.718750 0.342187 0.716667 0.343750 0.716667 0.345313 0.714583 0.346875 0.714583 0.348437 0.712500 0.351562 0.712500 0.356250 0.706250 0.357812 0.706250 0.367188 0.693750 0.367188 0.691667 0.371875 0.685417 0.371875 0.683333 0.373437 0.681250 0.373437 0.679167 0.375000 0.677083 0.375000 0.675000 0.378125 0.670833 0.382812 0.670833 0.382812 0.637500 0.378125 0.637500 0.375000 0.633333 0.375000 0.631250 0.368750 0.622917 0.368750 0.620833 0.359375 0.608333 0.357812 0.608333 0.340625 0.585417 0.340625 0.579167
2 0.321875 0.429167 0.321875 0.435417 0.318750 0.439583 0.317187 0.439583 0.314063 0.443750 0.312500 0.443750 0.312500 0.445833 0.310937 0.447917 0.309375 0.447917 0.306250 0.452083 0.306250 0.454167 0.301562 0.460417 0.296875 0.460417 0.296875 0.504167 0.301562 0.504167 0.304688 0.508333 0.304688 0.512500 0.306250 0.514583 0.306250 0.516667 0.309375 0.520833 0.309375 0.522917 0.312500 0.527083 0.312500 0.529167 0.314063 0.531250 0.315625 0.531250 0.318750 0.535417 0.318750 0.537500 0.320312 0.539583 0.321875 0.539583 0.323438 0.541667 0.325000 0.541667 0.328125 0.545833 0.328125 0.552083 0.370313 0.552083 0.370313 0.545833 0.382812 0.529167 0.384375 0.529167 0.385938 0.527083 0.385938 0.525000 0.390625 0.518750 0.395312 0.518750 0.395312 0.464583 0.389062 0.464583 0.387500 0.462500 0.387500 0.460417 0.385938 0.458333 0.385938 0.456250 0.378125 0.445833 0.378125 0.443750 0.376563 0.441667 0.375000 0.441667 0.373437 0.439583 0.371875 0.439583 0.368750 0.435417 0.368750 0.429167
2 0.375000 0.195833 0.375000 0.202083 0.371875 0.206250 0.370313 0.206250 0.368750 0.208333 0.365625 0.208333 0.364062 0.210417 0.362500 0.210417 0.360938 0.212500 0.359375 0.212500 0.356250 0.216667 0.354688 0.216667 0.342187 0.233333 0.342187 0.235417 0.340625 0.237500 0.334375 0.237500 0.334375 0.293750 0.339063 0.293750 0.345313 0.302083 0.345313 0.304167 0.346875 0.304167 0.354688 0.314583 0.356250 0.314583 0.357812 0.316667 0.359375 0.316667 0.362500 0.320833 0.362500 0.327083 0.412500 0.327083 0.412500 0.320833 0.415625 0.316667 0.417188 0.316667 0.428125 0.302083 0.428125 0.300000 0.429688 0.297917 0.429688 0.293750 0.431250 0.291667 0.431250 0.289583 0.434375 0.285417 0.439063 0.285417 0.439063 0.254167 0.434375 0.254167 0.432813 0.252083 0.432813 0.250000 0.431250 0.247917 0.431250 0.243750 0.429688 0.241667 0.429688 0.237500 0.425000 0.231250 0.425000 0.229167 0.421875 0.225000 0.421875 0.222917 0.420312 0.222917 0.410937 0.210417 0.409375 0.210417 0.407813 0.208333 0.406250 0.208333 0.404687 0.206250 0.403125 0.206250 0.400000 0.202083 0.400000 0.195833
1 0.653125 0.454167 0.653125 0.460417 0.651563 0.462500 0.650000 0.462500 0.648438 0.464583 0.646875 0.464583 0.639063 0.475000 0.637500 0.475000 0.637500 0.477083 0.629687 0.487500 0.629687 0.489583 0.626562 0.493750 0.621875 0.493750 0.621875 0.554167 0.626562 0.554167 0.628125 0.556250 0.632812 0.556250 0.635938 0.560417 0.637500 0.560417 0.639063 0.562500 0.640625 0.562500 0.645312 0.568750 0.646875 0.568750 0.650000 0.572917 0.651563 0.572917 0.653125 0.575000 0.654688 0.575000 0.657812 0.579167 0.657812 0.585417 0.687500 0.585417 0.687500 0.579167 0.689062 0.577083 0.690625 0.577083 0.692187 0.575000 0.693750 0.575000 0.695312 0.572917 0.696875 0.572917 0.703125 0.564583 0.704687 0.564583 0.712500 0.554167 0.712500 0.552083 0.714063 0.550000 0.720312 0.550000 0.720312 0.485417 0.715625 0.485417 0.709375 0.477083 0.707812 0.477083 0.700000 0.466667 0.698438 0.466667 0.696875 0.464583 0.693750 0.464583 0.690625 0.460417 0.690625 0.454167
1 0.348437 0.320833 0.348437 0.327083 0.346875 0.329167 0.339063 0.329167 0.337500 0.331250 0.332812 0.331250 0.331250 0.333333 0.328125 0.333333 0.325000 0.337500 0.323438 0.337500 0.317187 0.345833 0.317187 0.347917 0.312500 0.354167 0.312500 0.356250 0.310937 0.358333 0.310937 0.360417 0.307813 0.364583 0.303125 0.364583 0.303125 0.408333 0.307813 0.408333 0.310937 0.412500 0.312500 0.412500 0.314063 0.414583 0.315625 0.414583 0.317187 0.416667 0.320312 0.416667 0.321875 0.418750 0.325000 0.418750 0.328125 0.422917 0.329688 0.422917 0.331250 0.425000 0.332812 0.425000 0.335938 0.429167 0.335938 0.435417 0.381250 0.435417 0.381250 0.429167 0.385938 0.422917 0.387500 0.422917 0.393750 0.414583 0.393750 0.412500 0.395312 0.410417 0.401563 0.410417 0.401563 0.352083 0.395312 0.352083 0.393750 0.350000 0.393750 0.347917 0.392188 0.345833 0.392188 0.343750 0.382812 0.331250 0.381250 0.331250 0.378125 0.327083 0.378125 0.320833
2 0.489062 0.520833 0.489062 0.527083 0.479688 0.539583 0.479688 0.541667 0.473437 0.550000 0.473437 0.552083 0.470313 0.556250 0.465625 0.556250 0.465625 0.612500 0.470313 0.612500 0.473437 0.616667 0.473437 0.618750 0.476562 0.622917 0.476562 0.625000 0.479688 0.629167 0.479688 0.631250 0.484375 0.637500 0.484375 0.639583 0.487500 0.643750 0.487500 0.645833 0.490625 0.650000 0.492188 0.650000 0.493750 0.652083 0.493750 0.660417 0.534375 0.660417 0.534375 0.654167 0.539062 0.647917 0.540625 0.647917 0.546875 0.639583 0.548437 0.639583 0.554688 0.631250 0.554688 0.629167 0.559375 0.622917 0.559375 0.620833 0.560938 0.618750 0.560938 0.616667 0.562500 0.614583 0.562500 0.612500 0.565625 0.608333 0.570312 0.608333 0.570312 0.568750 0.565625 0.568750 0.562500 0.564583 0.562500 0.560417 0.560938 0.558333 0.560938 0.556250 0.559375 0.554167 0.559375 0.552083 0.548437 0.537500 0.548437 0.535417 0.546875 0.533333 0.545313 0.533333 0.540625 0.527083 0.540625 0.520833
2 0.056250 0.487500 0.056250 0.493750 0.054688 0.495833 0.053125 0.495833 0.051562 0.497917 0.050000 0.497917 0.048437 0.500000 0.045313 0.500000 0.042188 0.504167 0.040625 0.504167 0.039062 0.506250 0.037500 0.506250 0.032812 0.512500 0.032812 0.514583 0.029687 0.518750 0.029687 0.520833 0.028125 0.522917 0.028125 0.525000 0.026563 0.527083 0.026563 0.529167 0.025000 0.531250 0.025000 0.535417 0.023438 0.537500 0.023438 0.541667 0.020312 0.545833 0.015625 0.545833 0.015625 0.639583 0.020312 0.639583 0.021875 0.641667 0.021875 0.643750 0.023438 0.645833 0.023438 0.647917 0.025000 0.650000 0.025000 0.656250 0.026563 0.658333 0.026563 0.662500 0.028125 0.664583 0.028125 0.668750 0.029687 0.670833 0.029687 0.681250 0.031250 0.683333 0.031250 0.689583 0.032812 0.691667 0.032812 0.695833 0.034375 0.697917 0.034375 0.700000 0.035937 0.702083 0.035937 0.704167 0.037500 0.706250 0.037500 0.708333 0.039062 0.710417 0.039062 0.712500 0.045313 0.720833 0.046875 0.720833 0.050000 0.725000 0.051562 0.725000 0.054688 0.729167 0.054688 0.735417 0.092188 0.735417 0.092188 0.729167 0.095312 0.725000 0.096875 0.725000 0.098438 0.722917 0.101562 0.722917 0.103125 0.720833 0.104687 0.720833 0.107813 0.716667 0.109375 0.716667 0.114063 0.710417 0.115625 0.710417 0.121875 0.702083 0.121875 0.700000 0.128125 0.691667 0.132812 0.691667 0.132812 0.520833 0.128125 0.520833 0.125000 0.516667 0.125000 0.512500 0.123438 0.510417 0.123438 0.508333 0.121875 0.506250 0.121875 0.504167 0.114063 0.493750 0.114063 0.487500
1 0.871875 0.000000 0.871875 0.064583 0.876562 0.064583 0.878125 0.066667 0.878125 0.070833 0.879687 0.072917 0.879687 0.081250 0.881250 0.083333 0.881250 0.087500 0.882812 0.089583 0.882812 0.095833 0.884375 0.097917 0.884375 0.104167 0.885938 0.106250 0.885938 0.112500 0.887500 0.114583 0.887500 0.120833 0.889063 0.122917 0.889063 0.131250 0.890625 0.133333 0.890625 0.139583 0.892187 0.141667 0.892187 0.150000 0.893750 0.152083 0.893750 0.158333 0.895312 0.160417 0.895312 0.168750 0.998438 0.168750 0.998438 0.156250 0.996875 0.156250 0.993750 0.152083 0.993750 0.145833 0.995313 0.143750 0.998438 0.143750 0.998438 0.000000
1 0.000000 0.137500 0.000000 0.412500 0.003125 0.412500 0.004688 0.410417 0.009375 0.410417 0.010937 0.412500 0.012500 0.412500 0.014062 0.414583 0.017188 0.414583 0.018750 0.416667 0.020312 0.416667 0.023438 0.420833 0.025000 0.420833 0.026563 0.422917 0.028125 0.422917 0.029687 0.425000 0.032812 0.425000 0.035937 0.429167 0.035937 0.435417 0.096875 0.435417 0.096875 0.429167 0.104687 0.418750 0.104687 0.416667 0.106250 0.414583 0.106250 0.412500 0.107813 0.410417 0.107813 0.408333 0.109375 0.406250 0.109375 0.404167 0.112500 0.400000 0.112500 0.397917 0.117188 0.391667 0.120312 0.391667 0.121875 0.389583 0.125000 0.389583 0.126563 0.387500 0.128125 0.387500 0.131250 0.383333 0.132812 0.383333 0.134375 0.381250 0.135937 0.381250 0.146875 0.366667 0.146875 0.364583 0.150000 0.360417 0.150000 0.358333 0.153125 0.354167 0.153125 0.352083 0.154687 0.350000 0.154687 0.347917 0.156250 0.345833 0.156250 0.343750 0.157813 0.341667 0.157813 0.339583 0.159375 0.337500 0.164062 0.337500 0.164062 0.229167 0.159375 0.229167 0.156250 0.225000 0.156250 0.218750 0.154687 0.216667 0.154687 0.212500 0.153125 0.210417 0.153125 0.208333 0.148438 0.202083 0.148438 0.200000 0.140625 0.189583 0.140625 0.187500 0.139062 0.185417 0.139062 0.164583 0.137500 0.162500 0.137500 0.160417 0.134375 0.156250 0.134375 0.154167 0.129688 0.147917 0.128125 0.147917 0.126563 0.145833 0.126563 0.137500
1 0.429688 0.420833 0.429688 0.427083 0.431250 0.429167 0.434375 0.429167 0.435937 0.431250 0.440625 0.431250 0.442187 0.433333 0.445312 0.433333 0.446875 0.435417 0.443750 0.439583 0.440625 0.439583 0.439063 0.441667 0.437500 0.441667 0.431250 0.450000 0.431250 0.452083 0.429688 0.454167 0.429688 0.456250 0.428125 0.458333 0.428125 0.460417 0.426562 0.462500 0.426562 0.464583 0.425000 0.466667 0.425000 0.468750 0.423438 0.470833 0.423438 0.472917 0.420312 0.477083 0.415625 0.477083 0.415625 0.497917 0.421875 0.497917 0.423438 0.500000 0.425000 0.500000 0.426562 0.502083 0.426562 0.506250 0.423438 0.510417 0.421875 0.510417 0.420312 0.512500 0.415625 0.512500 0.415625 0.520833 0.421875 0.520833 0.426562 0.527083 0.429688 0.527083 0.431250 0.525000 0.435937 0.525000 0.439063 0.529167 0.446875 0.529167 0.448438 0.527083 0.450000 0.527083 0.451562 0.525000 0.462500 0.525000 0.465625 0.529167 0.465625 0.533333 0.467187 0.535417 0.467187 0.543750 0.473437 0.543750 0.473437 0.537500 0.476562 0.533333 0.478125 0.533333 0.479688 0.531250 0.481250 0.531250 0.482812 0.529167 0.485938 0.529167 0.487500 0.527083 0.490625 0.527083 0.490625 0.525000 0.498437 0.514583 0.498437 0.512500 0.503125 0.506250 0.504687 0.506250 0.504687 0.504167 0.506250 0.502083 0.506250 0.493750 0.507812 0.491667 0.507812 0.487500 0.509375 0.485417 0.514063 0.485417 0.514063 0.477083 0.507812 0.477083 0.506250 0.475000 0.506250 0.472917 0.504687 0.470833 0.504687 0.468750 0.503125 0.466667 0.503125 0.460417 0.501562 0.458333 0.501562 0.452083 0.500000 0.450000 0.500000 0.445833 0.498437 0.443750 0.498437 0.441667 0.496875 0.439583 0.496875 0.437500 0.495313 0.435417 0.493750 0.435417 0.492188 0.433333 0.490625 0.433333 0.489062 0.431250 0.479688 0.431250 0.478125 0.429167 0.473437 0.429167 0.471875 0.427083 0.471875 0.420833
2 0.446875 0.887500 0.446875 0.893750 0.445312 0.895833 0.443750 0.895833 0.442187 0.897917 0.440625 0.897917 0.439063 0.900000 0.437500 0.900000 0.435937 0.902083 0.434375 0.902083 0.432813 0.904167 0.431250 0.904167 0.428125 0.908333 0.426562 0.908333 0.425000 0.910417 0.423438 0.910417 0.420312 0.914583 0.418750 0.914583 0.417188 0.916667 0.415625 0.916667 0.414062 0.918750 0.412500 0.918750 0.410937 0.920833 0.409375 0.920833 0.404687 0.927083 0.403125 0.927083 0.398438 0.933333 0.396875 0.933333 0.395312 0.935417 0.390625 0.935417 0.390625 0.966667 0.395312 0.966667 0.396875 0.968750 0.396875 0.977083 0.398438 0.979167 0.398438 0.987500 0.395312 0.991667 0.390625 0.991667 0.390625 0.997917 0.501562 0.997917 0.501562 0.933333 0.495313 0.933333 0.492188 0.929167 0.492188 0.927083 0.487500 0.920833 0.487500 0.918750 0.485938 0.916667 0.485938 0.914583 0.482812 0.910417 0.482812 0.897917 0.481250 0.895833 0.481250 0.887500