0 0.679688 0.237500 0.679688 0.243750 0.684375 0.250000 0.685937 0.250000 0.690625 0.256250 0.692187 0.256250 0.696875 0.262500 0.696875 0.264583 0.700000 0.268750 0.700000 0.270833 0.704688 0.277083 0.709375 0.277083 0.709375 0.341667 0.704688 0.341667 0.701562 0.345833 0.701562 0.347917 0.693750 0.358333 0.693750 0.360417 0.690625 0.364583 0.689063 0.364583 0.684375 0.370833 0.682813 0.370833 0.681250 0.372917 0.679688 0.372917 0.678125 0.375000 0.676562 0.375000 0.675000 0.377083 0.673438 0.377083 0.671875 0.379167 0.671875 0.385417 0.637500 0.385417 0.637500 0.379167 0.634375 0.375000 0.632812 0.375000 0.629687 0.370833 0.628125 0.370833 0.623437 0.364583 0.621875 0.364583 0.618750 0.360417 0.618750 0.358333 0.614062 0.352083 0.614062 0.350000 0.610938 0.345833 0.610938 0.343750 0.607812 0.339583 0.607812 0.337500 0.606250 0.335417 0.606250 0.333333 0.603125 0.329167 0.598437 0.329167 0.598437 0.289583 0.603125 0.289583 0.606250 0.285417 0.606250 0.283333 0.607812 0.281250 0.607812 0.277083 0.609375 0.275000 0.609375 0.272917 0.610938 0.270833 0.610938 0.268750 0.614062 0.264583 0.614062 0.262500 0.623437 0.250000 0.625000 0.250000 0.629687 0.243750 0.629687 0.237500
0 0.464063 0.529167 0.464063 0.535417 0.484375 0.562500 0.490625 0.562500 0.490625 0.629167 0.485937 0.629167 0.473437 0.645833 0.471875 0.645833 0.470312 0.647917 0.468750 0.647917 0.467188 0.650000 0.465625 0.650000 0.464063 0.652083 0.462500 0.652083 0.460938 0.654167 0.460938 0.660417 0.432813 0.660417 0.432813 0.654167 0.431250 0.652083 0.429688 0.652083 0.428125 0.650000 0.426562 0.650000 0.425000 0.647917 0.423437 0.647917 0.421875 0.645833 0.420313 0.645833 0.417188 0.641667 0.415625 0.641667 0.412500 0.637500 0.412500 0.635417 0.407812 0.629167 0.407812 0.627083 0.406250 0.625000 0.406250 0.622917 0.403125 0.618750 0.398438 0.618750 0.398438 0.572917 0.403125 0.572917 0.404688 0.570833 0.404688 0.568750 0.407812 0.564583 0.407812 0.562500 0.409375 0.560417 0.409375 0.558333 0.421875 0.541667 0.423437 0.541667 0.428125 0.535417 0.428125 0.529167
0 0.639062 0.487500 0.639062 0.493750 0.642188 0.497917 0.643750 0.497917 0.645312 0.500000 0.646875 0.500000 0.648438 0.502083 0.650000 0.502083 0.654687 0.508333 0.656250 0.508333 0.657813 0.510417 0.659375 0.510417 0.660937 0.512500 0.662500 0.512500 0.676562 0.531250 0.676562 0.533333 0.679688 0.537500 0.684375 0.537500 0.684375 0.604167 0.679688 0.604167 0.676562 0.608333 0.676562 0.610417 0.675000 0.612500 0.675000 0.614583 0.667188 0.625000 0.667188 0.627083 0.665625 0.629167 0.664062 0.629167 0.657813 0.637500 0.656250 0.637500 0.654687 0.639583 0.653125 0.639583 0.651563 0.641667 0.650000 0.641667 0.646875 0.645833 0.646875 0.652083 0.610938 0.652083 0.610938 0.645833 0.607812 0.641667 0.604688 0.641667 0.601562 0.637500 0.600000 0.637500 0.598437 0.635417 0.596875 0.635417 0.589063 0.625000 0.589063 0.622917 0.587500 0.620833 0.585938 0.620833 0.585938 0.618750 0.578125 0.608333 0.578125 0.606250 0.576562 0.604167 0.576562 0.600000 0.575000 0.597917 0.575000 0.595833 0.573438 0.593750 0.573438 0.591667 0.571875 0.589583 0.567187 0.589583 0.567187 0.556250 0.571875 0.556250 0.573438 0.554167 0.573438 0.552083 0.575000 0.550000 0.575000 0.543750 0.576562 0.541667 0.576562 0.537500 0.579688 0.533333 0.579688 0.531250 0.581250 0.529167 0.581250 0.527083 0.585938 0.520833 0.585938 0.518750 0.596875 0.504167 0.598437 0.504167 0.601562 0.500000 0.603125 0.500000 0.604688 0.497917 0.606250 0.497917 0.609375 0.493750 0.609375 0.487500
1 1.000000 0.804167 1.000000 0.987500 0.998437 0.987500 0.996875 0.989583 0.995312 0.989583 0.993750 0.991667 0.989063 0.991667 0.987500 0.993750 0.985938 0.993750 0.984375 0.995833 0.984375 0.997917 0.935938 0.997917 0.935938 0.995833 0.934375 0.993750 0.932812 0.993750 0.931250 0.991667 0.928125 0.991667 0.926563 0.989583 0.923437 0.989583 0.921875 0.987500 0.920313 0.987500 0.917187 0.983333 0.915625 0.983333 0.910938 0.977083 0.909375 0.977083 0.909375 0.975000 0.903125 0.966667 0.903125 0.964583 0.900000 0.960417 0.900000 0.958333 0.896875 0.954167 0.896875 0.952083 0.895313 0.950000 0.895313 0.947917 0.893750 0.945833 0.893750 0.941667 0.892187 0.939583 0.892187 0.937500 0.890625 0.935417 0.890625 0.931250 0.889063 0.929167 0.889063 0.925000 0.887500 0.922917 0.887500 0.916667 0.885937 0.914583 0.885937 0.910417 0.884375 0.908333 0.879688 0.908333 0.879688 0.841667 0.884375 0.841667 0.887500 0.837500 0.887500 0.835417 0.895313 0.825000 0.898438 0.825000 0.900000 0.822917 0.903125 0.822917 0.904688 0.820833 0.910938 0.820833 0.912500 0.818750 0.915625 0.818750 0.917187 0.816667 0.920313 0.816667 0.921875 0.814583 0.928125 0.814583 0.931250 0.810417 0.931250 0.804167
1 0.381250 0.645833 0.381250 0.652083 0.385938 0.658333 0.387500 0.658333 0.387500 0.660417 0.400000 0.677083 0.400000 0.679167 0.404688 0.685417 0.409375 0.685417 0.409375 0.718750 0.404688 0.718750 0.401563 0.722917 0.401563 0.727083 0.400000 0.729167 0.400000 0.731250 0.395312 0.737500 0.395312 0.739583 0.390625 0.745833 0.389063 0.745833 0.385938 0.750000 0.384375 0.750000 0.379687 0.756250 0.376562 0.756250 0.375000 0.758333 0.373438 0.758333 0.371875 0.760417 0.370313 0.760417 0.368750 0.762500 0.368750 0.768750 0.351562 0.768750 0.351562 0.762500 0.350000 0.760417 0.348437 0.760417 0.346875 0.758333 0.343750 0.758333 0.342188 0.756250 0.339063 0.756250 0.337500 0.754167 0.335938 0.754167 0.331250 0.747917 0.329687 0.747917 0.326563 0.743750 0.326563 0.741667 0.321875 0.735417 0.321875 0.733333 0.320312 0.731250 0.320312 0.729167 0.318750 0.727083 0.318750 0.722917 0.315625 0.718750 0.310938 0.718750 0.310938 0.691667 0.315625 0.691667 0.317187 0.689583 0.317187 0.687500 0.318750 0.685417 0.318750 0.681250 0.320312 0.679167 0.320312 0.677083 0.321875 0.675000 0.321875 0.672917 0.332812 0.658333 0.334375 0.658333 0.339063 0.652083 0.339063 0.645833
2 0.567187 0.170833 0.567187 0.177083 0.570312 0.181250 0.573438 0.181250 0.575000 0.183333 0.576562 0.183333 0.578125 0.185417 0.579688 0.185417 0.584375 0.191667 0.585938 0.191667 0.598437 0.208333 0.603125 0.208333 0.603125 0.272917 0.598437 0.272917 0.579688 0.297917 0.578125 0.297917 0.576562 0.300000 0.575000 0.300000 0.573438 0.302083 0.571875 0.302083 0.570312 0.304167 0.570312 0.310417 0.531250 0.310417 0.531250 0.304167 0.528125 0.300000 0.526563 0.300000 0.523438 0.295833 0.521875 0.295833 0.514062 0.285417 0.514062 0.283333 0.509375 0.277083 0.504687 0.277083 0.504687 0.214583 0.509375 0.214583 0.512500 0.210417 0.512500 0.208333 0.514062 0.206250 0.514062 0.204167 0.529687 0.183333 0.531250 0.183333 0.532813 0.181250 0.534375 0.181250 0.535937 0.179167 0.535937 0.170833
0 0.326563 0.429167 0.326563 0.435417 0.329687 0.439583 0.331250 0.439583 0.339063 0.450000 0.340625 0.450000 0.343750 0.454167 0.343750 0.456250 0.348437 0.462500 0.353125 0.462500 0.353125 0.514583 0.346875 0.514583 0.345312 0.516667 0.343750 0.516667 0.340625 0.520833 0.339063 0.520833 0.337500 0.522917 0.335938 0.522917 0.334375 0.525000 0.332812 0.525000 0.329687 0.529167 0.328125 0.529167 0.323438 0.535417 0.321875 0.535417 0.317187 0.541667 0.315625 0.541667 0.314062 0.543750 0.314062 0.552083 0.289062 0.552083 0.289062 0.545833 0.285937 0.541667 0.284375 0.541667 0.281250 0.537500 0.279688 0.537500 0.271875 0.527083 0.271875 0.525000 0.268750 0.520833 0.268750 0.518750 0.267187 0.516667 0.260938 0.516667 0.260938 0.460417 0.265625 0.460417 0.270312 0.454167 0.270312 0.452083 0.278125 0.441667 0.279688 0.441667 0.284375 0.435417 0.284375 0.429167
0 0.475000 0.270833 0.475000 0.279167 0.476562 0.281250 0.478125 0.281250 0.489062 0.295833 0.489062 0.297917 0.492188 0.302083 0.492188 0.306250 0.493750 0.308333 0.493750 0.312500 0.495313 0.314583 0.495313 0.316667 0.496875 0.318750 0.496875 0.320833 0.498438 0.322917 0.503125 0.322917 0.503125 0.354167 0.498438 0.354167 0.496875 0.356250 0.496875 0.358333 0.495313 0.360417 0.495313 0.366667 0.493750 0.368750 0.493750 0.372917 0.492188 0.375000 0.492188 0.377083 0.489062 0.381250 0.489062 0.383333 0.476562 0.400000 0.475000 0.400000 0.471875 0.404167 0.471875 0.410417 0.426562 0.410417 0.426562 0.404167 0.417188 0.391667 0.417188 0.389583 0.415625 0.387500 0.415625 0.383333 0.414062 0.381250 0.414062 0.360417 0.412500 0.358333 0.412500 0.347917 0.410937 0.345833 0.410937 0.341667 0.409375 0.339583 0.404688 0.339583 0.404688 0.327083 0.409375 0.327083 0.410937 0.325000 0.410937 0.320833 0.412500 0.318750 0.412500 0.316667 0.414062 0.314583 0.414062 0.312500 0.420313 0.304167 0.420313 0.302083 0.421875 0.300000 0.423437 0.300000 0.435938 0.283333 0.437500 0.283333 0.442187 0.277083 0.442187 0.270833
1 0.581250 0.312500 0.581250 0.318750 0.584375 0.322917 0.585938 0.322917 0.587500 0.325000 0.589063 0.325000 0.590625 0.327083 0.592187 0.327083 0.595313 0.331250 0.596875 0.331250 0.604688 0.341667 0.606250 0.341667 0.610938 0.347917 0.615625 0.347917 0.615625 0.410417 0.610938 0.410417 0.606250 0.416667 0.606250 0.418750 0.601562 0.425000 0.601562 0.427083 0.592187 0.439583 0.590625 0.439583 0.589063 0.441667 0.587500 0.441667 0.584375 0.445833 0.584375 0.452083 0.553125 0.452083 0.553125 0.443750 0.551562 0.441667 0.550000 0.441667 0.548438 0.439583 0.546875 0.439583 0.537500 0.427083 0.537500 0.422917 0.535937 0.420833 0.535937 0.418750 0.534375 0.416667 0.534375 0.414583 0.532813 0.412500 0.532813 0.410417 0.528125 0.404167 0.523438 0.404167 0.523438 0.333333 0.529687 0.333333 0.540625 0.318750 0.540625 0.312500
2 0.535937 0.645833 0.535937 0.652083 0.537500 0.654167 0.539062 0.654167 0.540625 0.656250 0.550000 0.656250 0.551562 0.658333 0.553125 0.658333 0.557813 0.664583 0.559375 0.664583 0.562500 0.668750 0.562500 0.670833 0.567187 0.677083 0.571875 0.677083 0.571875 0.733333 0.567187 0.733333 0.562500 0.739583 0.562500 0.741667 0.554688 0.752083 0.554688 0.754167 0.553125 0.754167 0.546875 0.762500 0.545312 0.762500 0.542188 0.766667 0.540625 0.766667 0.537500 0.770833 0.535937 0.770833 0.534375 0.772917 0.531250 0.772917 0.529687 0.775000 0.528125 0.775000 0.525000 0.779167 0.525000 0.785417 0.496875 0.785417 0.496875 0.779167 0.493750 0.775000 0.492188 0.775000 0.490625 0.772917 0.489062 0.772917 0.487500 0.770833 0.485937 0.770833 0.476562 0.758333 0.476562 0.756250 0.473437 0.752083 0.467188 0.752083 0.467188 0.685417 0.471875 0.685417 0.475000 0.681250 0.476562 0.681250 0.478125 0.679167 0.478125 0.677083 0.479688 0.675000 0.481250 0.675000 0.490625 0.662500 0.492188 0.662500 0.500000 0.652083 0.500000 0.645833
2 0.392187 0.304167 0.392187 0.312500 0.393750 0.314583 0.395312 0.314583 0.406250 0.329167 0.406250 0.331250 0.407812 0.333333 0.407812 0.335417 0.409375 0.337500 0.409375 0.339583 0.410937 0.341667 0.415625 0.341667 0.415625 0.393750 0.410937 0.393750 0.407812 0.397917 0.407812 0.402083 0.404688 0.406250 0.403125 0.406250 0.396875 0.414583 0.393750 0.414583 0.392187 0.416667 0.389063 0.416667 0.387500 0.418750 0.385938 0.418750 0.384375 0.420833 0.384375 0.427083 0.339063 0.427083 0.339063 0.420833 0.326563 0.404167 0.326563 0.402083 0.325000 0.400000 0.325000 0.397917 0.323438 0.395833 0.317187 0.395833 0.317187 0.339583 0.321875 0.339583 0.326563 0.333333 0.326563 0.331250 0.342188 0.310417 0.342188 0.304167
1 0.423437 0.414583 0.425000 0.416667 0.428125 0.416667 0.429688 0.418750 0.431250 0.418750 0.434375 0.422917 0.435938 0.422917 0.440625 0.429167 0.442187 0.429167 0.443750 0.431250 0.443750 0.433333 0.448438 0.439583 0.448438 0.441667 0.450000 0.443750 0.450000 0.445833 0.451563 0.447917 0.451563 0.452083 0.453125 0.454167 0.453125 0.456250 0.454687 0.458333 0.459375 0.458333 0.459375 0.497917 0.453125 0.497917 0.450000 0.502083 0.448438 0.502083 0.443750 0.508333 0.443750 0.510417 0.442187 0.510417 0.439062 0.514583 0.437500 0.514583 0.434375 0.518750 0.432813 0.518750 0.431250 0.520833 0.429688 0.520833 0.428125 0.522917 0.425000 0.522917 0.423437 0.525000 0.420313 0.525000 0.418750 0.527083 0.417188 0.527083 0.415625 0.529167 0.415625 0.535417 0.403125 0.535417 0.403125 0.529167 0.401563 0.527083 0.400000 0.527083 0.398438 0.525000 0.395312 0.525000 0.393750 0.522917 0.390625 0.522917 0.389063 0.520833 0.385938 0.520833 0.384375 0.518750 0.382812 0.518750 0.381250 0.516667 0.379687 0.516667 0.378125 0.514583 0.376562 0.514583 0.375000 0.512500 0.375000 0.510417 0.371875 0.506250 0.371875 0.504167 0.370313 0.502083 0.370313 0.500000 0.368750 0.497917 0.368750 0.495833 0.365625 0.491667 0.360937 0.491667 0.360937 0.464583 0.365625 0.464583 0.367188 0.462500 0.367188 0.460417 0.368750 0.458333 0.368750 0.454167 0.370313 0.452083 0.370313 0.447917 0.371875 0.445833 0.371875 0.443750 0.375000 0.439583 0.375000 0.437500 0.379687 0.431250 0.381250 0.431250 0.382812 0.429167 0.384375 0.429167 0.387500 0.425000 0.389063 0.425000 0.390625 0.422917 0.393750 0.422917 0.395312 0.420833 0.398438 0.420833 0.400000 0.418750 0.401563 0.418750 0.403125 0.416667 0.404688 0.416667 0.406250 0.414583
2 0.703125 0.379167 0.703125 0.387500 0.704688 0.389583 0.706250 0.389583 0.707812 0.391667 0.709375 0.391667 0.723437 0.410417 0.723437 0.414583 0.725000 0.416667 0.725000 0.418750 0.729688 0.425000 0.734375 0.425000 0.734375 0.485417 0.729688 0.485417 0.726562 0.489583 0.726562 0.491667 0.725000 0.493750 0.725000 0.495833 0.720313 0.502083 0.720313 0.504167 0.717187 0.508333 0.717187 0.510417 0.715625 0.512500 0.714063 0.512500 0.707812 0.520833 0.706250 0.520833 0.703125 0.525000 0.701562 0.525000 0.698438 0.529167 0.698438 0.535417 0.675000 0.535417 0.675000 0.529167 0.673438 0.527083 0.673438 0.525000 0.671875 0.522917 0.671875 0.520833 0.670312 0.518750 0.668750 0.518750 0.664062 0.512500 0.662500 0.512500 0.660937 0.510417 0.659375 0.510417 0.654687 0.504167 0.651563 0.504167 0.650000 0.502083 0.646875 0.502083 0.643750 0.497917 0.642188 0.497917 0.640625 0.495833 0.637500 0.495833 0.635938 0.493750 0.634375 0.493750 0.632812 0.491667 0.631250 0.491667 0.629687 0.489583 0.628125 0.489583 0.626563 0.487500 0.623437 0.487500 0.618750 0.481250 0.618750 0.477083 0.615625 0.472917 0.610938 0.472917 0.610938 0.435417 0.615625 0.435417 0.618750 0.431250 0.618750 0.429167 0.620313 0.427083 0.620313 0.422917 0.621875 0.420833 0.621875 0.418750 0.625000 0.414583 0.625000 0.412500 0.637500 0.395833 0.639062 0.395833 0.642188 0.391667 0.643750 0.391667 0.645312 0.389583 0.651563 0.389583 0.653125 0.387500 0.656250 0.387500 0.657813 0.385417 0.657813 0.379167
1 0.698438 0.754167 0.698438 0.760417 0.700000 0.762500 0.700000 0.766667 0.707812 0.777083 0.707812 0.779167 0.709375 0.781250 0.710938 0.781250 0.718750 0.791667 0.718750 0.793750 0.725000 0.802083 0.725000 0.804167 0.728125 0.808333 0.728125 0.810417 0.729688 0.812500 0.729688 0.814583 0.731250 0.816667 0.731250 0.818750 0.732812 0.820833 0.732812 0.822917 0.734375 0.825000 0.740625 0.825000 0.740625 0.875000 0.729688 0.875000 0.728125 0.872917 0.726562 0.872917 0.725000 0.870833 0.721875 0.870833 0.720313 0.872917 0.715625 0.872917 0.714063 0.875000 0.712500 0.875000 0.710938 0.877083 0.709375 0.877083 0.707812 0.879167 0.707812 0.885417 0.614062 0.885417 0.614062 0.879167 0.609375 0.872917 0.607812 0.872917 0.606250 0.870833 0.604688 0.870833 0.596875 0.860417 0.592187 0.860417 0.592187 0.800000 0.598437 0.800000 0.600000 0.797917 0.600000 0.795833 0.601562 0.793750 0.601562 0.791667 0.606250 0.785417 0.606250 0.783333 0.612500 0.775000 0.614062 0.775000 0.615625 0.772917 0.617188 0.772917 0.621875 0.766667 0.623437 0.766667 0.628125 0.760417 0.628125 0.754167
2 0.370313 0.512500 0.370313 0.518750 0.382812 0.535417 0.382812 0.537500 0.389063 0.545833 0.389063 0.547917 0.392187 0.552083 0.396875 0.552083 0.396875 0.610417 0.392187 0.610417 0.385938 0.618750 0.385938 0.620833 0.384375 0.622917 0.382812 0.622917 0.379687 0.627083 0.379687 0.629167 0.378125 0.631250 0.376562 0.631250 0.375000 0.633333 0.373438 0.633333 0.371875 0.635417 0.371875 0.643750 0.334375 0.643750 0.334375 0.637500 0.329687 0.631250 0.328125 0.631250 0.326563 0.629167 0.325000 0.629167 0.315625 0.616667 0.315625 0.614583 0.312500 0.610417 0.312500 0.608333 0.310938 0.606250 0.304688 0.606250 0.304688 0.556250 0.310938 0.556250 0.314062 0.552083 0.314062 0.550000 0.328125 0.531250 0.328125 0.529167 0.329687 0.529167 0.332812 0.525000 0.334375 0.525000 0.335938 0.522917 0.335938 0.520833 0.337500 0.518750 0.337500 0.512500
2 0.367188 0.929167 0.367188 0.935417 0.370313 0.939583 0.371875 0.939583 0.373438 0.941667 0.375000 0.941667 0.376562 0.943750 0.378125 0.943750 0.385938 0.954167 0.387500 0.954167 0.392187 0.960417 0.392187 0.962500 0.396875 0.968750 0.396875 0.970833 0.400000 0.975000 0.400000 0.977083 0.401563 0.979167 0.401563 0.983333 0.404688 0.987500 0.409375 0.987500 0.409375 0.997917 0.273438 0.997917 0.273438 0.989583 0.279688 0.989583 0.281250 0.987500 0.281250 0.985417 0.296875 0.964583 0.298437 0.964583 0.300000 0.962500 0.300000 0.960417 0.303125 0.956250 0.304688 0.956250 0.306250 0.954167 0.306250 0.952083 0.309375 0.947917 0.310938 0.947917 0.312500 0.945833 0.312500 0.943750 0.314062 0.941667 0.315625 0.941667 0.320312 0.935417 0.320312 0.929167
1 0.715625 0.895833 0.715625 0.902083 0.718750 0.906250 0.718750 0.908333 0.731250 0.925000 0.731250 0.927083 0.737500 0.935417 0.737500 0.937500 0.739062 0.939583 0.739062 0.941667 0.742188 0.945833 0.742188 0.947917 0.743750 0.950000 0.743750 0.952083 0.745313 0.954167 0.745313 0.956250 0.748437 0.960417 0.753125 0.960417 0.753125 0.997917 0.598437 0.997917 0.598437 0.939583 0.604688 0.939583 0.606250 0.937500 0.606250 0.935417 0.612500 0.927083 0.614062 0.927083 0.626563 0.910417 0.626563 0.906250 0.628125 0.904167 0.628125 0.895833
2 0.532813 0.439583 0.535937 0.443750 0.535937 0.445833 0.537500 0.447917 0.537500 0.450000 0.539062 0.452083 0.539062 0.454167 0.542188 0.458333 0.546875 0.458333 0.546875 0.512500 0.542188 0.512500 0.537500 0.518750 0.535937 0.518750 0.534375 0.520833 0.531250 0.520833 0.529687 0.522917 0.528125 0.522917 0.525000 0.527083 0.523438 0.527083 0.520312 0.531250 0.518750 0.531250 0.517188 0.533333 0.517188 0.535417 0.515625 0.537500 0.514062 0.537500 0.510938 0.541667 0.510938 0.543750 0.509375 0.545833 0.507812 0.545833 0.504687 0.550000 0.504687 0.552083 0.503125 0.554167 0.503125 0.560417 0.479688 0.560417 0.479688 0.554167 0.473437 0.545833 0.471875 0.545833 0.471875 0.543750 0.467188 0.537500 0.465625 0.537500 0.465625 0.535417 0.459375 0.527083 0.459375 0.525000 0.457812 0.522917 0.457812 0.520833 0.456250 0.518750 0.456250 0.516667 0.453125 0.512500 0.448438 0.512500 0.448438 0.485417 0.453125 0.485417 0.456250 0.481250 0.456250 0.477083 0.457812 0.475000 0.457812 0.472917 0.459375 0.470833 0.459375 0.466667 0.462500 0.462500 0.462500 0.460417 0.464063 0.458333 0.464063 0.456250 0.465625 0.454167 0.465625 0.450000 0.467188 0.447917 0.467188 0.445833 0.468750 0.443750 0.468750 0.441667 0.470312 0.439583 0.470312 0.435417 0.478125 0.425000 0.479688 0.425000 0.484375 0.418750 0.484375 0.412500 0.515625 0.412500 0.515625 0.418750 0.521875 0.427083 0.521875 0.431250 0.523438 0.433333 0.523438 0.435417 0.526563 0.439583 0.532813 0.439583 0.540625 0.425000 0.539062 0.422917 0.539062 0.412500 0.546875 0.412500 0.546875 0.425000 0.540625 0.425000
2 0.228125 0.000000 0.228125 0.022917 0.223437 0.022917 0.217188 0.031250 0.215625 0.031250 0.214063 0.033333 0.214063 0.035417 0.204687 0.047917 0.203125 0.047917 0.198438 0.054167 0.196875 0.054167 0.195312 0.056250 0.193750 0.056250 0.190625 0.060417 0.189062 0.060417 0.185938 0.064583 0.184375 0.064583 0.182813 0.066667 0.181250 0.066667 0.179688 0.068750 0.175000 0.068750 0.173437 0.066667 0.167188 0.066667 0.167188 0.039583 0.173437 0.039583 0.175000 0.037500 0.175000 0.035417 0.195312 0.008333 0.195312 0.006250 0.196875 0.006250 0.200000 0.002083 0.200000 0.000000
1 0.562500 0.520833 0.562500 0.529167 0.567187 0.535417 0.568750 0.535417 0.573438 0.541667 0.578125 0.541667 0.578125 0.610417 0.573438 0.610417 0.570312 0.614583 0.570312 0.616667 0.568750 0.618750 0.568750 0.625000 0.567187 0.627083 0.567187 0.629167 0.564063 0.633333 0.562500 0.633333 0.560937 0.635417 0.559375 0.635417 0.557813 0.637500 0.556250 0.637500 0.550000 0.645833 0.550000 0.652083 0.529687 0.652083 0.529687 0.645833 0.528125 0.643750 0.526563 0.643750 0.525000 0.641667 0.523438 0.641667 0.517188 0.633333 0.515625 0.633333 0.514062 0.631250 0.514062 0.629167 0.510938 0.625000 0.510938 0.622917 0.507812 0.618750 0.507812 0.616667 0.506250 0.614583 0.506250 0.610417 0.503125 0.606250 0.498438 0.606250 0.498438 0.564583 0.503125 0.564583 0.504687 0.562500 0.504687 0.560417 0.506250 0.558333 0.506250 0.552083 0.509375 0.547917 0.509375 0.545833 0.521875 0.529167 0.521875 0.520833
1 0.575000 0.000000 0.575000 0.006250 0.576562 0.008333 0.576562 0.014583 0.579688 0.018750 0.584375 0.018750 0.584375 0.056250 0.579688 0.056250 0.576562 0.060417 0.576562 0.064583 0.575000 0.066667 0.575000 0.068750 0.573438 0.070833 0.573438 0.072917 0.571875 0.075000 0.571875 0.077083 0.570312 0.079167 0.570312 0.083333 0.568750 0.085417 0.568750 0.093750 0.542188 0.093750 0.542188 0.087500 0.540625 0.085417 0.531250 0.085417 0.529687 0.087500 0.529687 0.093750 0.473437 0.093750 0.473437 0.087500 0.468750 0.081250 0.467188 0.081250 0.459375 0.070833 0.454687 0.070833 0.454687 0.004167 0.459375 0.004167 0.460938 0.002083 0.460938 0.000000