1 0.546875 0.420833 0.546875 0.427083 0.543750 0.431250 0.542188 0.431250 0.539062 0.435417 0.537500 0.435417 0.529688 0.445833 0.529688 0.447917 0.525000 0.454167 0.525000 0.456250 0.523438 0.458333 0.523438 0.462500 0.520312 0.466667 0.515625 0.466667 0.515625 0.535417 0.520312 0.535417 0.521875 0.537500 0.521875 0.539583 0.523438 0.541667 0.523438 0.545833 0.540625 0.568750 0.542188 0.568750 0.545313 0.572917 0.546875 0.572917 0.548437 0.575000 0.550000 0.575000 0.553125 0.579167 0.553125 0.585417 0.600000 0.585417 0.600000 0.579167 0.601562 0.577083 0.603125 0.577083 0.604688 0.575000 0.606250 0.575000 0.607813 0.572917 0.609375 0.572917 0.612500 0.568750 0.614062 0.568750 0.623438 0.556250 0.623438 0.554167 0.626562 0.550000 0.626562 0.547917 0.628125 0.545833 0.628125 0.543750 0.629687 0.541667 0.629687 0.539583 0.631250 0.537500 0.631250 0.535417 0.634375 0.531250 0.639063 0.531250 0.639063 0.477083 0.634375 0.477083 0.628125 0.468750 0.628125 0.466667 0.600000 0.429167 0.600000 0.420833
1 0.445312 0.587500 0.445312 0.593750 0.443750 0.595833 0.442187 0.595833 0.440625 0.597917 0.439063 0.597917 0.437500 0.600000 0.435937 0.600000 0.434375 0.602083 0.432813 0.602083 0.428125 0.608333 0.426562 0.608333 0.417188 0.620833 0.417188 0.622917 0.415625 0.625000 0.415625 0.627083 0.414062 0.629167 0.414062 0.631250 0.410937 0.635417 0.410937 0.639583 0.407813 0.643750 0.403125 0.643750 0.403125 0.708333 0.407813 0.708333 0.412500 0.714583 0.412500 0.716667 0.414062 0.718750 0.414062 0.720833 0.426562 0.737500 0.428125 0.737500 0.432813 0.743750 0.434375 0.743750 0.435937 0.745833 0.437500 0.745833 0.439063 0.747917 0.440625 0.747917 0.442187 0.750000 0.443750 0.750000 0.445312 0.752083 0.446875 0.752083 0.448438 0.754167 0.448438 0.760417 0.484375 0.760417 0.484375 0.754167 0.487500 0.750000 0.489062 0.750000 0.490625 0.747917 0.493750 0.747917 0.495313 0.745833 0.496875 0.745833 0.501562 0.739583 0.503125 0.739583 0.517187 0.720833 0.517187 0.718750 0.518750 0.716667 0.518750 0.714583 0.521875 0.710417 0.526563 0.710417 0.526563 0.635417 0.521875 0.635417 0.518750 0.631250 0.518750 0.629167 0.517187 0.627083 0.517187 0.625000 0.512500 0.618750 0.512500 0.616667 0.506250 0.608333 0.504687 0.608333 0.496875 0.597917 0.493750 0.597917 0.490625 0.593750 0.490625 0.587500
0 0.445312 0.429167 0.445312 0.435417 0.442187 0.439583 0.439063 0.439583 0.437500 0.441667 0.435937 0.441667 0.432813 0.445833 0.431250 0.445833 0.429688 0.447917 0.428125 0.447917 0.421875 0.456250 0.420312 0.456250 0.418750 0.458333 0.418750 0.460417 0.410937 0.470833 0.410937 0.472917 0.406250 0.479167 0.406250 0.481250 0.404687 0.483333 0.404687 0.487500 0.401563 0.491667 0.396875 0.491667 0.396875 0.543750 0.401563 0.543750 0.404687 0.547917 0.404687 0.550000 0.407813 0.554167 0.407813 0.556250 0.410937 0.560417 0.410937 0.562500 0.415625 0.568750 0.415625 0.570833 0.418750 0.575000 0.418750 0.577083 0.421875 0.581250 0.421875 0.583333 0.425000 0.587500 0.426562 0.587500 0.429688 0.591667 0.431250 0.591667 0.434375 0.595833 0.434375 0.602083 0.453125 0.602083 0.453125 0.595833 0.454688 0.593750 0.456250 0.593750 0.457812 0.591667 0.475000 0.591667 0.476562 0.593750 0.479688 0.593750 0.481250 0.595833 0.481250 0.602083 0.489062 0.602083 0.489062 0.595833 0.490625 0.593750 0.492188 0.593750 0.493750 0.591667 0.496875 0.591667 0.503125 0.583333 0.504687 0.583333 0.512500 0.572917 0.512500 0.570833 0.515625 0.566667 0.520312 0.566667 0.520312 0.466667 0.514063 0.466667 0.512500 0.464583 0.512500 0.462500 0.501562 0.447917 0.500000 0.447917 0.496875 0.443750 0.495313 0.443750 0.492188 0.439583 0.489062 0.439583 0.485938 0.435417 0.485938 0.429167
2 0.557813 0.595833 0.557813 0.602083 0.554688 0.606250 0.553125 0.606250 0.551562 0.608333 0.550000 0.608333 0.545313 0.614583 0.543750 0.614583 0.526563 0.637500 0.521875 0.637500 0.521875 0.727083 0.526563 0.727083 0.531250 0.733333 0.531250 0.735417 0.545313 0.754167 0.546875 0.754167 0.548437 0.756250 0.550000 0.756250 0.551562 0.758333 0.553125 0.758333 0.556250 0.762500 0.556250 0.768750 0.604688 0.768750 0.604688 0.762500 0.607813 0.758333 0.609375 0.758333 0.610937 0.756250 0.612500 0.756250 0.614062 0.754167 0.615625 0.754167 0.620313 0.747917 0.621875 0.747917 0.625000 0.743750 0.625000 0.741667 0.629687 0.735417 0.629687 0.733333 0.634375 0.727083 0.634375 0.722917 0.635938 0.720833 0.635938 0.716667 0.637500 0.714583 0.637500 0.712500 0.639063 0.710417 0.639063 0.708333 0.640625 0.706250 0.645312 0.706250 0.645312 0.664583 0.640625 0.664583 0.637500 0.660417 0.637500 0.656250 0.635938 0.654167 0.635938 0.652083 0.634375 0.650000 0.634375 0.647917 0.632812 0.645833 0.632812 0.643750 0.631250 0.641667 0.631250 0.639583 0.628125 0.635417 0.628125 0.633333 0.621875 0.625000 0.620313 0.625000 0.612500 0.614583 0.610937 0.614583 0.607813 0.610417 0.606250 0.610417 0.604688 0.608333 0.603125 0.608333 0.601562 0.606250 0.598437 0.606250 0.595312 0.602083 0.595312 0.595833
2 0.875000 0.985417 0.873438 0.983333 0.871875 0.983333 0.868750 0.979167 0.868750 0.977083 0.865625 0.972917 0.864062 0.972917 0.857813 0.964583 0.856250 0.964583 0.854688 0.962500 0.853125 0.962500 0.850000 0.958333 0.848437 0.958333 0.846875 0.956250 0.840625 0.956250 0.840625 0.979167 0.845312 0.979167 0.853125 0.989583 0.854688 0.989583 0.856250 0.991667 0.860937 0.991667 0.862500 0.993750 0.864062 0.993750 0.865625 0.995833 0.865625 0.997917 0.876562 0.997917 0.876562 0.995833 0.875000 0.993750 0.875000 0.985417 0.904688 0.954167 0.912500 0.964583 0.912500 0.966667 0.914062 0.966667 0.915625 0.968750 0.915625 0.970833 0.928125 0.987500 0.929688 0.987500 0.932813 0.991667 0.934375 0.991667 0.937500 0.995833 0.937500 0.997917 0.998438 0.997917 0.998438 0.162500 0.990625 0.162500 0.990625 0.168750 0.982813 0.179167 0.981250 0.179167 0.970312 0.193750 0.968750 0.193750 0.953125 0.214583 0.953125 0.216667 0.935938 0.239583 0.935938 0.241667 0.926562 0.254167 0.925000 0.254167 0.917188 0.264583 0.915625 0.264583 0.910937 0.270833 0.910937 0.272917 0.875000 0.320833 0.873438 0.320833 0.870313 0.325000 0.868750 0.325000 0.865625 0.329167 0.864062 0.329167 0.864062 0.331250 0.860937 0.335417 0.860937 0.339583 0.859375 0.341667 0.859375 0.347917 0.857813 0.350000 0.857813 0.360417 0.856250 0.362500 0.856250 0.372917 0.854688 0.375000 0.854688 0.387500 0.853125 0.389583 0.853125 0.404167 0.851562 0.406250 0.851562 0.420833 0.850000 0.422917 0.850000 0.452083 0.848437 0.454167 0.848437 0.489583 0.846875 0.491667 0.846875 0.506250 0.848437 0.508333 0.848437 0.512500 0.846875 0.514583 0.846875 0.527083 0.845312 0.529167 0.840625 0.529167 0.840625 0.856250 0.845312 0.856250 0.850000 0.862500 0.850000 0.864583 0.853125 0.868750 0.853125 0.870833 0.859375 0.879167 0.859375 0.881250 0.865625 0.889583 0.865625 0.891667 0.871875 0.900000 0.871875 0.902083 0.879687 0.912500 0.879687 0.914583 0.890625 0.929167 0.890625 0.931250 0.898438 0.941667 0.898438 0.943750 0.904688 0.952083 0.904688 0.954167
2 0.671875 0.362500 0.671875 0.368750 0.668750 0.372917 0.667188 0.372917 0.665625 0.375000 0.664062 0.375000 0.662500 0.377083 0.660937 0.377083 0.656250 0.383333 0.654688 0.383333 0.640625 0.402083 0.640625 0.404167 0.637500 0.408333 0.637500 0.410417 0.635938 0.412500 0.635938 0.414583 0.632812 0.418750 0.628125 0.418750 0.628125 0.479167 0.632812 0.479167 0.635938 0.483333 0.635938 0.487500 0.637500 0.489583 0.637500 0.491667 0.640625 0.495833 0.640625 0.497917 0.642187 0.500000 0.642187 0.502083 0.643750 0.504167 0.643750 0.506250 0.646875 0.510417 0.646875 0.512500 0.648438 0.512500 0.653125 0.518750 0.654688 0.518750 0.659375 0.525000 0.660937 0.525000 0.664062 0.529167 0.667188 0.529167 0.668750 0.531250 0.671875 0.531250 0.673437 0.533333 0.676562 0.533333 0.678125 0.535417 0.679688 0.535417 0.681250 0.537500 0.681250 0.543750 0.706250 0.543750 0.706250 0.537500 0.709375 0.533333 0.714063 0.533333 0.715625 0.531250 0.718750 0.531250 0.720312 0.529167 0.723437 0.529167 0.726562 0.525000 0.728125 0.525000 0.729688 0.522917 0.731250 0.522917 0.734375 0.518750 0.735937 0.518750 0.746875 0.504167 0.746875 0.502083 0.748438 0.500000 0.748438 0.497917 0.750000 0.495833 0.750000 0.493750 0.753125 0.489583 0.753125 0.485417 0.754687 0.483333 0.754687 0.481250 0.756250 0.479167 0.756250 0.475000 0.757812 0.472917 0.757812 0.470833 0.759375 0.468750 0.764063 0.468750 0.764063 0.433333 0.759375 0.433333 0.757812 0.431250 0.757812 0.429167 0.756250 0.427083 0.756250 0.425000 0.754687 0.422917 0.754687 0.418750 0.753125 0.416667 0.753125 0.412500 0.750000 0.408333 0.750000 0.406250 0.746875 0.402083 0.746875 0.400000 0.731250 0.379167 0.729688 0.379167 0.726562 0.375000 0.725000 0.375000 0.723437 0.372917 0.721875 0.372917 0.718750 0.368750 0.718750 0.362500
2 0.332812 0.304167 0.332812 0.312500 0.331250 0.314583 0.328125 0.314583 0.326562 0.316667 0.325000 0.316667 0.323438 0.318750 0.321875 0.318750 0.318750 0.322917 0.317187 0.322917 0.309375 0.333333 0.307813 0.333333 0.306250 0.335417 0.306250 0.337500 0.301562 0.343750 0.301562 0.345833 0.300000 0.347917 0.300000 0.350000 0.295312 0.356250 0.290625 0.356250 0.290625 0.418750 0.295312 0.418750 0.298438 0.422917 0.298438 0.425000 0.300000 0.427083 0.300000 0.429167 0.301562 0.431250 0.301562 0.433333 0.307813 0.441667 0.307813 0.443750 0.309375 0.445833 0.310937 0.445833 0.315625 0.452083 0.315625 0.454167 0.317187 0.454167 0.323438 0.462500 0.323438 0.468750 0.373437 0.468750 0.373437 0.462500 0.382812 0.450000 0.384375 0.450000 0.389062 0.443750 0.390625 0.443750 0.393750 0.439583 0.395312 0.439583 0.398438 0.435417 0.400000 0.435417 0.410937 0.420833 0.410937 0.418750 0.412500 0.416667 0.412500 0.412500 0.414062 0.410417 0.414062 0.408333 0.415625 0.406250 0.420312 0.406250 0.420312 0.366667 0.415625 0.366667 0.414062 0.364583 0.414062 0.362500 0.412500 0.360417 0.412500 0.356250 0.410937 0.354167 0.410937 0.352083 0.407813 0.347917 0.407813 0.345833 0.404687 0.341667 0.404687 0.339583 0.396875 0.329167 0.396875 0.327083 0.395312 0.327083 0.390625 0.320833 0.389062 0.320833 0.385938 0.316667 0.384375 0.316667 0.382812 0.314583 0.381250 0.314583 0.378125 0.310417 0.378125 0.304167
2 0.342187 0.512500 0.342187 0.518750 0.339063 0.522917 0.337500 0.522917 0.335938 0.525000 0.334375 0.525000 0.328125 0.533333 0.326562 0.533333 0.318750 0.543750 0.318750 0.545833 0.312500 0.554167 0.312500 0.556250 0.310937 0.558333 0.310937 0.562500 0.309375 0.564583 0.303125 0.564583 0.303125 0.629167 0.309375 0.629167 0.310937 0.631250 0.310937 0.633333 0.312500 0.635417 0.312500 0.637500 0.314063 0.639583 0.314063 0.641667 0.317187 0.645833 0.317187 0.647917 0.328125 0.662500 0.329688 0.662500 0.331250 0.664583 0.332812 0.664583 0.334375 0.666667 0.335938 0.666667 0.339063 0.670833 0.339063 0.677083 0.392188 0.677083 0.392188 0.670833 0.401563 0.658333 0.401563 0.656250 0.404687 0.652083 0.404687 0.650000 0.407813 0.645833 0.407813 0.643750 0.409375 0.641667 0.409375 0.637500 0.410937 0.635417 0.410937 0.633333 0.412500 0.631250 0.412500 0.629167 0.415625 0.625000 0.420312 0.625000 0.420312 0.568750 0.414062 0.568750 0.412500 0.566667 0.412500 0.564583 0.409375 0.560417 0.409375 0.558333 0.404687 0.552083 0.404687 0.550000 0.403125 0.547917 0.403125 0.545833 0.401563 0.543750 0.401563 0.539583 0.400000 0.537500 0.400000 0.535417 0.396875 0.531250 0.396875 0.529167 0.389062 0.518750 0.389062 0.512500
1 0.000000 0.570833 0.000000 0.870833 0.001563 0.870833 0.003125 0.872917 0.004688 0.872917 0.006250 0.875000 0.009375 0.875000 0.010937 0.877083 0.012500 0.877083 0.014062 0.879167 0.015625 0.879167 0.017188 0.881250 0.025000 0.881250 0.026563 0.883333 0.039062 0.883333 0.040625 0.885417 0.065625 0.885417 0.067188 0.887500 0.067188 0.893750 0.107813 0.893750 0.107813 0.752083 0.100000 0.752083 0.098438 0.750000 0.096875 0.750000 0.095312 0.747917 0.095312 0.745833 0.093750 0.743750 0.093750 0.737500 0.092188 0.735417 0.092188 0.729167 0.090625 0.727083 0.090625 0.720833 0.089062 0.718750 0.089062 0.697917 0.087500 0.695833 0.087500 0.689583 0.085938 0.687500 0.085938 0.683333 0.084375 0.681250 0.084375 0.677083 0.082813 0.675000 0.082813 0.666667 0.081250 0.664583 0.081250 0.654167 0.079687 0.652083 0.079687 0.631250 0.078125 0.629167 0.078125 0.620833 0.076563 0.618750 0.076563 0.616667 0.075000 0.614583 0.075000 0.612500 0.070312 0.606250 0.070312 0.604167 0.067188 0.600000 0.065625 0.600000 0.060938 0.593750 0.059375 0.593750 0.057813 0.591667 0.056250 0.591667 0.054688 0.589583 0.053125 0.589583 0.050000 0.585417 0.048437 0.585417 0.046875 0.583333 0.045313 0.583333 0.043750 0.581250 0.042188 0.581250 0.040625 0.579167 0.039062 0.579167 0.037500 0.577083 0.037500 0.570833
2 0.520312 0.262500 0.520312 0.270833 0.518750 0.272917 0.517187 0.272917 0.515625 0.275000 0.514063 0.275000 0.498437 0.295833 0.498437 0.297917 0.493750 0.304167 0.493750 0.306250 0.492188 0.308333 0.492188 0.310417 0.489062 0.314583 0.484375 0.314583 0.484375 0.379167 0.489062 0.379167 0.492188 0.383333 0.492188 0.385417 0.493750 0.387500 0.493750 0.389583 0.496875 0.393750 0.496875 0.395833 0.501562 0.402083 0.501562 0.404167 0.503125 0.406250 0.504687 0.406250 0.509375 0.412500 0.510938 0.412500 0.512500 0.414583 0.514063 0.414583 0.515625 0.416667 0.517187 0.416667 0.520312 0.420833 0.520312 0.427083 0.579687 0.427083 0.579687 0.420833 0.581250 0.418750 0.584375 0.418750 0.585938 0.416667 0.589063 0.416667 0.592188 0.412500 0.593750 0.412500 0.603125 0.400000 0.603125 0.397917 0.606250 0.393750 0.606250 0.391667 0.607813 0.389583 0.607813 0.387500 0.609375 0.385417 0.609375 0.383333 0.610937 0.381250 0.610937 0.377083 0.612500 0.375000 0.612500 0.368750 0.614062 0.366667 0.614062 0.364583 0.615625 0.362500 0.620313 0.362500 0.620313 0.327083 0.615625 0.327083 0.612500 0.322917 0.612500 0.318750 0.610937 0.316667 0.610937 0.312500 0.609375 0.310417 0.609375 0.308333 0.606250 0.304167 0.606250 0.302083 0.604688 0.300000 0.604688 0.297917 0.596875 0.287500 0.596875 0.285417 0.595312 0.283333 0.593750 0.283333 0.590625 0.279167 0.590625 0.277083 0.589063 0.277083 0.585938 0.272917 0.584375 0.272917 0.581250 0.268750 0.581250 0.262500
1 0.246875 0.954167 0.246875 0.997917 0.432813 0.997917 0.432813 0.993750 0.426562 0.993750 0.421875 0.987500 0.420312 0.987500 0.415625 0.981250 0.414062 0.981250 0.409375 0.975000 0.407813 0.975000 0.406250 0.972917 0.403125 0.972917 0.401563 0.970833 0.400000 0.970833 0.398438 0.968750 0.396875 0.968750 0.395312 0.966667 0.393750 0.966667 0.392188 0.964583 0.387500 0.964583 0.385938 0.962500 0.382812 0.962500 0.381250 0.960417 0.381250 0.954167 0.287500 0.954167 0.287500 0.960417 0.284375 0.964583 0.281250 0.964583 0.279687 0.966667 0.276563 0.966667 0.275000 0.968750 0.273438 0.968750 0.271875 0.970833 0.270312 0.970833 0.268750 0.968750 0.267188 0.968750 0.265625 0.966667 0.264062 0.966667 0.260938 0.962500 0.260938 0.954167