1 0.471138 0.559375 0.471138 0.564062 0.464897 0.568750 0.462817 0.568750 0.460737 0.570312 0.458657 0.570312 0.454497 0.573437 0.452417 0.573437 0.442017 0.581250 0.442017 0.582812 0.433696 0.589062 0.433696 0.590625 0.431616 0.592187 0.431616 0.593750 0.427456 0.596875 0.421216 0.596875 0.421216 0.628125 0.427456 0.628125 0.431616 0.631250 0.431616 0.634375 0.433696 0.635937 0.433696 0.639062 0.437856 0.642187 0.437856 0.643750 0.439936 0.645312 0.439936 0.646875 0.444097 0.650000 0.444097 0.651562 0.452417 0.657812 0.454497 0.657812 0.458657 0.660937 0.460737 0.660937 0.462817 0.662500 0.464897 0.662500 0.469058 0.665625 0.469058 0.670312 0.529380 0.670312 0.529380 0.664062 0.531460 0.662500 0.533540 0.662500 0.535620 0.660937 0.537700 0.660937 0.539780 0.659375 0.541860 0.659375 0.554341 0.650000 0.554341 0.648438 0.558501 0.645312 0.558501 0.643750 0.562661 0.640625 0.568901 0.640625 0.568901 0.590625 0.562661 0.590625 0.556421 0.585937 0.556421 0.584375 0.548101 0.578125 0.548101 0.576562 0.546021 0.575000 0.543940 0.575000 0.539780 0.571875 0.537700 0.571875 0.533540 0.568750 0.531460 0.568750 0.529380 0.567187 0.527300 0.567187 0.525220 0.565625 0.525220 0.559375
0 0.568901 0.465625 0.568901 0.470312 0.564741 0.473437 0.562661 0.473437 0.558501 0.476562 0.556421 0.476562 0.554341 0.478125 0.552261 0.478125 0.548101 0.481250 0.546021 0.481250 0.543940 0.482812 0.541860 0.482812 0.539780 0.484375 0.537700 0.484375 0.535620 0.485937 0.533540 0.485937 0.523140 0.493750 0.523140 0.495312 0.518979 0.498437 0.512739 0.498437 0.512739 0.548437 0.521060 0.548437 0.523140 0.550000 0.523140 0.551562 0.525220 0.553125 0.525220 0.554687 0.527300 0.556250 0.527300 0.557812 0.533540 0.562500 0.535620 0.562500 0.541860 0.567187 0.543940 0.567187 0.546021 0.568750 0.548101 0.568750 0.550181 0.570312 0.550181 0.576562 0.620903 0.576562 0.620903 0.570312 0.622983 0.568750 0.625063 0.568750 0.627144 0.567187 0.629224 0.567187 0.633384 0.564062 0.635464 0.564062 0.647944 0.554687 0.647944 0.553125 0.650024 0.551562 0.650024 0.550000 0.652104 0.548437 0.660425 0.548437 0.660425 0.496875 0.654185 0.496875 0.650024 0.493750 0.650024 0.492188 0.647944 0.490625 0.647944 0.489062 0.635464 0.479687 0.633384 0.479687 0.627144 0.475000 0.625063 0.475000 0.618823 0.470312 0.618823 0.465625
1 0.269370 0.515625 0.269370 0.520312 0.265210 0.523437 0.261050 0.523437 0.258970 0.525000 0.256890 0.525000 0.254810 0.526562 0.252729 0.526562 0.244409 0.532812 0.242329 0.532812 0.234009 0.539062 0.234009 0.540625 0.227769 0.545312 0.221528 0.545312 0.221528 0.598437 0.229849 0.598437 0.231929 0.600000 0.231929 0.601562 0.234009 0.603125 0.234009 0.604687 0.244409 0.612500 0.244409 0.614062 0.246489 0.614062 0.252729 0.618750 0.254810 0.618750 0.258970 0.621875 0.258970 0.626562 0.317212 0.626562 0.317212 0.621875 0.321372 0.618750 0.323452 0.618750 0.327612 0.615625 0.331772 0.615625 0.333853 0.614062 0.335933 0.614062 0.340093 0.610937 0.342173 0.610937 0.356733 0.600000 0.356733 0.598437 0.362974 0.593750 0.369214 0.593750 0.369214 0.556250 0.362974 0.556250 0.358813 0.553125 0.358813 0.551562 0.356733 0.550000 0.356733 0.548437 0.354653 0.546875 0.354653 0.545312 0.348413 0.540625 0.348413 0.539062 0.338013 0.531250 0.335933 0.531250 0.333853 0.529687 0.331772 0.529687 0.327612 0.526562 0.325532 0.526562 0.323452 0.525000 0.321372 0.525000 0.319292 0.523437 0.317212 0.523437 0.315132 0.521875 0.313052 0.521875 0.310972 0.520312 0.310972 0.515625
0 0.308892 0.415625 0.308892 0.420312 0.304731 0.423437 0.302651 0.423437 0.300571 0.425000 0.298491 0.425000 0.288091 0.432812 0.286011 0.432812 0.283931 0.434375 0.283931 0.435937 0.275610 0.442187 0.275610 0.443750 0.273530 0.445312 0.273530 0.446875 0.269370 0.450000 0.263130 0.450000 0.263130 0.492188 0.269370 0.492188 0.273530 0.495312 0.273530 0.496875 0.277690 0.500000 0.277690 0.501562 0.292251 0.512500 0.294331 0.512500 0.298491 0.515625 0.302651 0.515625 0.304731 0.517187 0.306812 0.517187 0.313052 0.521875 0.313052 0.526562 0.356733 0.526562 0.356733 0.521875 0.360894 0.518750 0.362974 0.518750 0.365054 0.517187 0.367134 0.517187 0.369214 0.515625 0.371294 0.515625 0.383774 0.506250 0.383774 0.504687 0.387935 0.501562 0.387935 0.500000 0.394175 0.495312 0.394175 0.493750 0.396255 0.492188 0.396255 0.490625 0.398335 0.489062 0.398335 0.487500 0.400415 0.485937 0.400415 0.484375 0.402495 0.482812 0.402495 0.481250 0.404575 0.479687 0.410815 0.479687 0.410815 0.456250 0.404575 0.456250 0.400415 0.453125 0.400415 0.451562 0.398335 0.450000 0.398335 0.448437 0.396255 0.446875 0.396255 0.445312 0.392095 0.442187 0.392095 0.440625 0.379614 0.431250 0.377534 0.431250 0.369214 0.425000 0.367134 0.425000 0.360894 0.420312 0.360894 0.415625
1 0.494019 0.390625 0.494019 0.395312 0.489858 0.398438 0.485698 0.398438 0.483618 0.400000 0.481538 0.400000 0.479458 0.401562 0.477378 0.401562 0.473218 0.404687 0.471138 0.404687 0.462817 0.410937 0.462817 0.412500 0.458657 0.415625 0.458657 0.417187 0.456577 0.418750 0.456577 0.420312 0.452417 0.423437 0.446177 0.423437 0.446177 0.454687 0.452417 0.454687 0.458657 0.459375 0.458657 0.460938 0.469058 0.468750 0.471138 0.468750 0.475298 0.471875 0.477378 0.471875 0.479458 0.473437 0.481538 0.473437 0.483618 0.475000 0.485698 0.475000 0.487778 0.476562 0.489858 0.476562 0.491938 0.478125 0.494019 0.478125 0.496099 0.479687 0.498179 0.479687 0.500259 0.481250 0.502339 0.481250 0.504419 0.482812 0.506499 0.482812 0.508579 0.484375 0.508579 0.489062 0.531460 0.489062 0.531460 0.484375 0.533540 0.482812 0.535620 0.482812 0.537700 0.481250 0.539780 0.481250 0.541860 0.479687 0.543940 0.479687 0.546021 0.478125 0.552261 0.478125 0.556421 0.475000 0.558501 0.475000 0.560581 0.473437 0.562661 0.473437 0.564741 0.471875 0.566821 0.471875 0.573062 0.467187 0.575142 0.467187 0.583462 0.460938 0.583462 0.459375 0.587622 0.456250 0.593862 0.456250 0.593862 0.426562 0.587622 0.426562 0.583462 0.423437 0.583462 0.420312 0.581382 0.418750 0.581382 0.417187 0.579302 0.415625 0.579302 0.414062 0.575142 0.410937 0.575142 0.409375 0.573062 0.407812 0.573062 0.406250 0.558501 0.395312 0.558501 0.390625
2 0.625063 0.353125 0.625063 0.357812 0.620903 0.360937 0.618823 0.360937 0.616743 0.362500 0.614663 0.362500 0.612583 0.364062 0.610503 0.364062 0.593862 0.376562 0.593862 0.378125 0.591782 0.379687 0.591782 0.381250 0.589702 0.382812 0.589702 0.384375 0.585542 0.387500 0.579302 0.387500 0.579302 0.423437 0.585542 0.423437 0.587622 0.425000 0.587622 0.426562 0.598022 0.434375 0.598022 0.435937 0.600103 0.437500 0.600103 0.440625 0.602183 0.442187 0.602183 0.443750 0.608423 0.448437 0.610503 0.448437 0.616743 0.453125 0.618823 0.453125 0.622983 0.456250 0.625063 0.456250 0.629224 0.459375 0.629224 0.464062 0.679145 0.464062 0.679145 0.459375 0.683306 0.456250 0.685386 0.456250 0.687466 0.454687 0.689546 0.454687 0.693706 0.451562 0.695786 0.451562 0.699946 0.448437 0.702026 0.448437 0.704106 0.446875 0.704106 0.445312 0.712427 0.439062 0.712427 0.437500 0.716587 0.434375 0.716587 0.431250 0.718667 0.429688 0.726987 0.429688 0.726987 0.387500 0.720747 0.387500 0.716587 0.384375 0.716587 0.382812 0.714507 0.381250 0.714507 0.379687 0.712427 0.378125 0.712427 0.376562 0.699946 0.367188 0.697866 0.367188 0.691626 0.362500 0.689546 0.362500 0.687466 0.360937 0.685386 0.360937 0.681226 0.357812 0.681226 0.353125
1 0.092563 0.153125 0.092563 0.157812 0.088403 0.160937 0.086323 0.160937 0.080083 0.165625 0.078003 0.165625 0.071763 0.170312 0.069683 0.170312 0.065522 0.173437 0.063442 0.173437 0.061362 0.175000 0.059282 0.175000 0.057202 0.176562 0.055122 0.176562 0.053042 0.178125 0.050962 0.178125 0.046802 0.181250 0.044722 0.181250 0.042642 0.182812 0.040562 0.182812 0.036401 0.185937 0.034321 0.185937 0.032241 0.187500 0.030161 0.187500 0.021841 0.193750 0.019761 0.193750 0.007280 0.203125 0.007280 0.204687 0.001040 0.209375 0.001040 0.210938 0.000000 0.212500 0.000000 0.215625 0.000000 0.217187 0.000000 0.218750 0.000000 0.220312 0.000000 0.220312 0.000000 0.328125 0.000000 0.328125 0.000000 0.329687 0.000000 0.335938 0.000000 0.337500 0.000000 0.353125 0.001040 0.354687 0.001040 0.359375 0.005200 0.362500 0.009360 0.362500 0.011440 0.364062 0.013521 0.364062 0.015601 0.362500 0.021841 0.362500 0.028081 0.367188 0.030161 0.367188 0.032241 0.368750 0.036401 0.368750 0.038481 0.370312 0.044722 0.370312 0.046802 0.371875 0.053042 0.371875 0.055122 0.373437 0.057202 0.373437 0.063442 0.378125 0.063442 0.382812 0.211128 0.382812 0.211128 0.373437 0.196567 0.373437 0.194487 0.371875 0.192407 0.371875 0.190327 0.370312 0.188247 0.370312 0.184087 0.367188 0.184087 0.365625 0.182007 0.364062 0.184087 0.362500 0.184087 0.354687 0.186167 0.353125 0.186167 0.350000 0.188247 0.348437 0.188247 0.346875 0.190327 0.345312 0.190327 0.339062 0.192407 0.337500 0.192407 0.334375 0.194487 0.332812 0.194487 0.331250 0.192407 0.329687 0.192407 0.325000 0.190327 0.323437 0.190327 0.318750 0.188247 0.317187 0.186167 0.317187 0.182007 0.314062 0.179927 0.314062 0.171606 0.307813 0.171606 0.306250 0.169526 0.306250 0.165366 0.303125 0.163286 0.303125 0.146646 0.290625 0.146646 0.278125 0.159126 0.268750 0.159126 0.267187 0.165366 0.262500 0.167446 0.262500 0.177847 0.254687 0.177847 0.253125 0.179927 0.251562 0.182007 0.251562 0.184087 0.250000 0.184087 0.248437 0.190327 0.243750 0.190327 0.242188 0.192407 0.240625 0.192407 0.239062 0.198647 0.234375 0.198647 0.232812 0.200728 0.231250 0.200728 0.229687 0.204888 0.226562 0.211128 0.226562 0.211128 0.198437 0.204888 0.198437 0.200728 0.195312 0.200728 0.192187 0.198647 0.190625 0.198647 0.189062 0.196567 0.187500 0.196567 0.185937 0.192407 0.182812 0.192407 0.181250 0.173687 0.167187 0.171606 0.167187 0.167446 0.164062 0.165366 0.164062 0.163286 0.162500 0.161206 0.162500 0.159126 0.160937 0.157046 0.160937 0.154966 0.159375 0.152886 0.159375 0.150806 0.157812 0.150806 0.153125
2 0.333853 0.609375 0.333853 0.614062 0.331772 0.615625 0.329692 0.615625 0.327612 0.617188 0.325532 0.617188 0.317212 0.623438 0.315132 0.623438 0.304731 0.631250 0.302651 0.631250 0.302651 0.632812 0.294331 0.639062 0.294331 0.640625 0.292251 0.642187 0.292251 0.643750 0.288091 0.646875 0.288091 0.648438 0.286011 0.650000 0.279770 0.650000 0.279770 0.682812 0.286011 0.682812 0.290171 0.685937 0.290171 0.687500 0.292251 0.689062 0.292251 0.690625 0.294331 0.692187 0.294331 0.693750 0.300571 0.698437 0.300571 0.700000 0.310972 0.707812 0.310972 0.709375 0.313052 0.709375 0.317212 0.712500 0.319292 0.712500 0.321372 0.714062 0.321372 0.720312 0.379614 0.720312 0.379614 0.715625 0.385854 0.710938 0.387935 0.710938 0.390015 0.709375 0.392095 0.709375 0.394175 0.707812 0.396255 0.707812 0.406655 0.700000 0.406655 0.698437 0.412896 0.693750 0.412896 0.692187 0.414976 0.690625 0.414976 0.689062 0.417056 0.687500 0.417056 0.685937 0.421216 0.682812 0.427456 0.682812 0.427456 0.648438 0.421216 0.648438 0.419136 0.646875 0.419136 0.645312 0.417056 0.643750 0.417056 0.642187 0.414976 0.640625 0.414976 0.639062 0.412896 0.637500 0.412896 0.635937 0.404575 0.629687 0.404575 0.628125 0.402495 0.626562 0.400415 0.626562 0.394175 0.621875 0.392095 0.621875 0.387935 0.618750 0.383774 0.618750 0.381694 0.617188 0.379614 0.617188 0.375454 0.614062 0.375454 0.609375
2 0.385854 0.340625 0.385854 0.346875 0.383774 0.348437 0.381694 0.348437 0.379614 0.350000 0.377534 0.350000 0.371294 0.354687 0.369214 0.354687 0.367134 0.356250 0.367134 0.357812 0.356733 0.365625 0.356733 0.367188 0.352573 0.370312 0.346333 0.370312 0.346333 0.412500 0.352573 0.412500 0.365054 0.421875 0.367134 0.421875 0.371294 0.425000 0.371294 0.426562 0.373374 0.426562 0.381694 0.432812 0.383774 0.432812 0.387935 0.435937 0.392095 0.435937 0.394175 0.437500 0.402495 0.437500 0.404575 0.439062 0.406655 0.439062 0.408735 0.440625 0.408735 0.445312 0.427456 0.445312 0.427456 0.440625 0.429536 0.439062 0.431616 0.439062 0.433696 0.437500 0.437856 0.437500 0.439936 0.435937 0.442017 0.435937 0.444097 0.434375 0.446177 0.434375 0.446177 0.432812 0.450337 0.429688 0.450337 0.428125 0.452417 0.426562 0.452417 0.423437 0.454497 0.421875 0.454497 0.420312 0.456577 0.418750 0.456577 0.417187 0.460737 0.414062 0.460737 0.412500 0.471138 0.404687 0.477378 0.404687 0.477378 0.365625 0.469058 0.365625 0.462817 0.360937 0.462817 0.359375 0.452417 0.351562 0.450337 0.351562 0.448257 0.350000 0.446177 0.350000 0.439936 0.345312 0.439936 0.340625
2 0.425376 0.465625 0.425376 0.470312 0.421216 0.473437 0.419136 0.473437 0.414976 0.476562 0.412896 0.476562 0.408735 0.479687 0.406655 0.479687 0.404575 0.481250 0.404575 0.482812 0.398335 0.487500 0.398335 0.489062 0.394175 0.492188 0.394175 0.493750 0.392095 0.495312 0.392095 0.496875 0.390015 0.498437 0.390015 0.500000 0.387935 0.501562 0.379614 0.501562 0.379614 0.542187 0.385854 0.542187 0.390015 0.545312 0.390015 0.546875 0.408735 0.560937 0.410815 0.560937 0.412896 0.562500 0.417056 0.562500 0.419136 0.564062 0.421216 0.564062 0.423296 0.565625 0.423296 0.570312 0.442017 0.570312 0.442017 0.565625 0.444097 0.564062 0.469058 0.564062 0.471138 0.562500 0.473218 0.562500 0.475298 0.560937 0.477378 0.560937 0.479458 0.559375 0.481538 0.559375 0.496099 0.548437 0.496099 0.546875 0.500259 0.543750 0.500259 0.542187 0.502339 0.540625 0.502339 0.539062 0.504419 0.537500 0.510659 0.537500 0.510659 0.507812 0.504419 0.507812 0.502339 0.506250 0.502339 0.504687 0.500259 0.503125 0.500259 0.496875 0.498179 0.495312 0.498179 0.492188 0.489858 0.485937 0.487778 0.485937 0.481538 0.481250 0.479458 0.481250 0.475298 0.478125 0.473218 0.478125 0.469058 0.475000 0.466978 0.475000 0.464897 0.473437 0.458657 0.473437 0.456577 0.471875 0.452417 0.471875 0.450337 0.470312 0.450337 0.465625
2 0.134165 0.778125 0.134165 0.782812 0.132085 0.784375 0.127925 0.784375 0.125845 0.785937 0.121685 0.785937 0.119604 0.787500 0.115444 0.787500 0.111284 0.790625 0.109204 0.790625 0.107124 0.792187 0.105044 0.792187 0.086323 0.806250 0.080083 0.806250 0.080083 0.867188 0.086323 0.867188 0.088403 0.868750 0.088403 0.870312 0.090483 0.871875 0.090483 0.873437 0.092563 0.875000 0.092563 0.878125 0.094644 0.879687 0.094644 0.881250 0.096724 0.882812 0.096724 0.884375 0.098804 0.885937 0.098804 0.887500 0.100884 0.889062 0.100884 0.892187 0.102964 0.893750 0.102964 0.895312 0.105044 0.896875 0.105044 0.898438 0.107124 0.900000 0.107124 0.901562 0.111284 0.904687 0.111284 0.906250 0.113364 0.907812 0.113364 0.909375 0.117524 0.912500 0.117524 0.914062 0.119604 0.915625 0.119604 0.917187 0.121685 0.918750 0.121685 0.920312 0.132085 0.928125 0.132085 0.929688 0.154966 0.946875 0.154966 0.948437 0.165366 0.956250 0.165366 0.957812 0.171606 0.962500 0.173687 0.962500 0.179927 0.967187 0.182007 0.967187 0.184087 0.968750 0.186167 0.968750 0.190327 0.971875 0.190327 0.976562 0.225688 0.976562 0.225688 0.971875 0.227769 0.970312 0.229849 0.970312 0.231929 0.968750 0.234009 0.968750 0.236089 0.967187 0.238169 0.967187 0.240249 0.965625 0.242329 0.965625 0.244409 0.964062 0.246489 0.964062 0.252729 0.959375 0.254810 0.959375 0.267290 0.950000 0.267290 0.948437 0.273530 0.943750 0.273530 0.942187 0.275610 0.940625 0.275610 0.939062 0.279770 0.935937 0.286011 0.935937 0.286011 0.882812 0.277690 0.882812 0.275610 0.881250 0.275610 0.879687 0.273530 0.878125 0.273530 0.876562 0.271450 0.875000 0.271450 0.873437 0.267290 0.870312 0.267290 0.868750 0.265210 0.867188 0.265210 0.865625 0.261050 0.862500 0.261050 0.860937 0.256890 0.857812 0.256890 0.856250 0.254810 0.854687 0.254810 0.853125 0.250649 0.850000 0.250649 0.848437 0.248569 0.846875 0.248569 0.843750 0.244409 0.840625 0.244409 0.839062 0.242329 0.837500 0.242329 0.835938 0.238169 0.832812 0.238169 0.831250 0.236089 0.829687 0.236089 0.828125 0.234009 0.826562 0.234009 0.825000 0.231929 0.823437 0.231929 0.821875 0.229849 0.820312 0.229849 0.818750 0.225688 0.815625 0.225688 0.814062 0.223608 0.812500 0.223608 0.810937 0.221528 0.809375 0.221528 0.807812 0.217368 0.804688 0.217368 0.803125 0.215288 0.801562 0.215288 0.800000 0.213208 0.798437 0.213208 0.796875 0.209048 0.793750 0.209048 0.792187 0.202808 0.787500 0.200728 0.787500 0.198647 0.785937 0.194487 0.785937 0.192407 0.784375 0.140405 0.784375 0.138325 0.782812 0.138325 0.778125
1 0.912114 0.000000 0.912114 0.006250 0.920435 0.006250 0.922515 0.007812 0.922515 0.009375 0.928755 0.014062 0.928755 0.015625 0.934995 0.020312 0.934995 0.021875 0.945395 0.029687 0.945395 0.031250 0.951636 0.035937 0.951636 0.037500 0.957876 0.042187 0.957876 0.043750 0.966196 0.050000 0.966196 0.051562 0.980757 0.062500 0.980757 0.064062 0.993237 0.073437 0.993237 0.075000 1.000000 0.075000 1.000000 0.000000
2 0.410815 0.765625 0.404575 0.765625 0.410815 0.765625 0.533540 0.929688 0.529380 0.932812 0.527300 0.932812 0.525220 0.934375 0.523140 0.934375 0.521060 0.935937 0.518979 0.935937 0.516899 0.937500 0.514819 0.937500 0.510659 0.940625 0.508579 0.940625 0.506499 0.942187 0.504419 0.942187 0.500259 0.945312 0.498179 0.945312 0.494019 0.948437 0.491938 0.948437 0.489858 0.950000 0.487778 0.950000 0.485698 0.951562 0.483618 0.951562 0.479458 0.954687 0.477378 0.954687 0.475298 0.956250 0.473218 0.956250 0.469058 0.959375 0.466978 0.959375 0.462817 0.962500 0.460737 0.962500 0.454497 0.967187 0.452417 0.967187 0.450337 0.968750 0.448257 0.968750 0.442017 0.973437 0.439936 0.973437 0.433696 0.978125 0.431616 0.978125 0.427456 0.981250 0.425376 0.981250 0.423296 0.982812 0.421216 0.982812 0.419136 0.984375 0.417056 0.984375 0.414976 0.985937 0.412896 0.985937 0.410815 0.987500 0.404575 0.987500 0.404575 0.998437 1.000000 0.998437 1.000000 0.746875 0.918354 0.746875 0.918354 0.751562 0.912114 0.756250 0.910034 0.756250 0.907954 0.757812 0.905874 0.757812 0.901714 0.760937 0.899634 0.760937 0.895474 0.764062 0.893394 0.764062 0.889233 0.767187 0.887153 0.767187 0.885073 0.768750 0.882993 0.768750 0.880913 0.770312 0.880913 0.771875 0.876753 0.775000 0.874673 0.775000 0.868433 0.779687 0.866352 0.779687 0.864272 0.781250 0.860112 0.781250 0.858032 0.782812 0.855952 0.782812 0.853872 0.784375 0.851792 0.784375 0.849712 0.785937 0.847632 0.785937 0.845552 0.787500 0.843472 0.787500 0.837231 0.792187 0.835151 0.792187 0.833071 0.793750 0.830991 0.793750 0.826831 0.796875 0.824751 0.796875 0.820591 0.800000 0.818511 0.800000 0.816431 0.801562 0.814351 0.801562 0.808110 0.806250 0.806030 0.806250 0.801870 0.809375 0.799790 0.809375 0.795630 0.812500 0.793550 0.812500 0.791470 0.814062 0.789390 0.814062 0.787310 0.815625 0.785229 0.815625 0.783149 0.817187 0.781069 0.817187 0.776909 0.820312 0.774829 0.820312 0.772749 0.821875 0.770669 0.821875 0.766509 0.825000 0.764429 0.825000 0.762349 0.826562 0.760269 0.826562 0.758188 0.828125 0.756108 0.828125 0.754028 0.829687 0.751948 0.829687 0.747788 0.832812 0.745708 0.832812 0.741548 0.835938 0.739468 0.835938 0.735308 0.839062 0.733227 0.839062 0.731147 0.840625 0.729067 0.840625 0.726987 0.842187 0.724907 0.842187 0.720747 0.845312 0.718667 0.845312 0.714507 0.848437 0.712427 0.848437 0.710347 0.850000 0.708267 0.850000 0.704106 0.853125 0.702026 0.853125 0.699946 0.854687 0.697866 0.854687 0.691626 0.859375 0.689546 0.859375 0.687466 0.860937 0.685386 0.860937 0.681226 0.864062 0.679145 0.864062 0.677065 0.865625 0.674985 0.865625 0.670825 0.868750 0.668745 0.868750 0.666665 0.870312 0.664585 0.870312 0.660425 0.873437 0.658345 0.873437 0.656265 0.875000 0.654185 0.875000 0.652104 0.876562 0.650024 0.876562 0.647944 0.878125 0.645864 0.878125 0.643784 0.879687 0.641704 0.879687 0.637544 0.882812 0.635464 0.882812 0.631304 0.885937 0.629224 0.885937 0.625063 0.889062 0.622983 0.889062 0.620903 0.890625 0.618823 0.890625 0.614663 0.893750 0.612583 0.893750 0.608423 0.896875 0.606343 0.896875 0.604263 0.898438 0.602183 0.898438 0.598022 0.901562 0.595942 0.901562 0.593862 0.903125 0.591782 0.903125 0.587622 0.906250 0.585542 0.906250 0.583462 0.907812 0.581382 0.907812 0.577222 0.910937 0.575142 0.910937 0.570981 0.914062 0.568901 0.914062 0.566821 0.915625 0.564741 0.915625 0.562661 0.917187 0.560581 0.917187 0.556421 0.920312 0.554341 0.920312 0.550181 0.923437 0.548101 0.923437 0.543940 0.926562 0.541860 0.926562 0.539780 0.928125 0.537700 0.928125 0.535620 0.929688 0.533540 0.929688
2 0.591782 0.615625 0.591782 0.620312 0.587622 0.623438 0.585542 0.623438 0.581382 0.626562 0.579302 0.626562 0.564741 0.637500 0.564741 0.639062 0.556421 0.645312 0.556421 0.646875 0.552261 0.650000 0.546021 0.650000 0.546021 0.693750 0.552261 0.693750 0.556421 0.696875 0.556421 0.698437 0.558501 0.698437 0.573062 0.709375 0.575142 0.709375 0.577222 0.710938 0.579302 0.710938 0.581382 0.712500 0.583462 0.712500 0.587622 0.715625 0.589702 0.715625 0.591782 0.717187 0.595942 0.717187 0.598022 0.718750 0.600103 0.718750 0.604263 0.721875 0.604263 0.726562 0.647944 0.726562 0.647944 0.721875 0.652104 0.718750 0.654185 0.718750 0.656265 0.717187 0.658345 0.717187 0.660425 0.715625 0.662505 0.715625 0.668745 0.710938 0.670825 0.710938 0.681226 0.703125 0.681226 0.701562 0.687466 0.696875 0.693706 0.696875 0.693706 0.645312 0.687466 0.645312 0.681226 0.640625 0.681226 0.639062 0.662505 0.625000 0.660425 0.625000 0.658345 0.623438 0.656265 0.623438 0.654185 0.621875 0.654185 0.615625
1 0.055122 0.359375 0.055122 0.423437 0.061362 0.423437 0.063442 0.425000 0.063442 0.426562 0.065522 0.428125 0.065522 0.429688 0.067603 0.431250 0.067603 0.432812 0.069683 0.434375 0.069683 0.435937 0.071763 0.437500 0.071763 0.439062 0.075923 0.442187 0.075923 0.443750 0.080083 0.446875 0.080083 0.448437 0.088403 0.454687 0.090483 0.454687 0.098804 0.460938 0.100884 0.460938 0.107124 0.465625 0.109204 0.465625 0.113364 0.468750 0.115444 0.468750 0.117524 0.470312 0.119604 0.470312 0.125845 0.475000 0.127925 0.475000 0.136245 0.481250 0.138325 0.481250 0.142485 0.484375 0.144565 0.484375 0.146646 0.485937 0.150806 0.485937 0.152886 0.487500 0.154966 0.487500 0.159126 0.490625 0.159126 0.495312 0.242329 0.495312 0.242329 0.490625 0.246489 0.487500 0.246489 0.485937 0.250649 0.482812 0.250649 0.478125 0.252729 0.476562 0.252729 0.475000 0.258970 0.470312 0.258970 0.468750 0.261050 0.467187 0.269370 0.467187 0.269370 0.457812 0.263130 0.457812 0.256890 0.453125 0.256890 0.448437 0.254810 0.446875 0.254810 0.442187 0.252729 0.440625 0.252729 0.429688 0.250649 0.428125 0.250649 0.406250 0.248569 0.404687 0.248569 0.398438 0.246489 0.396875 0.246489 0.392187 0.244409 0.390625 0.244409 0.389062 0.242329 0.387500 0.242329 0.385937 0.240249 0.384375 0.240249 0.382812 0.238169 0.382812 0.236089 0.381250 0.234009 0.381250 0.231929 0.379687 0.225688 0.379687 0.223608 0.378125 0.211128 0.378125 0.209048 0.376562 0.198647 0.376562 0.196567 0.375000 0.192407 0.375000 0.190327 0.373437 0.188247 0.373437 0.186167 0.371875 0.184087 0.371875 0.179927 0.368750 0.179927 0.367188 0.177847 0.365625 0.177847 0.359375
1 0.591782 0.615625 0.591782 0.620312 0.587622 0.623438 0.585542 0.623438 0.581382 0.626562 0.579302 0.626562 0.564741 0.637500 0.564741 0.639062 0.556421 0.645312 0.556421 0.646875 0.552261 0.650000 0.546021 0.650000 0.546021 0.695312 0.552261 0.695312 0.566821 0.706250 0.568901 0.706250 0.575142 0.710938 0.577222 0.710938 0.579302 0.712500 0.581382 0.712500 0.583462 0.714062 0.585542 0.714062 0.587622 0.715625 0.589702 0.715625 0.591782 0.717187 0.593862 0.717187 0.595942 0.718750 0.600103 0.718750 0.604263 0.721875 0.604263 0.726562 0.650024 0.726562 0.650024 0.720312 0.652104 0.718750 0.654185 0.718750 0.656265 0.717187 0.658345 0.717187 0.660425 0.715625 0.662505 0.715625 0.668745 0.710938 0.670825 0.710938 0.681226 0.703125 0.681226 0.701562 0.687466 0.696875 0.687466 0.695312 0.689546 0.693750 0.689546 0.690625 0.691626 0.689062 0.691626 0.685937 0.695786 0.682812 0.702026 0.682812 0.702026 0.660937 0.695786 0.660937 0.691626 0.657812 0.691626 0.654687 0.689546 0.653125 0.689546 0.650000 0.687466 0.648438 0.687466 0.646875 0.685386 0.645312 0.685386 0.643750 0.681226 0.640625 0.681226 0.639062 0.662505 0.625000 0.660425 0.625000 0.654185 0.620312 0.654185 0.615625