0 0.335933 0.478125 0.335933 0.482812 0.331772 0.485937 0.329692 0.485937 0.325532 0.489062 0.323452 0.489062 0.315132 0.495312 0.315132 0.496875 0.313052 0.498437 0.310972 0.498437 0.308892 0.500000 0.308892 0.501562 0.306812 0.503125 0.306812 0.504687 0.304731 0.506250 0.304731 0.507812 0.302651 0.509375 0.296411 0.509375 0.296411 0.535937 0.302651 0.535937 0.306812 0.539062 0.306812 0.543750 0.308892 0.545312 0.308892 0.546875 0.313052 0.550000 0.313052 0.551562 0.319292 0.556250 0.319292 0.557812 0.329692 0.565625 0.329692 0.570312 0.398335 0.570312 0.398335 0.565625 0.402495 0.562500 0.404575 0.562500 0.406655 0.560937 0.408735 0.560937 0.419136 0.553125 0.427456 0.553125 0.427456 0.503125 0.421216 0.503125 0.417056 0.500000 0.417056 0.498437 0.414976 0.496875 0.414976 0.495312 0.404575 0.487500 0.402495 0.487500 0.400415 0.485937 0.398335 0.485937 0.396255 0.484375 0.396255 0.478125
1 0.342173 0.571875 0.342173 0.576562 0.338013 0.579687 0.335933 0.579687 0.323452 0.589062 0.323452 0.590625 0.321372 0.592187 0.321372 0.593750 0.319292 0.595312 0.319292 0.596875 0.315132 0.600000 0.315132 0.601562 0.310972 0.604687 0.304731 0.604687 0.304731 0.634375 0.310972 0.634375 0.315132 0.637500 0.315132 0.639062 0.317212 0.640625 0.317212 0.642187 0.323452 0.646875 0.323452 0.648438 0.333853 0.656250 0.335933 0.656250 0.340093 0.659375 0.340093 0.664062 0.402495 0.664062 0.402495 0.659375 0.406655 0.656250 0.408735 0.656250 0.410815 0.654687 0.412896 0.654687 0.421216 0.648438 0.427456 0.648438 0.427456 0.589062 0.421216 0.589062 0.410815 0.581250 0.408735 0.581250 0.402495 0.576562 0.402495 0.571875
0 0.558501 0.509375 0.558501 0.514062 0.552261 0.518750 0.550181 0.518750 0.548101 0.520312 0.546021 0.520312 0.539780 0.525000 0.537700 0.525000 0.533540 0.528125 0.533540 0.529687 0.527300 0.534375 0.527300 0.535937 0.523140 0.539062 0.523140 0.540625 0.518979 0.543750 0.512739 0.543750 0.512739 0.584375 0.521060 0.584375 0.523140 0.585937 0.523140 0.587500 0.531460 0.593750 0.531460 0.595312 0.550181 0.609375 0.552261 0.609375 0.554341 0.610937 0.556421 0.610937 0.562661 0.615625 0.562661 0.620312 0.602183 0.620312 0.602183 0.615625 0.606343 0.612500 0.608423 0.612500 0.610503 0.610937 0.612583 0.610937 0.614663 0.609375 0.616743 0.609375 0.620903 0.606250 0.622983 0.606250 0.631304 0.600000 0.633384 0.600000 0.635464 0.598437 0.635464 0.596875 0.643784 0.590625 0.643784 0.589062 0.647944 0.585937 0.647944 0.584375 0.650024 0.582812 0.650024 0.579687 0.652104 0.578125 0.652104 0.576562 0.654185 0.575000 0.660425 0.575000 0.660425 0.553125 0.654185 0.553125 0.652104 0.551562 0.652104 0.550000 0.650024 0.548437 0.650024 0.545312 0.647944 0.543750 0.647944 0.542187 0.645864 0.540625 0.645864 0.539062 0.641704 0.535937 0.641704 0.534375 0.637544 0.531250 0.637544 0.529687 0.627144 0.521875 0.625063 0.521875 0.618823 0.517187 0.616743 0.517187 0.612583 0.514062 0.612583 0.509375
2 0.414976 0.359375 0.414976 0.364062 0.410815 0.367188 0.408735 0.367188 0.406655 0.368750 0.404575 0.368750 0.398335 0.373437 0.396255 0.373437 0.394175 0.375000 0.392095 0.375000 0.390015 0.376562 0.390015 0.378125 0.385854 0.381250 0.383774 0.381250 0.383774 0.382812 0.377534 0.387500 0.377534 0.389062 0.375454 0.390625 0.375454 0.392187 0.373374 0.393750 0.373374 0.395312 0.369214 0.398438 0.362974 0.398438 0.362974 0.428125 0.369214 0.428125 0.373374 0.431250 0.373374 0.432812 0.377534 0.435937 0.377534 0.437500 0.383774 0.442187 0.383774 0.443750 0.387935 0.446875 0.390015 0.446875 0.398335 0.453125 0.400415 0.453125 0.402495 0.454687 0.406655 0.454687 0.408735 0.456250 0.412896 0.456250 0.414976 0.457812 0.417056 0.457812 0.419136 0.459375 0.419136 0.464062 0.458657 0.464062 0.458657 0.459375 0.460737 0.457812 0.462817 0.457812 0.464897 0.456250 0.466978 0.456250 0.469058 0.454687 0.473218 0.454687 0.475298 0.453125 0.481538 0.453125 0.483618 0.451562 0.487778 0.451562 0.487778 0.450000 0.489858 0.448437 0.489858 0.446875 0.491938 0.445312 0.491938 0.443750 0.494019 0.442187 0.494019 0.440625 0.496099 0.439062 0.496099 0.437500 0.498179 0.435937 0.498179 0.434375 0.500259 0.432812 0.500259 0.431250 0.504419 0.428125 0.510659 0.428125 0.510659 0.398438 0.504419 0.398438 0.502339 0.396875 0.502339 0.395312 0.500259 0.393750 0.500259 0.392187 0.496099 0.389062 0.496099 0.387500 0.491938 0.384375 0.491938 0.382812 0.485698 0.378125 0.485698 0.376562 0.483618 0.376562 0.475298 0.370312 0.473218 0.370312 0.471138 0.368750 0.469058 0.368750 0.466978 0.367188 0.464897 0.367188 0.460737 0.364062 0.460737 0.359375
1 0.537700 0.459375 0.543940 0.459375 0.543940 0.453125 0.537700 0.453125 0.537700 0.459375 0.531460 0.473437 0.529380 0.473437 0.514819 0.462500 0.512739 0.462500 0.510659 0.460938 0.508579 0.460938 0.506499 0.459375 0.506499 0.453125 0.458657 0.453125 0.458657 0.457812 0.456577 0.459375 0.454497 0.459375 0.452417 0.460938 0.450337 0.460938 0.448257 0.462500 0.446177 0.462500 0.431616 0.473437 0.431616 0.475000 0.429536 0.476562 0.421216 0.476562 0.421216 0.520312 0.427456 0.520312 0.429536 0.521875 0.429536 0.523437 0.431616 0.525000 0.431616 0.528125 0.448257 0.540625 0.450337 0.540625 0.452417 0.542187 0.454497 0.542187 0.456577 0.543750 0.458657 0.543750 0.462817 0.546875 0.462817 0.551562 0.500259 0.551562 0.500259 0.546875 0.506499 0.542187 0.508579 0.542187 0.510659 0.540625 0.512739 0.540625 0.514819 0.539062 0.514819 0.537500 0.516899 0.535937 0.516899 0.529687 0.514819 0.528125 0.516899 0.526562 0.516899 0.525000 0.518979 0.523437 0.518979 0.521875 0.529380 0.514062 0.529380 0.512500 0.537700 0.506250 0.543940 0.506250 0.543940 0.479687 0.537700 0.479687 0.535620 0.478125 0.535620 0.476562 0.531460 0.473437
1 0.500259 0.240625 0.500259 0.245312 0.496099 0.248437 0.491938 0.248437 0.489858 0.250000 0.487778 0.250000 0.485698 0.251562 0.483618 0.251562 0.460737 0.268750 0.454497 0.268750 0.454497 0.312500 0.460737 0.312500 0.464897 0.315625 0.464897 0.317187 0.466978 0.318750 0.466978 0.320312 0.473218 0.325000 0.473218 0.326562 0.475298 0.328125 0.475298 0.329687 0.479458 0.332812 0.479458 0.334375 0.485698 0.339062 0.485698 0.345312 0.556421 0.345312 0.556421 0.339062 0.558501 0.337500 0.560581 0.337500 0.575142 0.326562 0.575142 0.325000 0.577222 0.323437 0.585542 0.323437 0.585542 0.270312 0.577222 0.270312 0.575142 0.268750 0.575142 0.267187 0.573062 0.265625 0.573062 0.264062 0.564741 0.257812 0.564741 0.256250 0.562661 0.256250 0.556421 0.251562 0.554341 0.251562 0.552261 0.250000 0.550181 0.250000 0.548101 0.248437 0.546021 0.248437 0.541860 0.245312 0.541860 0.240625
2 0.454497 0.578125 0.454497 0.582812 0.448257 0.587500 0.446177 0.587500 0.433696 0.596875 0.433696 0.598437 0.431616 0.600000 0.431616 0.601562 0.427456 0.604687 0.421216 0.604687 0.421216 0.646875 0.427456 0.646875 0.431616 0.650000 0.431616 0.651562 0.435776 0.654687 0.435776 0.656250 0.448257 0.665625 0.450337 0.665625 0.452417 0.667187 0.454497 0.667187 0.460737 0.671875 0.460737 0.676562 0.525220 0.676562 0.525220 0.670312 0.527300 0.668750 0.529380 0.668750 0.543940 0.657812 0.543940 0.656250 0.548101 0.653125 0.548101 0.650000 0.550181 0.648438 0.550181 0.646875 0.552261 0.645312 0.552261 0.643750 0.554341 0.642187 0.560581 0.642187 0.560581 0.620312 0.554341 0.620312 0.550181 0.617188 0.550181 0.614062 0.548101 0.612500 0.548101 0.610937 0.541860 0.606250 0.541860 0.604687 0.523140 0.590625 0.523140 0.589062 0.518979 0.585937 0.518979 0.578125
2 0.236089 0.528125 0.236089 0.534375 0.234009 0.535937 0.231929 0.535937 0.229849 0.537500 0.225688 0.537500 0.219448 0.542187 0.217368 0.542187 0.213208 0.545312 0.211128 0.545312 0.211128 0.546875 0.202808 0.553125 0.202808 0.554687 0.198647 0.557812 0.198647 0.559375 0.194487 0.562500 0.188247 0.562500 0.188247 0.601562 0.194487 0.601562 0.198647 0.604687 0.198647 0.606250 0.200728 0.607813 0.200728 0.609375 0.209048 0.615625 0.209048 0.617188 0.213208 0.620312 0.215288 0.620312 0.219448 0.623438 0.221528 0.623438 0.227769 0.628125 0.227769 0.632812 0.288091 0.632812 0.288091 0.628125 0.298491 0.620312 0.298491 0.618750 0.304731 0.614062 0.304731 0.612500 0.313052 0.606250 0.319292 0.606250 0.319292 0.553125 0.313052 0.553125 0.292251 0.537500 0.290171 0.537500 0.288091 0.535937 0.286011 0.535937 0.281851 0.532812 0.281851 0.528125
2 0.629224 0.596875 0.629224 0.601562 0.614663 0.612500 0.614663 0.614062 0.610503 0.617188 0.608423 0.617188 0.608423 0.618750 0.606343 0.620312 0.606343 0.621875 0.593862 0.631250 0.587622 0.631250 0.587622 0.673437 0.593862 0.673437 0.610503 0.685937 0.612583 0.685937 0.618823 0.690625 0.620903 0.690625 0.622983 0.692187 0.625063 0.692187 0.627144 0.693750 0.631304 0.693750 0.635464 0.696875 0.635464 0.701562 0.685386 0.701562 0.685386 0.695312 0.687466 0.693750 0.689546 0.693750 0.693706 0.690625 0.695786 0.690625 0.712427 0.678125 0.712427 0.676562 0.714507 0.675000 0.714507 0.673437 0.716587 0.671875 0.716587 0.670312 0.720747 0.667187 0.726987 0.667187 0.726987 0.632812 0.720747 0.632812 0.716587 0.629687 0.716587 0.628125 0.714507 0.626562 0.714507 0.625000 0.710347 0.621875 0.710347 0.620312 0.704106 0.615625 0.704106 0.614062 0.699946 0.610937 0.697866 0.610937 0.689546 0.604687 0.687466 0.604687 0.683306 0.601562 0.683306 0.596875
2 0.564741 0.403125 0.564741 0.407812 0.560581 0.410937 0.556421 0.410937 0.554341 0.412500 0.552261 0.412500 0.535620 0.425000 0.535620 0.426562 0.533540 0.428125 0.533540 0.429688 0.527300 0.434375 0.521060 0.434375 0.521060 0.475000 0.529380 0.475000 0.533540 0.478125 0.533540 0.479687 0.535620 0.481250 0.535620 0.482812 0.537700 0.484375 0.537700 0.485937 0.539780 0.487500 0.539780 0.489062 0.543940 0.492188 0.552261 0.492188 0.554341 0.493750 0.556421 0.493750 0.558501 0.495312 0.560581 0.495312 0.562661 0.496875 0.564741 0.496875 0.566821 0.498437 0.568901 0.498437 0.570981 0.500000 0.573062 0.500000 0.577222 0.503125 0.577222 0.507812 0.606343 0.507812 0.606343 0.503125 0.608423 0.501562 0.610503 0.501562 0.612583 0.500000 0.616743 0.500000 0.618823 0.498437 0.620903 0.498437 0.622983 0.496875 0.625063 0.496875 0.629224 0.493750 0.631304 0.493750 0.641704 0.485937 0.643784 0.485937 0.645864 0.484375 0.645864 0.482812 0.654185 0.476562 0.660425 0.476562 0.660425 0.434375 0.654185 0.434375 0.647944 0.429688 0.647944 0.428125 0.643784 0.425000 0.643784 0.423437 0.631304 0.414062 0.629224 0.414062 0.625063 0.410937 0.622983 0.410937 0.618823 0.407812 0.618823 0.403125
1 0.442017 0.896875 0.442017 0.901562 0.437856 0.904687 0.435776 0.904687 0.433696 0.906250 0.433696 0.907812 0.431616 0.909375 0.431616 0.910937 0.429536 0.912500 0.429536 0.917187 0.427456 0.918750 0.427456 0.923437 0.425376 0.925000 0.425376 0.928125 0.423296 0.929688 0.423296 0.934375 0.421216 0.935937 0.421216 0.937500 0.419136 0.939062 0.419136 0.942187 0.417056 0.943750 0.417056 0.945312 0.414976 0.946875 0.414976 0.950000 0.412896 0.951562 0.412896 0.953125 0.410815 0.954687 0.404575 0.954687 0.404575 0.998437 0.510659 0.998437 0.510659 0.968750 0.504419 0.968750 0.500259 0.965625 0.500259 0.960938 0.498179 0.959375 0.498179 0.953125 0.500259 0.951562 0.500259 0.950000 0.504419 0.946875 0.510659 0.946875 0.504419 0.946875 0.496099 0.940625 0.496099 0.939062 0.491938 0.935937 0.491938 0.934375 0.489858 0.932812 0.489858 0.931250 0.487778 0.929688 0.487778 0.925000 0.485698 0.923437 0.485698 0.918750 0.483618 0.917187 0.483618 0.914062 0.481538 0.912500 0.481538 0.910937 0.479458 0.909375 0.479458 0.907812 0.477378 0.906250 0.477378 0.904687 0.475298 0.903125 0.475298 0.896875
1 0.263130 0.815625 0.263130 0.929688 0.269370 0.929688 0.273530 0.932812 0.273530 0.934375 0.275610 0.935937 0.275610 0.937500 0.283931 0.943750 0.283931 0.945312 0.296411 0.954687 0.298491 0.954687 0.304731 0.959375 0.306812 0.959375 0.308892 0.960938 0.310972 0.960938 0.317212 0.965625 0.317212 0.970312 0.371294 0.970312 0.371294 0.965625 0.375454 0.962500 0.377534 0.962500 0.381694 0.959375 0.383774 0.959375 0.387935 0.956250 0.392095 0.956250 0.394175 0.954687 0.400415 0.954687 0.402495 0.953125 0.406655 0.953125 0.410815 0.950000 0.410815 0.948437 0.412896 0.946875 0.412896 0.945312 0.414976 0.943750 0.414976 0.942187 0.417056 0.940625 0.417056 0.939062 0.421216 0.935937 0.427456 0.935937 0.427456 0.882812 0.419136 0.882812 0.414976 0.879687 0.412896 0.879687 0.408735 0.876562 0.406655 0.876562 0.404575 0.875000 0.400415 0.875000 0.398335 0.873437 0.396255 0.873437 0.390015 0.868750 0.390015 0.867188 0.387935 0.865625 0.387935 0.862500 0.383774 0.859375 0.383774 0.857812 0.381694 0.856250 0.381694 0.854687 0.379614 0.853125 0.379614 0.851562 0.373374 0.846875 0.373374 0.845312 0.358813 0.834375 0.356733 0.834375 0.350493 0.829687 0.348413 0.829687 0.344253 0.826562 0.340093 0.826562 0.338013 0.825000 0.335933 0.825000 0.333853 0.823437 0.331772 0.823437 0.327612 0.820312 0.327612 0.815625
2 0.518979 0.846875 0.518979 0.851562 0.516899 0.853125 0.514819 0.853125 0.512739 0.854687 0.508579 0.854687 0.506499 0.856250 0.504419 0.856250 0.498179 0.860937 0.496099 0.860937 0.491938 0.864062 0.491938 0.865625 0.489858 0.867188 0.489858 0.868750 0.487778 0.870312 0.487778 0.871875 0.485698 0.873437 0.479458 0.873437 0.479458 0.923437 0.485698 0.923437 0.489858 0.926562 0.489858 0.929688 0.491938 0.931250 0.491938 0.932812 0.494019 0.934375 0.494019 0.935937 0.496099 0.937500 0.496099 0.939062 0.502339 0.943750 0.502339 0.945312 0.504419 0.946875 0.506499 0.946875 0.510659 0.950000 0.512739 0.950000 0.514819 0.951562 0.516899 0.951562 0.518979 0.953125 0.521060 0.953125 0.523140 0.954687 0.527300 0.954687 0.529380 0.956250 0.531460 0.956250 0.533540 0.957812 0.535620 0.957812 0.537700 0.959375 0.537700 0.964062 0.643784 0.964062 0.643784 0.959375 0.647944 0.956250 0.654185 0.956250 0.656265 0.954687 0.664585 0.954687 0.666665 0.953125 0.674985 0.953125 0.677065 0.951562 0.681226 0.951562 0.683306 0.950000 0.689546 0.950000 0.691626 0.948437 0.695786 0.948437 0.697866 0.946875 0.699946 0.946875 0.702026 0.945312 0.704106 0.945312 0.706186 0.943750 0.708267 0.943750 0.710347 0.942187 0.712427 0.942187 0.722827 0.934375 0.722827 0.932812 0.729067 0.928125 0.735308 0.928125 0.735308 0.889062 0.729067 0.889062 0.724907 0.885937 0.724907 0.884375 0.722827 0.882812 0.722827 0.879687 0.718667 0.876562 0.718667 0.875000 0.714507 0.871875 0.714507 0.870312 0.695786 0.856250 0.693706 0.856250 0.687466 0.851562 0.687466 0.846875
2 0.500259 0.240625 0.500259 0.245312 0.496099 0.248437 0.491938 0.248437 0.489858 0.250000 0.487778 0.250000 0.485698 0.251562 0.483618 0.251562 0.464897 0.265625 0.464897 0.267187 0.462817 0.268750 0.454497 0.268750 0.454497 0.312500 0.462817 0.312500 0.464897 0.314062 0.464897 0.317187 0.469058 0.320312 0.469058 0.321875 0.473218 0.325000 0.473218 0.326562 0.475298 0.328125 0.475298 0.329687 0.479458 0.332812 0.479458 0.334375 0.487778 0.340625 0.489858 0.340625 0.494019 0.343750 0.498179 0.343750 0.502339 0.346875 0.502339 0.351562 0.537700 0.351562 0.537700 0.346875 0.541860 0.343750 0.543940 0.343750 0.546021 0.342187 0.550181 0.342187 0.552261 0.340625 0.554341 0.340625 0.558501 0.337500 0.560581 0.337500 0.575142 0.326562 0.575142 0.325000 0.577222 0.323437 0.585542 0.323437 0.585542 0.271875 0.579302 0.271875 0.575142 0.268750 0.575142 0.267187 0.573062 0.265625 0.573062 0.264062 0.556421 0.251562 0.554341 0.251562 0.552261 0.250000 0.550181 0.250000 0.548101 0.248437 0.546021 0.248437 0.541860 0.245312 0.541860 0.240625