1 0.680708 0.403125 0.680708 0.407812 0.684868 0.410937 0.689028 0.410937 0.691108 0.412500 0.693188 0.412500 0.695269 0.414062 0.697349 0.414062 0.703589 0.418750 0.705669 0.418750 0.718149 0.428125 0.718149 0.429688 0.722310 0.432812 0.722310 0.434375 0.726470 0.437500 0.726470 0.439062 0.730630 0.442187 0.736870 0.442187 0.736870 0.481250 0.728550 0.481250 0.718149 0.489062 0.713989 0.489062 0.711909 0.490625 0.709829 0.490625 0.703589 0.495312 0.701509 0.495312 0.699429 0.496875 0.697349 0.496875 0.695269 0.498437 0.693188 0.498437 0.691108 0.500000 0.686948 0.500000 0.684868 0.501562 0.682788 0.501562 0.680708 0.503125 0.680708 0.507812 0.630786 0.507812 0.630786 0.503125 0.624546 0.498437 0.622466 0.498437 0.620386 0.496875 0.618306 0.496875 0.612065 0.492188 0.612065 0.490625 0.607905 0.487500 0.607905 0.485937 0.605825 0.484375 0.597505 0.484375 0.597505 0.434375 0.603745 0.434375 0.609985 0.429688 0.609985 0.428125 0.622466 0.418750 0.624546 0.418750 0.628706 0.415625 0.630786 0.415625 0.632866 0.414062 0.634946 0.414062 0.637026 0.412500 0.641187 0.412500 0.643267 0.410937 0.645347 0.410937 0.647427 0.409375 0.649507 0.409375 0.651587 0.407812 0.651587 0.403125
0 0.632866 0.578125 0.632866 0.582812 0.637026 0.585937 0.639106 0.585937 0.647427 0.592187 0.649507 0.592187 0.657827 0.598437 0.659907 0.598437 0.659907 0.600000 0.664067 0.603125 0.670308 0.603125 0.670308 0.656250 0.661987 0.656250 0.659907 0.657812 0.659907 0.659375 0.655747 0.662500 0.655747 0.664062 0.649507 0.668750 0.647427 0.668750 0.643267 0.671875 0.641187 0.671875 0.639106 0.673437 0.637026 0.673437 0.634946 0.675000 0.632866 0.675000 0.628706 0.678125 0.628706 0.682812 0.578784 0.682812 0.578784 0.676562 0.576704 0.675000 0.574624 0.675000 0.572544 0.673437 0.570464 0.673437 0.553823 0.660937 0.553823 0.659375 0.551743 0.657812 0.551743 0.656250 0.545503 0.651562 0.539263 0.651562 0.539263 0.604687 0.545503 0.604687 0.562144 0.592187 0.564224 0.592187 0.566304 0.590625 0.568384 0.590625 0.574624 0.585937 0.576704 0.585937 0.580864 0.582812 0.580864 0.578125
0 0.568384 0.403125 0.568384 0.407812 0.574624 0.412500 0.576704 0.412500 0.587104 0.420312 0.589185 0.420312 0.589185 0.421875 0.597505 0.428125 0.603745 0.428125 0.603745 0.489062 0.595425 0.489062 0.582944 0.498437 0.580864 0.498437 0.578784 0.500000 0.576704 0.500000 0.574624 0.501562 0.572544 0.501562 0.570464 0.503125 0.570464 0.507812 0.512222 0.507812 0.512222 0.503125 0.510142 0.501562 0.508062 0.501562 0.505981 0.500000 0.501821 0.500000 0.499741 0.498437 0.495581 0.498437 0.481021 0.487500 0.481021 0.485937 0.476860 0.482812 0.476860 0.479687 0.474780 0.478125 0.474780 0.476562 0.470620 0.473437 0.464380 0.473437 0.464380 0.437500 0.470620 0.437500 0.474780 0.434375 0.474780 0.432812 0.476860 0.431250 0.476860 0.429688 0.478940 0.428125 0.478940 0.426562 0.485181 0.421875 0.485181 0.420312 0.489341 0.417187 0.491421 0.417187 0.497661 0.412500 0.499741 0.412500 0.501821 0.410937 0.503901 0.410937 0.505981 0.409375 0.505981 0.403125
1 0.562144 0.496875 0.562144 0.501562 0.576704 0.512500 0.578784 0.512500 0.589185 0.520312 0.589185 0.521875 0.597505 0.528125 0.603745 0.528125 0.603745 0.565625 0.597505 0.565625 0.593345 0.568750 0.593345 0.570312 0.589185 0.573437 0.589185 0.575000 0.585024 0.578125 0.582944 0.578125 0.574624 0.584375 0.572544 0.584375 0.566304 0.589062 0.564224 0.589062 0.562144 0.590625 0.560064 0.590625 0.553823 0.595312 0.553823 0.601562 0.503901 0.601562 0.503901 0.596875 0.495581 0.590625 0.491421 0.590625 0.489341 0.589062 0.487261 0.589062 0.483101 0.585937 0.481021 0.585937 0.472700 0.579687 0.472700 0.578125 0.468540 0.575000 0.468540 0.573437 0.466460 0.571875 0.466460 0.568750 0.462300 0.565625 0.456060 0.565625 0.456060 0.531250 0.462300 0.531250 0.466460 0.528125 0.466460 0.526562 0.468540 0.525000 0.468540 0.523437 0.474780 0.518750 0.474780 0.517187 0.487261 0.507812 0.489341 0.507812 0.491421 0.506250 0.493501 0.506250 0.495581 0.504687 0.499741 0.504687 0.503901 0.501562 0.503901 0.496875
1 0.262612 0.540625 0.262612 0.545312 0.266773 0.548437 0.268853 0.548437 0.270933 0.550000 0.273013 0.550000 0.275093 0.551562 0.277173 0.551562 0.293814 0.564062 0.293814 0.565625 0.297974 0.568750 0.304214 0.568750 0.304214 0.615625 0.297974 0.615625 0.291733 0.620312 0.291733 0.621875 0.273013 0.635937 0.270933 0.635937 0.268853 0.637500 0.266773 0.637500 0.262612 0.640625 0.258452 0.640625 0.256372 0.642187 0.252212 0.642187 0.250132 0.643750 0.245972 0.643750 0.241812 0.646875 0.241812 0.651562 0.204370 0.651562 0.204370 0.646875 0.200210 0.643750 0.196050 0.643750 0.193970 0.642187 0.191890 0.642187 0.189810 0.640625 0.187730 0.640625 0.185649 0.639062 0.183569 0.639062 0.179409 0.635937 0.177329 0.635937 0.169009 0.629687 0.169009 0.628125 0.164849 0.625000 0.164849 0.623438 0.162769 0.621875 0.162769 0.620312 0.160689 0.618750 0.160689 0.617188 0.158608 0.615625 0.158608 0.612500 0.154448 0.609375 0.148208 0.609375 0.148208 0.579687 0.154448 0.579687 0.158608 0.576562 0.158608 0.573437 0.160689 0.571875 0.160689 0.568750 0.162769 0.567187 0.162769 0.565625 0.169009 0.560937 0.169009 0.559375 0.179409 0.551562 0.181489 0.551562 0.185649 0.548437 0.187730 0.548437 0.191890 0.545312 0.191890 0.540625
2 0.722310 0.503125 0.722310 0.507812 0.730630 0.514062 0.732710 0.514062 0.734790 0.515625 0.734790 0.517187 0.741030 0.521875 0.741030 0.523437 0.747271 0.528125 0.753511 0.528125 0.753511 0.571875 0.747271 0.571875 0.743110 0.575000 0.743110 0.576562 0.738950 0.579687 0.738950 0.581250 0.728550 0.589062 0.726470 0.589062 0.722310 0.592187 0.720230 0.592187 0.713989 0.596875 0.713989 0.601562 0.672388 0.601562 0.672388 0.596875 0.668228 0.593750 0.666147 0.593750 0.664067 0.592187 0.661987 0.592187 0.659907 0.590625 0.657827 0.590625 0.655747 0.589062 0.653667 0.589062 0.651587 0.587500 0.649507 0.587500 0.647427 0.585937 0.645347 0.585937 0.634946 0.578125 0.632866 0.578125 0.630786 0.576562 0.630786 0.575000 0.626626 0.571875 0.626626 0.570312 0.620386 0.565625 0.614146 0.565625 0.614146 0.528125 0.622466 0.528125 0.624546 0.526562 0.624546 0.525000 0.626626 0.523437 0.626626 0.521875 0.634946 0.515625 0.634946 0.514062 0.639106 0.510937 0.643267 0.510937 0.647427 0.507812 0.647427 0.503125
2 0.491421 0.584375 0.491421 0.589062 0.495581 0.592187 0.497661 0.592187 0.501821 0.595312 0.503901 0.595312 0.508062 0.598437 0.510142 0.598437 0.526782 0.610937 0.526782 0.612500 0.528862 0.614062 0.537183 0.614062 0.537183 0.659375 0.528862 0.659375 0.526782 0.660937 0.526782 0.662500 0.524702 0.664062 0.524702 0.665625 0.522622 0.667187 0.522622 0.668750 0.516382 0.673437 0.516382 0.675000 0.505981 0.682812 0.503901 0.682812 0.501821 0.684375 0.499741 0.684375 0.497661 0.685937 0.495581 0.685937 0.493501 0.687500 0.491421 0.687500 0.487261 0.690625 0.487261 0.695312 0.435259 0.695312 0.435259 0.690625 0.431099 0.687500 0.429019 0.687500 0.426938 0.685937 0.424858 0.685937 0.422778 0.684375 0.420698 0.684375 0.414458 0.679688 0.412378 0.679688 0.410298 0.678125 0.410298 0.676562 0.401978 0.670312 0.401978 0.668750 0.399897 0.667187 0.399897 0.665625 0.395737 0.662500 0.389497 0.662500 0.389497 0.615625 0.395737 0.615625 0.399897 0.612500 0.399897 0.610937 0.404058 0.607813 0.404058 0.606250 0.414458 0.598437 0.416538 0.598437 0.422778 0.593750 0.424858 0.593750 0.426938 0.592187 0.429019 0.592187 0.433179 0.589062 0.433179 0.584375
1 0.780552 0.028125 0.780552 0.032812 0.784712 0.035937 0.788872 0.035937 0.790952 0.037500 0.793032 0.037500 0.795112 0.039062 0.797192 0.039062 0.801353 0.042187 0.803433 0.042187 0.805513 0.043750 0.807593 0.043750 0.811753 0.046875 0.813833 0.046875 0.817993 0.050000 0.820073 0.050000 0.826313 0.054688 0.828394 0.054688 0.830474 0.056250 0.832554 0.056250 0.840874 0.062500 0.842954 0.062500 0.857515 0.073437 0.857515 0.075000 0.865835 0.081250 0.865835 0.082812 0.869995 0.085938 0.869995 0.087500 0.876235 0.092187 0.876235 0.093750 0.878315 0.095312 0.878315 0.096875 0.882476 0.100000 0.882476 0.101562 0.888716 0.106250 0.894956 0.106250 0.894956 0.196875 0.884556 0.196875 0.882476 0.198437 0.880396 0.198437 0.878315 0.200000 0.878315 0.201562 0.876235 0.203125 0.876235 0.204687 0.867915 0.210938 0.865835 0.210938 0.861675 0.214062 0.859595 0.214062 0.857515 0.215625 0.857515 0.220312 0.718149 0.220312 0.718149 0.215625 0.713989 0.212500 0.711909 0.212500 0.709829 0.210938 0.707749 0.210938 0.705669 0.209375 0.703589 0.209375 0.701509 0.207812 0.697349 0.207812 0.697349 0.206250 0.695269 0.204687 0.695269 0.201562 0.697349 0.200000 0.699429 0.200000 0.701509 0.198437 0.703589 0.198437 0.713989 0.190625 0.713989 0.189062 0.711909 0.187500 0.711909 0.185937 0.709829 0.184375 0.709829 0.178125 0.707749 0.176562 0.707749 0.173437 0.705669 0.171875 0.705669 0.170312 0.701509 0.167187 0.699429 0.167187 0.699429 0.165625 0.693188 0.160937 0.693188 0.159375 0.686948 0.154687 0.686948 0.153125 0.684868 0.151562 0.682788 0.151562 0.678628 0.148437 0.676548 0.148437 0.672388 0.145312 0.670308 0.145312 0.668228 0.143750 0.664067 0.143750 0.659907 0.140625 0.657827 0.140625 0.653667 0.137500 0.651587 0.137500 0.643267 0.131250 0.641187 0.131250 0.634946 0.126562 0.634946 0.125000 0.628706 0.120312 0.628706 0.118750 0.626626 0.117188 0.626626 0.115625 0.624546 0.114062 0.624546 0.110937 0.620386 0.107812 0.614146 0.107812 0.614146 0.070312 0.620386 0.070312 0.622466 0.068750 0.622466 0.067187 0.624546 0.065625 0.624546 0.064062 0.626626 0.062500 0.626626 0.060937 0.628706 0.059375 0.628706 0.057812 0.643267 0.046875 0.645347 0.046875 0.647427 0.045312 0.649507 0.045312 0.651587 0.043750 0.653667 0.043750 0.655747 0.042187 0.657827 0.042187 0.659907 0.040625 0.661987 0.040625 0.664067 0.039062 0.666147 0.039062 0.668228 0.037500 0.672388 0.037500 0.674468 0.035937 0.678628 0.035937 0.682788 0.032812 0.682788 0.028125
2 0.408218 0.384375 0.408218 0.389062 0.412378 0.392187 0.414458 0.392187 0.416538 0.393750 0.418618 0.393750 0.426938 0.400000 0.429019 0.400000 0.435259 0.404687 0.435259 0.406250 0.441499 0.410937 0.441499 0.412500 0.443579 0.414062 0.443579 0.417187 0.447739 0.420312 0.453979 0.420312 0.453979 0.453125 0.447739 0.453125 0.443579 0.456250 0.443579 0.459375 0.439419 0.462500 0.439419 0.464062 0.431099 0.470312 0.431099 0.471875 0.429019 0.473437 0.426938 0.473437 0.418618 0.479687 0.416538 0.479687 0.410298 0.484375 0.410298 0.489062 0.352056 0.489062 0.352056 0.484375 0.345815 0.479687 0.343735 0.479687 0.341655 0.478125 0.339575 0.478125 0.325015 0.467187 0.325015 0.465625 0.320855 0.462500 0.320855 0.460938 0.318774 0.459375 0.318774 0.456250 0.316694 0.454687 0.316694 0.451562 0.314614 0.450000 0.314614 0.448437 0.312534 0.446875 0.306294 0.446875 0.306294 0.426562 0.312534 0.426562 0.314614 0.425000 0.314614 0.423437 0.316694 0.421875 0.316694 0.420312 0.318774 0.418750 0.318774 0.415625 0.322935 0.412500 0.322935 0.410937 0.327095 0.407812 0.327095 0.406250 0.331255 0.403125 0.331255 0.401562 0.335415 0.398438 0.337495 0.398438 0.341655 0.395312 0.343735 0.395312 0.347896 0.392187 0.349976 0.392187 0.354136 0.389062 0.354136 0.384375
2 0.741030 0.621875 0.741030 0.626562 0.745190 0.629687 0.749351 0.629687 0.751431 0.631250 0.753511 0.631250 0.761831 0.637500 0.763911 0.637500 0.774312 0.645312 0.774312 0.646875 0.780552 0.651562 0.786792 0.651562 0.786792 0.696875 0.780552 0.696875 0.774312 0.701562 0.774312 0.703125 0.770151 0.706250 0.770151 0.707812 0.759751 0.715625 0.757671 0.715625 0.753511 0.718750 0.751431 0.718750 0.749351 0.720312 0.749351 0.726562 0.697349 0.726562 0.697349 0.721875 0.691108 0.717187 0.689028 0.717187 0.686948 0.715625 0.684868 0.715625 0.668228 0.703125 0.668228 0.701562 0.664067 0.698437 0.664067 0.696875 0.661987 0.695312 0.661987 0.693750 0.659907 0.692187 0.659907 0.689062 0.657827 0.687500 0.657827 0.684375 0.653667 0.681250 0.647427 0.681250 0.647427 0.664062 0.655747 0.664062 0.659907 0.660937 0.659907 0.659375 0.661987 0.657812 0.661987 0.656250 0.664067 0.654687 0.664067 0.653125 0.666147 0.651562 0.666147 0.650000 0.668228 0.648438 0.668228 0.646875 0.672388 0.643750 0.672388 0.642187 0.676548 0.639062 0.676548 0.637500 0.684868 0.631250 0.686948 0.631250 0.689028 0.629687 0.691108 0.629687 0.695269 0.626562 0.695269 0.621875
2 0.630786 0.315625 0.630786 0.321875 0.632866 0.323437 0.634946 0.323437 0.637026 0.325000 0.641187 0.325000 0.643267 0.326562 0.645347 0.326562 0.649507 0.329687 0.651587 0.329687 0.666147 0.340625 0.666147 0.342187 0.668228 0.343750 0.668228 0.345312 0.672388 0.348437 0.678628 0.348437 0.678628 0.392187 0.672388 0.392187 0.666147 0.396875 0.666147 0.398438 0.661987 0.401562 0.659907 0.401562 0.655747 0.404687 0.653667 0.404687 0.651587 0.406250 0.649507 0.406250 0.645347 0.409375 0.641187 0.409375 0.639106 0.410937 0.637026 0.410937 0.634946 0.412500 0.632866 0.412500 0.628706 0.415625 0.624546 0.415625 0.622466 0.417187 0.620386 0.417187 0.618306 0.418750 0.616226 0.418750 0.612065 0.421875 0.612065 0.426562 0.591265 0.426562 0.591265 0.421875 0.589185 0.420312 0.589185 0.418750 0.585024 0.415625 0.582944 0.415625 0.574624 0.409375 0.572544 0.409375 0.568384 0.406250 0.566304 0.406250 0.564224 0.404687 0.562144 0.404687 0.557983 0.401562 0.555903 0.401562 0.551743 0.398438 0.551743 0.396875 0.545503 0.392187 0.539263 0.392187 0.539263 0.351562 0.545503 0.351562 0.549663 0.348437 0.549663 0.346875 0.551743 0.345312 0.551743 0.343750 0.553823 0.342187 0.553823 0.340625 0.562144 0.334375 0.562144 0.332812 0.564224 0.331250 0.566304 0.331250 0.572544 0.326562 0.574624 0.326562 0.576704 0.325000 0.578784 0.325000 0.580864 0.323437 0.582944 0.323437 0.587104 0.320312 0.587104 0.315625
1 0.976079 0.934375 0.976079 0.942187 0.978159 0.943750 0.978159 0.945312 0.982319 0.948437 0.982319 0.951562 0.984399 0.953125 0.984399 0.956250 0.986479 0.957812 0.986479 0.959375 0.990640 0.962500 0.990640 0.965625 0.992720 0.967187 0.992720 0.968750 0.994800 0.970312 0.994800 0.971875 0.996880 0.973437 1.000000 0.973437 1.000000 0.998437 0.847114 0.998437 0.847114 0.990625 0.855435 0.990625 0.857515 0.989062 0.859595 0.989062 0.865835 0.984375 0.867915 0.984375 0.872075 0.981250 0.874155 0.981250 0.878315 0.978125 0.880396 0.978125 0.886636 0.973437 0.888716 0.973437 0.890796 0.971875 0.892876 0.971875 0.897036 0.968750 0.899116 0.968750 0.901196 0.967187 0.903276 0.967187 0.909517 0.962500 0.911597 0.962500 0.913677 0.960938 0.915757 0.960938 0.919917 0.957812 0.921997 0.957812 0.926157 0.954687 0.928237 0.954687 0.932397 0.951562 0.934478 0.951562 0.936558 0.950000 0.938638 0.950000 0.942798 0.946875 0.944878 0.946875 0.951118 0.942187 0.955278 0.942187 0.957358 0.940625 0.957358 0.934375
2 0.595425 0.795312 0.595425 0.792187 0.593345 0.790625 0.595425 0.789062 0.597505 0.789062 0.599585 0.787500 0.603745 0.787500 0.605825 0.785937 0.609985 0.785937 0.612065 0.784375 0.626626 0.784375 0.628706 0.782812 0.632866 0.782812 0.634946 0.784375 0.653667 0.784375 0.655747 0.785937 0.674468 0.785937 0.676548 0.787500 0.682788 0.787500 0.684868 0.789062 0.686948 0.789062 0.691108 0.792187 0.691108 0.793750 0.701509 0.801562 0.703589 0.801562 0.703589 0.803125 0.707749 0.806250 0.707749 0.807812 0.711909 0.810937 0.711909 0.812500 0.713989 0.814062 0.713989 0.818750 0.711909 0.818750 0.709829 0.820312 0.699429 0.820312 0.697349 0.818750 0.695269 0.818750 0.693188 0.817187 0.689028 0.817187 0.680708 0.810937 0.680708 0.809375 0.676548 0.806250 0.674468 0.806250 0.664067 0.798437 0.643267 0.798437 0.641187 0.800000 0.632866 0.800000 0.630786 0.801562 0.628706 0.801562 0.626626 0.800000 0.620386 0.800000 0.618306 0.798437 0.616226 0.798437 0.614146 0.796875 0.597505 0.796875 0.595425 0.795312 0.081646 0.795312 0.067085 0.806250 0.065005 0.806250 0.050444 0.817187 0.050444 0.818750 0.046284 0.821875 0.046284 0.823437 0.033804 0.832812 0.031724 0.832812 0.023403 0.839062 0.021323 0.839062 0.015083 0.843750 0.006763 0.843750 0.006763 0.998437 0.845034 0.998437 0.845034 0.996875 0.847114 0.995312 0.849194 0.995312 0.853354 0.992188 0.861675 0.992188 0.861675 0.851562 0.855435 0.851562 0.853354 0.853125 0.849194 0.853125 0.842954 0.857812 0.842954 0.859375 0.840874 0.860937 0.840874 0.862500 0.838794 0.864062 0.838794 0.868750 0.840874 0.870312 0.840874 0.871875 0.838794 0.873437 0.838794 0.875000 0.485181 0.778125 0.485181 0.776562 0.489341 0.773438 0.495581 0.773438 0.497661 0.771875 0.493501 0.768750 0.485181 0.768750 0.483101 0.767187 0.478940 0.767187 0.476860 0.765625 0.470620 0.765625 0.468540 0.764062 0.462300 0.764062 0.460220 0.765625 0.447739 0.765625 0.445659 0.767187 0.439419 0.767187 0.437339 0.768750 0.435259 0.768750 0.433179 0.770312 0.410298 0.770312 0.408218 0.768750 0.393657 0.768750 0.391577 0.767187 0.379097 0.767187 0.377017 0.765625 0.362456 0.765625 0.360376 0.764062 0.360376 0.759375 0.530942 0.759375 0.530942 0.764062 0.528862 0.765625 0.526782 0.764062 0.520542 0.764062 0.518462 0.765625 0.518462 0.767187 0.516382 0.768750 0.516382 0.770312 0.512222 0.773438 0.508062 0.773438 0.503901 0.776562 0.499741 0.776562 0.497661 0.778125 0.485181 0.778125 0.838794 0.875000 0.836714 0.876562 0.834634 0.876562 0.834634 0.879687 0.836714 0.881250 0.836714 0.885937 0.834634 0.887500 0.830474 0.887500 0.828394 0.889062 0.828394 0.890625 0.830474 0.890625 0.832554 0.889062 0.834634 0.889062 0.836714 0.887500 0.840874 0.887500 0.842954 0.889062 0.845034 0.889062 0.849194 0.892187 0.849194 0.903125 0.845034 0.906250 0.845034 0.907812 0.842954 0.909375 0.842954 0.912500 0.840874 0.914062 0.840874 0.915625 0.838794 0.917187 0.838794 0.918750 0.836714 0.920312 0.836714 0.921875 0.832554 0.925000 0.832554 0.926562 0.820073 0.935937 0.817993 0.935937 0.815913 0.937500 0.813833 0.937500 0.811753 0.939062 0.801353 0.939062 0.799272 0.940625 0.799272 0.943750 0.803433 0.946875 0.803433 0.951562 0.799272 0.954687 0.797192 0.954687 0.795112 0.956250 0.793032 0.954687 0.790952 0.954687 0.788872 0.953125 0.786792 0.953125 0.784712 0.951562 0.780552 0.951562 0.778472 0.950000 0.776392 0.950000 0.770151 0.945312 0.763911 0.945312 0.757671 0.940625 0.757671 0.939062 0.755591 0.939062 0.753511 0.937500 0.753511 0.935937 0.747271 0.931250 0.747271 0.929688 0.743110 0.926562 0.743110 0.925000 0.726470 0.912500 0.726470 0.910937 0.724390 0.910937 0.709829 0.900000 0.709829 0.898438 0.666147 0.865625 0.664067 0.865625 0.657827 0.860937 0.653667 0.860937 0.647427 0.856250 0.641187 0.856250 0.639106 0.854687 0.634946 0.854687 0.626626 0.848437 0.624546 0.848437 0.620386 0.845312 0.618306 0.845312 0.616226 0.843750 0.614146 0.843750 0.612065 0.842187 0.607905 0.842187 0.605825 0.840625 0.603745 0.840625 0.599585 0.837500 0.597505 0.837500 0.587104 0.829687 0.585024 0.829687 0.580864 0.826562 0.580864 0.825000 0.574624 0.820312 0.574624 0.818750 0.572544 0.817187 0.572544 0.815625 0.570464 0.814062 0.570464 0.812500 0.568384 0.810937 0.566304 0.810937 0.564224 0.809375 0.562144 0.809375 0.560064 0.807812 0.557983 0.807812 0.555903 0.806250 0.541343 0.806250 0.539263 0.807812 0.537183 0.806250 0.533022 0.806250 0.530942 0.804688 0.528862 0.804688 0.524702 0.801562 0.522622 0.801562 0.518462 0.798437 0.518462 0.792187 0.520542 0.790625 0.520542 0.789062 0.512222 0.789062 0.508062 0.792187 0.505981 0.792187 0.503901 0.793750 0.499741 0.793750 0.495581 0.796875 0.493501 0.796875 0.491421 0.795312 0.487261 0.795312 0.485181 0.793750 0.483101 0.793750 0.481021 0.792187 0.478940 0.792187 0.472700 0.787500 0.470620 0.787500 0.468540 0.785937 0.464380 0.785937 0.462300 0.784375 0.451899 0.784375 0.449819 0.782812 0.445659 0.782812 0.443579 0.784375 0.410298 0.784375 0.408218 0.785937 0.374937 0.785937 0.372856 0.784375 0.333335 0.784375 0.331255 0.782812 0.327095 0.782812 0.325015 0.781250 0.322935 0.781250 0.320855 0.779687 0.318774 0.779687 0.316694 0.778125 0.314614 0.778125 0.310454 0.775000 0.308374 0.775000 0.302134 0.770312 0.300054 0.770312 0.297974 0.768750 0.295894 0.768750 0.293814 0.767187 0.289653 0.767187 0.285493 0.764062 0.285493 0.759375 0.164849 0.759375 0.164849 0.764062 0.160689 0.767187 0.154448 0.767187 0.152368 0.768750 0.148208 0.768750 0.146128 0.770312 0.141968 0.770312 0.139888 0.771875 0.137808 0.771875 0.135728 0.773438 0.133648 0.773438 0.131567 0.775000 0.129487 0.775000 0.127407 0.776562 0.125327 0.776562 0.121167 0.779687 0.119087 0.779687 0.117007 0.781250 0.112847 0.781250 0.110767 0.782812 0.108687 0.782812 0.106606 0.784375 0.104526 0.784375 0.100366 0.787500 0.098286 0.787500 0.096206 0.789062 0.094126 0.789062 0.089966 0.792187 0.087886 0.792187 0.083726 0.795312 0.081646 0.795312