1 0.537183 0.321875 0.537183 0.326562 0.541343 0.329687 0.543423 0.329687 0.545503 0.331250 0.547583 0.331250 0.551743 0.334375 0.553823 0.334375 0.557983 0.337500 0.560064 0.337500 0.568384 0.343750 0.568384 0.345312 0.574624 0.350000 0.574624 0.351562 0.578784 0.354687 0.578784 0.356250 0.585024 0.360937 0.585024 0.362500 0.589185 0.365625 0.595425 0.365625 0.595425 0.406250 0.589185 0.406250 0.585024 0.409375 0.585024 0.410937 0.582944 0.412500 0.582944 0.414062 0.576704 0.418750 0.576704 0.420312 0.566304 0.428125 0.564224 0.428125 0.555903 0.434375 0.553823 0.434375 0.549663 0.437500 0.547583 0.437500 0.543423 0.440625 0.543423 0.445312 0.483101 0.445312 0.483101 0.440625 0.476860 0.435937 0.474780 0.435937 0.453979 0.420312 0.453979 0.418750 0.447739 0.414062 0.447739 0.412500 0.445659 0.410937 0.445659 0.407812 0.441499 0.404687 0.441499 0.403125 0.439419 0.401562 0.431099 0.401562 0.431099 0.367188 0.437339 0.367188 0.441499 0.364062 0.441499 0.362500 0.445659 0.359375 0.445659 0.357812 0.451899 0.353125 0.451899 0.351562 0.466460 0.340625 0.468540 0.340625 0.472700 0.337500 0.474780 0.337500 0.483101 0.331250 0.485181 0.331250 0.489341 0.328125 0.491421 0.328125 0.493501 0.326562 0.493501 0.321875
0 0.772231 0.428125 0.772231 0.432812 0.776392 0.435937 0.780552 0.435937 0.784712 0.439062 0.786792 0.439062 0.790952 0.442187 0.793032 0.442187 0.797192 0.445312 0.799272 0.445312 0.813833 0.456250 0.813833 0.457812 0.817993 0.460938 0.817993 0.462500 0.824233 0.467187 0.824233 0.470312 0.826313 0.471875 0.826313 0.473437 0.830474 0.476562 0.836714 0.476562 0.836714 0.517187 0.830474 0.517187 0.826313 0.520312 0.826313 0.521875 0.824233 0.523437 0.824233 0.525000 0.820073 0.528125 0.820073 0.529687 0.813833 0.534375 0.813833 0.535937 0.803433 0.543750 0.801353 0.543750 0.793032 0.550000 0.790952 0.550000 0.786792 0.553125 0.784712 0.553125 0.782632 0.554687 0.780552 0.554687 0.778472 0.556250 0.776392 0.556250 0.772231 0.559375 0.772231 0.564062 0.726470 0.564062 0.726470 0.559375 0.724390 0.557812 0.722310 0.557812 0.720230 0.556250 0.718149 0.556250 0.716069 0.554687 0.713989 0.554687 0.711909 0.553125 0.709829 0.553125 0.707749 0.551562 0.705669 0.551562 0.703589 0.550000 0.701509 0.550000 0.697349 0.546875 0.695269 0.546875 0.682788 0.537500 0.682788 0.535937 0.678628 0.532812 0.678628 0.531250 0.674468 0.528125 0.674468 0.526562 0.668228 0.521875 0.668228 0.518750 0.666147 0.517187 0.666147 0.512500 0.664067 0.510937 0.664067 0.509375 0.661987 0.507812 0.655747 0.507812 0.655747 0.479687 0.661987 0.479687 0.664067 0.478125 0.664067 0.476562 0.666147 0.475000 0.666147 0.471875 0.668228 0.470312 0.668228 0.468750 0.670308 0.467187 0.670308 0.465625 0.672388 0.464062 0.672388 0.462500 0.676548 0.459375 0.676548 0.457812 0.695269 0.443750 0.697349 0.443750 0.703589 0.439062 0.705669 0.439062 0.707749 0.437500 0.709829 0.437500 0.711909 0.435937 0.713989 0.435937 0.716069 0.434375 0.718149 0.434375 0.720230 0.432812 0.720230 0.428125
1 0.258452 0.403125 0.258452 0.407812 0.264692 0.412500 0.266773 0.412500 0.268853 0.414062 0.270933 0.414062 0.279253 0.420312 0.281333 0.420312 0.287573 0.425000 0.289653 0.425000 0.300054 0.432812 0.300054 0.434375 0.308374 0.440625 0.308374 0.442187 0.312534 0.445312 0.312534 0.446875 0.314614 0.448437 0.314614 0.450000 0.318774 0.453125 0.318774 0.454687 0.322935 0.457812 0.329175 0.457812 0.329175 0.495312 0.322935 0.495312 0.316694 0.500000 0.316694 0.501562 0.312534 0.504687 0.312534 0.506250 0.291733 0.521875 0.289653 0.521875 0.287573 0.523437 0.285493 0.523437 0.279253 0.528125 0.279253 0.532812 0.218931 0.532812 0.218931 0.528125 0.216851 0.526562 0.214771 0.526562 0.212690 0.525000 0.208530 0.525000 0.206450 0.523437 0.202290 0.523437 0.200210 0.521875 0.198130 0.521875 0.196050 0.520312 0.193970 0.520312 0.189810 0.517187 0.187730 0.517187 0.183569 0.514062 0.181489 0.514062 0.171089 0.506250 0.171089 0.504687 0.166929 0.501562 0.166929 0.500000 0.162769 0.496875 0.162769 0.495312 0.160689 0.493750 0.160689 0.490625 0.158608 0.489062 0.158608 0.485937 0.154448 0.482812 0.148208 0.482812 0.148208 0.453125 0.154448 0.453125 0.158608 0.450000 0.158608 0.448437 0.160689 0.446875 0.160689 0.445312 0.162769 0.443750 0.162769 0.442187 0.164849 0.440625 0.164849 0.439062 0.171089 0.434375 0.171089 0.432812 0.173169 0.431250 0.175249 0.431250 0.179409 0.428125 0.179409 0.426562 0.181489 0.426562 0.191890 0.418750 0.193970 0.418750 0.200210 0.414062 0.202290 0.414062 0.204370 0.412500 0.206450 0.412500 0.208530 0.410937 0.210610 0.410937 0.214771 0.407812 0.214771 0.403125
0 0.605825 0.546875 0.605825 0.551562 0.609985 0.554687 0.612065 0.554687 0.614146 0.556250 0.616226 0.556250 0.618306 0.557812 0.620386 0.557812 0.626626 0.562500 0.628706 0.562500 0.634946 0.567187 0.637026 0.567187 0.643267 0.571875 0.643267 0.573437 0.645347 0.575000 0.647427 0.575000 0.647427 0.576562 0.651587 0.579687 0.651587 0.581250 0.655747 0.584375 0.655747 0.585937 0.659907 0.589062 0.659907 0.590625 0.664067 0.593750 0.670308 0.593750 0.670308 0.642187 0.664067 0.642187 0.655747 0.648438 0.655747 0.650000 0.647427 0.656250 0.647427 0.657812 0.626626 0.673437 0.624546 0.673437 0.618306 0.678125 0.616226 0.678125 0.612065 0.681250 0.609985 0.681250 0.605825 0.684375 0.605825 0.689062 0.547583 0.689062 0.547583 0.684375 0.543423 0.681250 0.541343 0.681250 0.539263 0.679688 0.537183 0.679688 0.535103 0.678125 0.530942 0.678125 0.526782 0.675000 0.524702 0.675000 0.520542 0.671875 0.518462 0.671875 0.499741 0.657812 0.499741 0.656250 0.495581 0.653125 0.495581 0.651562 0.493501 0.650000 0.493501 0.648438 0.491421 0.646875 0.491421 0.645312 0.487261 0.642187 0.481021 0.642187 0.481021 0.593750 0.487261 0.593750 0.491421 0.590625 0.491421 0.589062 0.493501 0.587500 0.493501 0.585937 0.495581 0.584375 0.495581 0.582812 0.499741 0.579687 0.499741 0.578125 0.522622 0.560937 0.524702 0.560937 0.530942 0.556250 0.533022 0.556250 0.535103 0.554687 0.539263 0.554687 0.543423 0.551562 0.543423 0.546875
1 0.075405 0.315625 0.075405 0.320312 0.079565 0.323437 0.083726 0.323437 0.085806 0.325000 0.087886 0.325000 0.089966 0.326562 0.092046 0.326562 0.096206 0.329687 0.098286 0.329687 0.106606 0.335938 0.108687 0.335938 0.110767 0.337500 0.110767 0.339062 0.119087 0.345312 0.119087 0.346875 0.123247 0.350000 0.129487 0.350000 0.129487 0.421875 0.121167 0.421875 0.119087 0.420312 0.114927 0.420312 0.112847 0.421875 0.110767 0.421875 0.108687 0.423437 0.102446 0.423437 0.100366 0.425000 0.098286 0.425000 0.094126 0.428125 0.094126 0.432812 0.019243 0.432812 0.019243 0.428125 0.015083 0.425000 0.013003 0.425000 0.008843 0.421875 0.006763 0.421875 0.004683 0.420312 0.000000 0.420312 0.000000 0.315625
2 0.472700 0.853125 0.472700 0.857812 0.476860 0.860937 0.483101 0.860937 0.485181 0.862500 0.489341 0.862500 0.491421 0.864062 0.493501 0.864062 0.495581 0.865625 0.497661 0.865625 0.499741 0.867188 0.503901 0.867188 0.505981 0.868750 0.508062 0.868750 0.510142 0.870312 0.512222 0.870312 0.522622 0.878125 0.522622 0.879687 0.537183 0.890625 0.537183 0.892187 0.545503 0.898438 0.545503 0.900000 0.551743 0.904687 0.551743 0.906250 0.560064 0.912500 0.560064 0.914062 0.562144 0.915625 0.570464 0.915625 0.570464 0.959375 0.564224 0.959375 0.560064 0.962500 0.560064 0.965625 0.557983 0.967187 0.557983 0.970312 0.555903 0.971875 0.555903 0.975000 0.553823 0.976562 0.553823 0.979687 0.551743 0.981250 0.551743 0.984375 0.549663 0.985937 0.549663 0.989062 0.547583 0.990625 0.547583 0.992188 0.545503 0.993750 0.545503 0.995312 0.543423 0.996875 0.543423 0.998437 0.314614 0.998437 0.314614 0.982812 0.320855 0.982812 0.327095 0.978125 0.327095 0.976562 0.329175 0.975000 0.329175 0.973437 0.331255 0.971875 0.331255 0.970312 0.335415 0.967187 0.335415 0.965625 0.337495 0.964062 0.337495 0.962500 0.339575 0.960938 0.339575 0.959375 0.343735 0.956250 0.343735 0.954687 0.345815 0.953125 0.345815 0.951562 0.347896 0.950000 0.347896 0.948437 0.349976 0.946875 0.349976 0.945312 0.352056 0.943750 0.352056 0.940625 0.354136 0.939062 0.354136 0.937500 0.358296 0.934375 0.358296 0.932812 0.360376 0.931250 0.360376 0.929688 0.362456 0.928125 0.362456 0.926562 0.364536 0.925000 0.364536 0.923437 0.366616 0.921875 0.366616 0.920312 0.368696 0.918750 0.368696 0.917187 0.370776 0.915625 0.370776 0.914062 0.374937 0.910937 0.374937 0.909375 0.377017 0.907812 0.377017 0.906250 0.379097 0.904687 0.379097 0.903125 0.383257 0.900000 0.383257 0.898438 0.387417 0.895312 0.387417 0.893750 0.393657 0.889062 0.393657 0.887500 0.395737 0.885937 0.395737 0.884375 0.401978 0.879687 0.401978 0.878125 0.410298 0.871875 0.410298 0.870312 0.412378 0.868750 0.412378 0.867188 0.422778 0.859375 0.422778 0.853125
2 0.439419 0.259375 0.439419 0.264062 0.443579 0.267187 0.447739 0.267187 0.449819 0.268750 0.451899 0.268750 0.458140 0.273437 0.460220 0.273437 0.474780 0.284375 0.474780 0.285937 0.476860 0.287500 0.476860 0.289062 0.478940 0.290625 0.487261 0.290625 0.487261 0.332812 0.478940 0.332812 0.476860 0.334375 0.474780 0.334375 0.468540 0.339062 0.466460 0.339062 0.462300 0.342187 0.460220 0.342187 0.458140 0.343750 0.458140 0.345312 0.447739 0.353125 0.447739 0.354687 0.433179 0.365625 0.433179 0.370312 0.387417 0.370312 0.387417 0.365625 0.385337 0.364062 0.379097 0.364062 0.377017 0.362500 0.368696 0.362500 0.364536 0.359375 0.362456 0.359375 0.352056 0.351562 0.352056 0.350000 0.345815 0.345312 0.339575 0.345312 0.339575 0.290625 0.345815 0.290625 0.352056 0.285937 0.352056 0.284375 0.354136 0.282812 0.354136 0.281250 0.356216 0.281250 0.358296 0.279687 0.358296 0.278125 0.362456 0.275000 0.364536 0.275000 0.372856 0.268750 0.374937 0.268750 0.377017 0.267187 0.379097 0.267187 0.383257 0.264062 0.383257 0.259375
1 0.944878 0.957812 0.953198 0.957812 0.953198 0.964062 0.942798 0.964062 0.942798 0.959375 0.944878 0.957812 0.763911 0.821875 0.782632 0.820312 0.782632 0.801562 0.784712 0.800000 0.784712 0.798437 0.790952 0.793750 0.790952 0.792187 0.795112 0.789062 0.795112 0.784375 0.861675 0.784375 0.861675 0.789062 0.869995 0.795312 0.872075 0.795312 0.876235 0.798437 0.878315 0.798437 0.880396 0.800000 0.882476 0.800000 0.884556 0.801562 0.886636 0.801562 0.897036 0.809375 0.901196 0.809375 0.903276 0.810937 0.905356 0.810937 0.907437 0.812500 0.909517 0.812500 0.913677 0.815625 0.913677 0.817187 0.924077 0.825000 0.926157 0.825000 0.930317 0.828125 0.930317 0.831250 0.932397 0.832812 0.932397 0.835938 0.934478 0.837500 0.934478 0.846875 0.940718 0.851562 0.940718 0.854687 0.938638 0.856250 0.938638 0.857812 0.940718 0.859375 0.940718 0.860937 0.942798 0.862500 0.942798 0.864062 0.946958 0.867188 0.953198 0.867188 0.953198 0.907812 0.946958 0.907812 0.942798 0.910937 0.942798 0.912500 0.940718 0.914062 0.940718 0.915625 0.938638 0.917187 0.938638 0.918750 0.932397 0.923437 0.932397 0.925000 0.921997 0.932812 0.921997 0.934375 0.919917 0.935937 0.917837 0.935937 0.915757 0.937500 0.913677 0.937500 0.907437 0.942187 0.907437 0.943750 0.903276 0.946875 0.909517 0.951562 0.909517 0.953125 0.915757 0.957812 0.919917 0.957812 0.921997 0.959375 0.921997 0.964062 0.817993 0.964062 0.817993 0.957812 0.815913 0.956250 0.813833 0.956250 0.807593 0.951562 0.805513 0.951562 0.805513 0.950000 0.803433 0.948437 0.801353 0.948437 0.799272 0.946875 0.797192 0.946875 0.788872 0.940625 0.786792 0.940625 0.776392 0.932812 0.774312 0.932812 0.765991 0.926562 0.763911 0.926562 0.755591 0.920312 0.747271 0.920312 0.747271 0.882812 0.753511 0.882812 0.757671 0.879687 0.757671 0.878125 0.759751 0.876562 0.759751 0.875000 0.782632 0.857812 0.782632 0.856250 0.786792 0.853125 0.786792 0.851562 0.788872 0.850000 0.788872 0.845312 0.786792 0.843750 0.786792 0.831250 0.784712 0.829687 0.784712 0.821875 0.782632 0.820312 0.763911 0.821875 0.757671 0.821875 0.755591 0.820312 0.747271 0.820312 0.747271 0.801562 0.755591 0.801562 0.757671 0.803125 0.757671 0.804688 0.759751 0.806250 0.761831 0.806250 0.765991 0.809375 0.765991 0.810937 0.763911 0.812500 0.763911 0.821875
2 0.391577 0.365625 0.391577 0.370312 0.393657 0.371875 0.397817 0.371875 0.399897 0.373437 0.404058 0.373437 0.406138 0.375000 0.410298 0.375000 0.414458 0.378125 0.416538 0.378125 0.420698 0.381250 0.422778 0.381250 0.426938 0.384375 0.426938 0.385937 0.429019 0.387500 0.431099 0.387500 0.433179 0.389062 0.435259 0.389062 0.437339 0.390625 0.437339 0.392187 0.441499 0.395312 0.441499 0.398438 0.443579 0.400000 0.443579 0.404687 0.447739 0.407812 0.462300 0.407812 0.462300 0.428125 0.451899 0.428125 0.449819 0.429688 0.447739 0.429688 0.445659 0.431250 0.443579 0.431250 0.439419 0.434375 0.443579 0.437500 0.443579 0.442187 0.445659 0.443750 0.445659 0.451562 0.443579 0.453125 0.443579 0.456250 0.441499 0.457812 0.441499 0.459375 0.439419 0.460938 0.439419 0.462500 0.433179 0.467187 0.431099 0.467187 0.422778 0.473437 0.420698 0.473437 0.414458 0.478125 0.414458 0.482812 0.349976 0.482812 0.349976 0.476562 0.347896 0.475000 0.345815 0.475000 0.327095 0.460938 0.327095 0.459375 0.322935 0.456250 0.322935 0.454687 0.320855 0.453125 0.320855 0.451562 0.312534 0.445312 0.306294 0.445312 0.306294 0.395312 0.312534 0.395312 0.327095 0.384375 0.327095 0.382812 0.329175 0.382812 0.339575 0.375000 0.341655 0.375000 0.345815 0.371875 0.345815 0.365625
2 0.605825 0.134375 0.605825 0.139062 0.612065 0.143750 0.614146 0.143750 0.622466 0.150000 0.624546 0.150000 0.626626 0.151562 0.626626 0.153125 0.632866 0.157812 0.632866 0.159375 0.634946 0.160937 0.634946 0.162500 0.637026 0.164062 0.645347 0.164062 0.645347 0.206250 0.637026 0.206250 0.632866 0.209375 0.630786 0.209375 0.628706 0.210938 0.609985 0.210938 0.607905 0.212500 0.572544 0.212500 0.570464 0.214062 0.541343 0.214062 0.539263 0.215625 0.539263 0.220312 0.539263 0.215625 0.537183 0.214062 0.535103 0.214062 0.533022 0.212500 0.530942 0.212500 0.524702 0.207812 0.524702 0.206250 0.520542 0.203125 0.514302 0.203125 0.514302 0.170312 0.520542 0.170312 0.524702 0.167187 0.524702 0.165625 0.526782 0.164062 0.526782 0.162500 0.528862 0.160937 0.528862 0.159375 0.533022 0.156250 0.533022 0.154687 0.537183 0.151562 0.537183 0.150000 0.539263 0.150000 0.547583 0.143750 0.549663 0.143750 0.551743 0.142187 0.553823 0.142187 0.557983 0.139062 0.557983 0.134375
1 0.867915 0.903125 0.867915 0.914062 0.865835 0.914062 0.863755 0.915625 0.861675 0.915625 0.857515 0.918750 0.857515 0.920312 0.855435 0.921875 0.855435 0.923437 0.853354 0.925000 0.853354 0.926562 0.847114 0.926562 0.847114 0.903125 0.867915 0.903125 0.874155 0.903125 0.897036 0.903125 0.897036 0.910937 0.899116 0.912500 0.905356 0.912500 0.909517 0.909375 0.909517 0.903125 0.915757 0.903125 0.915757 0.907812 0.919917 0.910937 0.921997 0.909375 0.921997 0.903125 1.000000 0.903125 1.000000 0.998437 0.884556 0.998437 0.884556 0.996875 0.874155 0.989062 0.872075 0.989062 0.865835 0.984375 0.863755 0.984375 0.853354 0.976562 0.847114 0.976562 0.847114 0.945312 0.853354 0.945312 0.855435 0.946875 0.857515 0.946875 0.859595 0.948437 0.863755 0.948437 0.865835 0.946875 0.867915 0.946875 0.874155 0.942187 0.876235 0.942187 0.878315 0.940625 0.888716 0.940625 0.890796 0.939062 0.892876 0.939062 0.894956 0.937500 0.897036 0.937500 0.899116 0.935937 0.901196 0.935937 0.905356 0.932812 0.905356 0.926562 0.907437 0.925000 0.907437 0.923437 0.909517 0.921875 0.909517 0.918750 0.905356 0.915625 0.901196 0.915625 0.899116 0.914062 0.886636 0.914062 0.884556 0.915625 0.876235 0.915625 0.874155 0.914062 0.874155 0.903125