1 0.371875 0.429167 0.371875 0.435417 0.375000 0.439583 0.376562 0.439583 0.378125 0.441667 0.379687 0.441667 0.385938 0.450000 0.387500 0.450000 0.390625 0.454167 0.390625 0.456250 0.398438 0.466667 0.398438 0.468750 0.400000 0.470833 0.400000 0.472917 0.401563 0.475000 0.401563 0.477083 0.404688 0.481250 0.409375 0.481250 0.409375 0.535417 0.403125 0.535417 0.401563 0.537500 0.400000 0.537500 0.395312 0.543750 0.395312 0.545833 0.385938 0.558333 0.385938 0.560417 0.371875 0.579167 0.370313 0.579167 0.364062 0.587500 0.364062 0.593750 0.310938 0.593750 0.310938 0.585417 0.309375 0.583333 0.307813 0.583333 0.304688 0.579167 0.303125 0.579167 0.298437 0.572917 0.298437 0.570833 0.292188 0.562500 0.292188 0.560417 0.290625 0.558333 0.290625 0.556250 0.289062 0.554167 0.289062 0.550000 0.287500 0.547917 0.287500 0.543750 0.284375 0.539583 0.279688 0.539583 0.279688 0.491667 0.284375 0.491667 0.287500 0.487500 0.287500 0.485417 0.289062 0.483333 0.289062 0.479167 0.290625 0.477083 0.290625 0.475000 0.292188 0.472917 0.292188 0.470833 0.293750 0.468750 0.293750 0.466667 0.295313 0.464583 0.295313 0.462500 0.296875 0.460417 0.296875 0.458333 0.304688 0.447917 0.306250 0.447917 0.309375 0.443750 0.310938 0.443750 0.312500 0.441667 0.314062 0.441667 0.315625 0.439583 0.317187 0.439583 0.320312 0.435417 0.320312 0.429167
0 0.679688 0.470833 0.679688 0.477083 0.681250 0.479167 0.682813 0.479167 0.684375 0.481250 0.687500 0.481250 0.689063 0.483333 0.690625 0.483333 0.696875 0.491667 0.698438 0.491667 0.707812 0.504167 0.707812 0.506250 0.710938 0.510417 0.715625 0.510417 0.715625 0.564583 0.709375 0.564583 0.703125 0.572917 0.701562 0.572917 0.700000 0.575000 0.698438 0.575000 0.696875 0.577083 0.693750 0.577083 0.692187 0.579167 0.687500 0.579167 0.685937 0.581250 0.679688 0.581250 0.678125 0.583333 0.673438 0.583333 0.671875 0.585417 0.668750 0.585417 0.667188 0.587500 0.667188 0.593750 0.650000 0.593750 0.650000 0.587500 0.648438 0.585417 0.646875 0.585417 0.645312 0.583333 0.643750 0.583333 0.642188 0.581250 0.640625 0.581250 0.634375 0.572917 0.634375 0.570833 0.628125 0.562500 0.623437 0.562500 0.623437 0.510417 0.629687 0.510417 0.631250 0.508333 0.631250 0.506250 0.632812 0.504167 0.632812 0.502083 0.640625 0.491667 0.642188 0.491667 0.648438 0.483333 0.650000 0.483333 0.651563 0.481250 0.654687 0.481250 0.657813 0.477083 0.657813 0.470833
1 0.423437 0.245833 0.423437 0.252083 0.429688 0.260417 0.431250 0.260417 0.442187 0.275000 0.442187 0.277083 0.448438 0.285417 0.453125 0.285417 0.453125 0.368750 0.448438 0.368750 0.445312 0.372917 0.445312 0.375000 0.428125 0.397917 0.426562 0.397917 0.425000 0.400000 0.423437 0.400000 0.420313 0.404167 0.418750 0.404167 0.417188 0.406250 0.415625 0.406250 0.414062 0.408333 0.410937 0.408333 0.407812 0.412500 0.407812 0.418750 0.373438 0.418750 0.373438 0.412500 0.370313 0.408333 0.368750 0.408333 0.367188 0.406250 0.365625 0.406250 0.364062 0.404167 0.362500 0.404167 0.359375 0.400000 0.357813 0.400000 0.354688 0.395833 0.353125 0.395833 0.346875 0.387500 0.346875 0.385417 0.340625 0.377083 0.340625 0.375000 0.339063 0.372917 0.339063 0.370833 0.337500 0.368750 0.337500 0.366667 0.334375 0.362500 0.329687 0.362500 0.329687 0.304167 0.335938 0.304167 0.340625 0.310417 0.342188 0.308333 0.342188 0.306250 0.343750 0.304167 0.343750 0.302083 0.345312 0.300000 0.346875 0.300000 0.348437 0.297917 0.348437 0.295833 0.350000 0.293750 0.350000 0.289583 0.351562 0.287500 0.351562 0.285417 0.356250 0.279167 0.356250 0.277083 0.371875 0.256250 0.373438 0.256250 0.376562 0.252083 0.376562 0.245833
1 0.493750 0.620833 0.493750 0.627083 0.496875 0.631250 0.498438 0.631250 0.500000 0.633333 0.501563 0.633333 0.506250 0.639583 0.507812 0.639583 0.517188 0.652083 0.521875 0.652083 0.521875 0.710417 0.517188 0.710417 0.512500 0.716667 0.512500 0.718750 0.510938 0.720833 0.510938 0.722917 0.504687 0.731250 0.503125 0.731250 0.498438 0.737500 0.498438 0.743750 0.446875 0.743750 0.446875 0.735417 0.445312 0.733333 0.443750 0.733333 0.434375 0.720833 0.429688 0.720833 0.429688 0.672917 0.434375 0.672917 0.437500 0.668750 0.437500 0.664583 0.443750 0.656250 0.443750 0.654167 0.448438 0.647917 0.448438 0.645833 0.453125 0.639583 0.453125 0.637500 0.454687 0.635417 0.454687 0.633333 0.457812 0.629167 0.457812 0.620833
2 0.715625 0.579167 0.715625 0.587500 0.718750 0.591667 0.720313 0.591667 0.723437 0.595833 0.723437 0.597917 0.729688 0.606250 0.734375 0.606250 0.734375 0.668750 0.729688 0.668750 0.728125 0.670833 0.726562 0.670833 0.723437 0.675000 0.723437 0.677083 0.721875 0.679167 0.720313 0.679167 0.714063 0.687500 0.712500 0.687500 0.709375 0.691667 0.707812 0.691667 0.704688 0.695833 0.704688 0.702083 0.675000 0.702083 0.675000 0.695833 0.670312 0.689583 0.668750 0.689583 0.665625 0.685417 0.664062 0.685417 0.660937 0.681250 0.659375 0.681250 0.656250 0.677083 0.654687 0.677083 0.654687 0.675000 0.650000 0.668750 0.650000 0.666667 0.648438 0.664583 0.642188 0.664583 0.642188 0.610417 0.648438 0.610417 0.650000 0.608333 0.650000 0.606250 0.653125 0.602083 0.653125 0.600000 0.654687 0.600000 0.657813 0.595833 0.659375 0.595833 0.664062 0.589583 0.665625 0.589583 0.667188 0.587500 0.668750 0.587500 0.670312 0.585417 0.670312 0.579167
2 0.539062 0.504167 0.539062 0.510417 0.542188 0.514583 0.543750 0.514583 0.546875 0.518750 0.548438 0.518750 0.553125 0.525000 0.554688 0.525000 0.556250 0.527083 0.556250 0.529167 0.559375 0.533333 0.565625 0.533333 0.565625 0.606250 0.559375 0.606250 0.557813 0.608333 0.557813 0.610417 0.543750 0.629167 0.542188 0.629167 0.540625 0.631250 0.539062 0.631250 0.537500 0.633333 0.535937 0.633333 0.532813 0.637500 0.532813 0.643750 0.504687 0.643750 0.504687 0.635417 0.501563 0.631250 0.500000 0.631250 0.498438 0.629167 0.496875 0.629167 0.495313 0.627083 0.493750 0.627083 0.489062 0.620833 0.487500 0.620833 0.485937 0.618750 0.484375 0.618750 0.479688 0.612500 0.479688 0.610417 0.478125 0.608333 0.478125 0.606250 0.476562 0.604167 0.476562 0.602083 0.475000 0.600000 0.475000 0.587500 0.473437 0.585417 0.473437 0.579167 0.471875 0.577083 0.467188 0.577083 0.467188 0.545833 0.471875 0.545833 0.475000 0.541667 0.475000 0.539583 0.478125 0.535417 0.478125 0.533333 0.495313 0.510417 0.495313 0.504167
0 0.387500 0.870833 0.387500 0.879167 0.390625 0.883333 0.396875 0.883333 0.396875 0.922917 0.392187 0.922917 0.389063 0.927083 0.389063 0.931250 0.387500 0.933333 0.387500 0.935417 0.385938 0.937500 0.385938 0.939583 0.382812 0.943750 0.382812 0.945833 0.367188 0.966667 0.365625 0.966667 0.362500 0.970833 0.362500 0.977083 0.312500 0.977083 0.312500 0.970833 0.309375 0.966667 0.307813 0.966667 0.306250 0.964583 0.304688 0.964583 0.301562 0.960417 0.301562 0.958333 0.298437 0.954167 0.296875 0.954167 0.293750 0.950000 0.293750 0.947917 0.290625 0.943750 0.285937 0.943750 0.285937 0.891667 0.292188 0.891667 0.296875 0.885417 0.296875 0.883333 0.300000 0.879167 0.300000 0.870833 0.351562 0.870833 0.351562 0.877083 0.353125 0.879167 0.354688 0.877083 0.354688 0.870833
1 0.146875 0.012500 0.146875 0.102083 0.140625 0.102083 0.137500 0.106250 0.137500 0.108333 0.135938 0.110417 0.135938 0.116667 0.137500 0.118750 0.146875 0.118750 0.146875 0.133333 0.142187 0.133333 0.140625 0.135417 0.140625 0.137500 0.139063 0.139583 0.139063 0.141667 0.137500 0.143750 0.137500 0.166667 0.139063 0.168750 0.139063 0.191667 0.137500 0.193750 0.137500 0.200000 0.135938 0.202083 0.135938 0.206250 0.134375 0.208333 0.134375 0.210417 0.132812 0.212500 0.132812 0.216667 0.131250 0.218750 0.131250 0.220833 0.128125 0.225000 0.128125 0.227083 0.126562 0.229167 0.126562 0.231250 0.123438 0.235417 0.123438 0.237500 0.117188 0.245833 0.115625 0.245833 0.114062 0.247917 0.112500 0.247917 0.110937 0.250000 0.109375 0.250000 0.106250 0.254167 0.104688 0.254167 0.101562 0.258333 0.100000 0.258333 0.095312 0.264583 0.093750 0.264583 0.076563 0.287500 0.075000 0.287500 0.067187 0.297917 0.065625 0.297917 0.062500 0.302083 0.060938 0.302083 0.059375 0.304167 0.057813 0.304167 0.056250 0.306250 0.054688 0.306250 0.053125 0.308333 0.051562 0.308333 0.048437 0.312500 0.048437 0.318750 0.006250 0.318750 0.006250 0.312500 0.004687 0.310417 0.001562 0.310417 0.001562 0.075000 0.007812 0.075000 0.015625 0.064583 0.021875 0.064583 0.023438 0.062500 0.023438 0.058333 0.021875 0.056250 0.021875 0.052083 0.020312 0.050000 0.020312 0.047917 0.018750 0.045833 0.018750 0.043750 0.015625 0.039583 0.015625 0.037500 0.014063 0.035417 0.014063 0.031250 0.012500 0.029167 0.012500 0.027083 0.010938 0.025000 0.010938 0.022917 0.009375 0.020833 0.009375 0.012500
2 0.034375 0.620833 0.034375 0.629167 0.035937 0.631250 0.037500 0.631250 0.043750 0.639583 0.043750 0.641667 0.046875 0.645833 0.046875 0.647917 0.048437 0.650000 0.048437 0.652083 0.050000 0.654167 0.050000 0.658333 0.051562 0.660417 0.051562 0.664583 0.054688 0.668750 0.059375 0.668750 0.059375 0.720833 0.054688 0.720833 0.051562 0.725000 0.051562 0.727083 0.050000 0.729167 0.050000 0.731250 0.048437 0.733333 0.048437 0.737500 0.045313 0.741667 0.045313 0.743750 0.043750 0.745833 0.043750 0.747917 0.042188 0.750000 0.042188 0.752083 0.039062 0.756250 0.039062 0.758333 0.037500 0.760417 0.037500 0.762500 0.032812 0.768750 0.031250 0.768750 0.028125 0.772917 0.026563 0.772917 0.021875 0.779167 0.021875 0.785417 0.001562 0.785417 0.001562 0.620833
2 0.365625 0.658333 0.365625 0.668750 0.360937 0.668750 0.360937 0.658333 0.365625 0.658333 0.370313 0.637500 0.365625 0.631250 0.360937 0.631250 0.360937 0.589583 0.367188 0.589583 0.376562 0.577083 0.378125 0.577083 0.379687 0.575000 0.379687 0.572917 0.406250 0.537500 0.406250 0.529167 0.435938 0.529167 0.435938 0.535417 0.440625 0.541667 0.442187 0.541667 0.451563 0.554167 0.451563 0.556250 0.456250 0.562500 0.456250 0.564583 0.457812 0.566667 0.457812 0.570833 0.460938 0.575000 0.465625 0.575000 0.465625 0.618750 0.460938 0.618750 0.457812 0.622917 0.457812 0.625000 0.454687 0.629167 0.454687 0.633333 0.450000 0.639583 0.450000 0.641667 0.442187 0.652083 0.442187 0.654167 0.435938 0.662500 0.435938 0.668750 0.395312 0.668750 0.395312 0.662500 0.393750 0.660417 0.392187 0.660417 0.390625 0.658333 0.389063 0.658333 0.382812 0.650000 0.381250 0.650000 0.371875 0.637500 0.370313 0.637500
2 0.171875 0.000000 0.171875 0.062500 0.167188 0.062500 0.165625 0.064583 0.165625 0.066667 0.164062 0.068750 0.164062 0.072917 0.162500 0.075000 0.162500 0.077083 0.160937 0.079167 0.160937 0.081250 0.157812 0.085417 0.157812 0.087500 0.156250 0.089583 0.154688 0.089583 0.150000 0.095833 0.148438 0.095833 0.146875 0.097917 0.145312 0.097917 0.143750 0.100000 0.139063 0.100000 0.135938 0.104167 0.135938 0.110417 0.079687 0.110417 0.079687 0.104167 0.078125 0.102083 0.075000 0.102083 0.073438 0.100000 0.067187 0.100000 0.065625 0.097917 0.062500 0.097917 0.059375 0.093750 0.056250 0.093750 0.054688 0.091667 0.053125 0.091667 0.051562 0.089583 0.050000 0.089583 0.048437 0.087500 0.046875 0.087500 0.028125 0.062500 0.028125 0.060417 0.025000 0.056250 0.025000 0.054167 0.021875 0.050000 0.021875 0.047917 0.018750 0.043750 0.018750 0.041667 0.015625 0.037500 0.015625 0.035417 0.014063 0.033333 0.014063 0.031250 0.012500 0.029167 0.012500 0.027083 0.009375 0.022917 0.004687 0.022917 0.004687 0.000000
1 0.440625 0.000000 0.440625 0.012500 0.435938 0.012500 0.434375 0.014583 0.434375 0.016667 0.432813 0.018750 0.432813 0.031250 0.431250 0.033333 0.431250 0.041667 0.432813 0.043750 0.432813 0.064583 0.431250 0.066667 0.431250 0.070833 0.429688 0.072917 0.429688 0.077083 0.428125 0.079167 0.428125 0.081250 0.426562 0.083333 0.426562 0.085417 0.425000 0.087500 0.425000 0.089583 0.423437 0.091667 0.423437 0.093750 0.418750 0.100000 0.418750 0.102083 0.415625 0.106250 0.414062 0.106250 0.409375 0.112500 0.407812 0.112500 0.404688 0.116667 0.401563 0.116667 0.398438 0.120833 0.398438 0.127083 0.359375 0.127083 0.359375 0.120833 0.356250 0.116667 0.353125 0.116667 0.351562 0.114583 0.348437 0.114583 0.346875 0.112500 0.345312 0.112500 0.342188 0.108333 0.340625 0.108333 0.339063 0.106250 0.337500 0.106250 0.335938 0.104167 0.334375 0.104167 0.329687 0.097917 0.328125 0.097917 0.321875 0.089583 0.320312 0.089583 0.318750 0.087500 0.317187 0.087500 0.315625 0.085417 0.310938 0.085417 0.309375 0.087500 0.300000 0.087500 0.298437 0.089583 0.290625 0.089583 0.289062 0.087500 0.284375 0.087500 0.278125 0.079167 0.273438 0.079167 0.273438 0.052083 0.279688 0.052083 0.284375 0.045833 0.284375 0.043750 0.285937 0.043750 0.287500 0.041667 0.289062 0.041667 0.292188 0.037500 0.293750 0.037500 0.301562 0.027083 0.301562 0.025000 0.303125 0.022917 0.303125 0.018750 0.304688 0.016667 0.304688 0.014583 0.306250 0.014583 0.310938 0.008333 0.312500 0.008333 0.314062 0.006250 0.320312 0.006250 0.321875 0.008333 0.323438 0.008333 0.326563 0.012500 0.328125 0.012500 0.329687 0.014583 0.334375 0.014583 0.337500 0.010417 0.334375 0.006250 0.332812 0.006250 0.331250 0.004167 0.331250 0.000000
2 0.840625 0.000000 0.840625 0.002083 0.839062 0.002083 0.837500 0.004167 0.835938 0.004167 0.834375 0.006250 0.832813 0.006250 0.829688 0.010417 0.829688 0.012500 0.828125 0.012500 0.826562 0.014583 0.825000 0.014583 0.821875 0.018750 0.821875 0.027083 0.804688 0.027083 0.804688 0.018750 0.795312 0.006250 0.793750 0.006250 0.792187 0.004167 0.785938 0.004167 0.785938 0.000000
0 0.368750 0.829167 0.368750 0.835417 0.379687 0.850000 0.379687 0.852083 0.382812 0.856250 0.382812 0.858333 0.385938 0.862500 0.390625 0.862500 0.390625 0.885417 0.304688 0.885417 0.304688 0.879167 0.303125 0.877083 0.301562 0.877083 0.300000 0.875000 0.298437 0.875000 0.295313 0.870833 0.295313 0.868750 0.298437 0.864583 0.298437 0.862500 0.309375 0.847917 0.310938 0.847917 0.315625 0.841667 0.317187 0.841667 0.318750 0.839583 0.320312 0.839583 0.323438 0.835417 0.323438 0.829167