1 0.473218 0.521875 0.473218 0.526562 0.469058 0.529687 0.456577 0.529687 0.454497 0.531250 0.450337 0.531250 0.448257 0.532812 0.446177 0.532812 0.431616 0.543750 0.429536 0.543750 0.423296 0.548437 0.421216 0.548437 0.412896 0.554687 0.410815 0.554687 0.404575 0.559375 0.396255 0.559375 0.396255 0.590625 0.402495 0.590625 0.404575 0.592187 0.404575 0.593750 0.406655 0.595312 0.406655 0.598437 0.408735 0.600000 0.408735 0.601562 0.410815 0.603125 0.410815 0.604687 0.412896 0.606250 0.412896 0.607813 0.414976 0.609375 0.414976 0.610937 0.425376 0.618750 0.427456 0.618750 0.431616 0.621875 0.431616 0.623438 0.433696 0.623438 0.435776 0.625000 0.437856 0.625000 0.442017 0.628125 0.442017 0.632812 0.498179 0.632812 0.498179 0.628125 0.500259 0.626562 0.502339 0.626562 0.504419 0.625000 0.508579 0.625000 0.510659 0.623438 0.512739 0.623438 0.516899 0.620312 0.518979 0.620312 0.523140 0.617188 0.525220 0.617188 0.529380 0.614062 0.531460 0.614062 0.539780 0.607813 0.541860 0.607813 0.541860 0.606250 0.548101 0.601562 0.548101 0.600000 0.550181 0.598437 0.550181 0.593750 0.552261 0.592187 0.552261 0.589062 0.554341 0.587500 0.560581 0.587500 0.560581 0.557812 0.554341 0.557812 0.552261 0.556250 0.552261 0.554687 0.550181 0.553125 0.550181 0.551562 0.548101 0.550000 0.548101 0.548437 0.539780 0.542187 0.537700 0.542187 0.533540 0.539062 0.533540 0.537500 0.531460 0.537500 0.529380 0.535937 0.527300 0.535937 0.523140 0.532812 0.521060 0.532812 0.518979 0.531250 0.516899 0.531250 0.514819 0.529687 0.510659 0.529687 0.506499 0.526562 0.506499 0.521875
1 0.444097 0.353125 0.444097 0.357812 0.439936 0.360937 0.437856 0.360937 0.435776 0.362500 0.433696 0.362500 0.421216 0.371875 0.419136 0.371875 0.410815 0.378125 0.410815 0.379687 0.408735 0.381250 0.408735 0.382812 0.406655 0.384375 0.406655 0.387500 0.402495 0.390625 0.396255 0.390625 0.396255 0.414062 0.402495 0.414062 0.406655 0.417187 0.406655 0.418750 0.408735 0.420312 0.408735 0.421875 0.410815 0.423437 0.410815 0.425000 0.414976 0.428125 0.414976 0.429688 0.417056 0.431250 0.417056 0.432812 0.427456 0.440625 0.429536 0.440625 0.431616 0.442187 0.435776 0.442187 0.437856 0.443750 0.439936 0.443750 0.444097 0.446875 0.444097 0.451562 0.483618 0.451562 0.483618 0.445312 0.485698 0.443750 0.487778 0.443750 0.489858 0.442187 0.491938 0.442187 0.496099 0.439062 0.500259 0.439062 0.502339 0.437500 0.502339 0.435937 0.506499 0.432812 0.508579 0.432812 0.510659 0.431250 0.510659 0.429688 0.514819 0.426562 0.516899 0.426562 0.516899 0.425000 0.521060 0.421875 0.527300 0.421875 0.527300 0.381250 0.518979 0.381250 0.516899 0.379687 0.516899 0.378125 0.508579 0.371875 0.508579 0.370312 0.506499 0.368750 0.504419 0.368750 0.498179 0.364062 0.496099 0.364062 0.494019 0.362500 0.491938 0.362500 0.487778 0.359375 0.483618 0.359375 0.481538 0.357812 0.481538 0.353125
1 0.622983 0.234375 0.622983 0.240625 0.610503 0.250000 0.608423 0.250000 0.606343 0.251562 0.606343 0.253125 0.604263 0.254687 0.602183 0.254687 0.598022 0.257812 0.598022 0.259375 0.591782 0.264062 0.591782 0.265625 0.585542 0.270312 0.579302 0.270312 0.579302 0.303125 0.585542 0.303125 0.589702 0.306250 0.589702 0.307813 0.593862 0.310937 0.593862 0.312500 0.606343 0.321875 0.608423 0.321875 0.610503 0.323437 0.612583 0.323437 0.614663 0.325000 0.616743 0.325000 0.620903 0.328125 0.620903 0.332812 0.670825 0.332812 0.670825 0.326562 0.674985 0.323437 0.677065 0.323437 0.683306 0.318750 0.683306 0.317187 0.687466 0.314062 0.687466 0.312500 0.691626 0.309375 0.691626 0.307813 0.695786 0.304688 0.702026 0.304688 0.702026 0.260937 0.695786 0.260937 0.683306 0.251562 0.681226 0.251562 0.677065 0.248437 0.674985 0.248437 0.670825 0.245312 0.668745 0.245312 0.666665 0.243750 0.664585 0.243750 0.658345 0.239062 0.658345 0.234375
0 0.383774 0.259375 0.383774 0.264062 0.379614 0.267187 0.377534 0.267187 0.365054 0.276562 0.365054 0.278125 0.360894 0.281250 0.354653 0.281250 0.354653 0.329687 0.362974 0.329687 0.365054 0.331250 0.365054 0.332812 0.367134 0.334375 0.367134 0.335938 0.373374 0.340625 0.373374 0.342187 0.379614 0.346875 0.381694 0.346875 0.383774 0.348437 0.387935 0.348437 0.390015 0.350000 0.396255 0.350000 0.398335 0.351562 0.400415 0.351562 0.402495 0.353125 0.402495 0.357812 0.427456 0.357812 0.427456 0.353125 0.429536 0.351562 0.431616 0.351562 0.433696 0.350000 0.439936 0.350000 0.442017 0.348437 0.444097 0.348437 0.456577 0.339062 0.456577 0.337500 0.458657 0.335938 0.458657 0.334375 0.462817 0.331250 0.469058 0.331250 0.469058 0.279687 0.462817 0.279687 0.446177 0.267187 0.444097 0.267187 0.439936 0.264062 0.439936 0.259375
0 0.697866 0.496875 0.697866 0.501562 0.693706 0.504687 0.689546 0.504687 0.687466 0.506250 0.685386 0.506250 0.683306 0.507812 0.681226 0.507812 0.677065 0.510937 0.674985 0.510937 0.672905 0.512500 0.670825 0.512500 0.662505 0.518750 0.660425 0.518750 0.660425 0.520312 0.654185 0.525000 0.654185 0.526562 0.647944 0.531250 0.647944 0.532812 0.643784 0.535937 0.637544 0.535937 0.637544 0.578125 0.643784 0.578125 0.656265 0.587500 0.656265 0.589062 0.670825 0.600000 0.672905 0.600000 0.679145 0.604687 0.681226 0.604687 0.687466 0.609375 0.687466 0.614062 0.737388 0.614062 0.737388 0.609375 0.741548 0.606250 0.743628 0.606250 0.745708 0.604687 0.747788 0.604687 0.749868 0.603125 0.754028 0.603125 0.760269 0.598437 0.762349 0.598437 0.772749 0.590625 0.772749 0.589062 0.778989 0.584375 0.778989 0.582812 0.781069 0.581250 0.781069 0.579687 0.783149 0.578125 0.783149 0.575000 0.787310 0.571875 0.793550 0.571875 0.793550 0.540625 0.787310 0.540625 0.783149 0.537500 0.783149 0.534375 0.781069 0.532812 0.781069 0.531250 0.778989 0.529687 0.778989 0.528125 0.772749 0.523437 0.772749 0.521875 0.762349 0.514062 0.760269 0.514062 0.756108 0.510937 0.754028 0.510937 0.751948 0.509375 0.749868 0.509375 0.747788 0.507812 0.745708 0.507812 0.743628 0.506250 0.739468 0.506250 0.737388 0.504687 0.733227 0.504687 0.729067 0.501562 0.729067 0.496875
1 0.652104 0.421875 0.652104 0.426562 0.647944 0.429688 0.645864 0.429688 0.637544 0.435937 0.635464 0.435937 0.622983 0.445312 0.622983 0.446875 0.618823 0.450000 0.612583 0.450000 0.612583 0.492188 0.618823 0.492188 0.622983 0.495312 0.622983 0.498437 0.625063 0.500000 0.625063 0.501562 0.627144 0.503125 0.627144 0.504687 0.635464 0.510937 0.637544 0.510937 0.639624 0.512500 0.641704 0.512500 0.645864 0.515625 0.645864 0.520312 0.670825 0.520312 0.670825 0.514062 0.674985 0.510937 0.677065 0.510937 0.679145 0.509375 0.681226 0.509375 0.683306 0.507812 0.687466 0.507812 0.691626 0.504687 0.695786 0.504687 0.697866 0.503125 0.706186 0.503125 0.708267 0.501562 0.712427 0.501562 0.714507 0.500000 0.716587 0.500000 0.718667 0.498437 0.720747 0.498437 0.722827 0.496875 0.724907 0.496875 0.731147 0.492188 0.731147 0.490625 0.737388 0.485937 0.743628 0.485937 0.743628 0.456250 0.737388 0.456250 0.733227 0.453125 0.733227 0.451562 0.731147 0.450000 0.731147 0.448437 0.722827 0.442187 0.722827 0.440625 0.720747 0.439062 0.718667 0.439062 0.706186 0.429688 0.704106 0.429688 0.702026 0.428125 0.702026 0.421875
0 0.344253 0.421875 0.344253 0.426562 0.340093 0.429688 0.338013 0.429688 0.335933 0.431250 0.331772 0.431250 0.329692 0.432812 0.327612 0.432812 0.325532 0.434375 0.321372 0.434375 0.319292 0.435937 0.317212 0.435937 0.313052 0.439062 0.310972 0.439062 0.294331 0.451562 0.294331 0.453125 0.290171 0.456250 0.290171 0.457812 0.286011 0.460938 0.279770 0.460938 0.279770 0.512500 0.286011 0.512500 0.290171 0.515625 0.290171 0.517187 0.300571 0.525000 0.300571 0.526562 0.310972 0.534375 0.313052 0.534375 0.317212 0.537500 0.319292 0.537500 0.323452 0.540625 0.323452 0.545312 0.392095 0.545312 0.392095 0.540625 0.396255 0.537500 0.398335 0.537500 0.400415 0.535937 0.402495 0.535937 0.406655 0.532812 0.408735 0.532812 0.423296 0.521875 0.423296 0.520312 0.425376 0.518750 0.425376 0.517187 0.429536 0.514062 0.429536 0.512500 0.431616 0.510937 0.431616 0.509375 0.433696 0.507812 0.433696 0.503125 0.437856 0.500000 0.444097 0.500000 0.444097 0.464062 0.437856 0.464062 0.435776 0.462500 0.435776 0.460938 0.433696 0.459375 0.433696 0.457812 0.431616 0.456250 0.431616 0.454687 0.423296 0.448437 0.423296 0.446875 0.421216 0.445312 0.419136 0.445312 0.410815 0.439062 0.408735 0.439062 0.404575 0.435937 0.402495 0.435937 0.400415 0.434375 0.398335 0.434375 0.396255 0.432812 0.394175 0.432812 0.392095 0.431250 0.390015 0.431250 0.387935 0.429688 0.385854 0.429688 0.383774 0.428125 0.381694 0.428125 0.379614 0.426562 0.379614 0.421875
1 0.013521 0.321875 0.013521 0.326562 0.003120 0.334375 0.001040 0.334375 0.000000 0.335938 0.000000 0.337500 0.000000 0.340625 0.000000 0.340625 0.000000 0.385937 0.000000 0.385937 0.000000 0.387500 0.000000 0.389062 0.000000 0.390625 0.000000 0.393750 0.011440 0.403125 0.013521 0.403125 0.015601 0.404687 0.017681 0.404687 0.021841 0.407812 0.023921 0.407812 0.028081 0.410937 0.032241 0.410937 0.034321 0.412500 0.038481 0.412500 0.040562 0.414062 0.042642 0.414062 0.044722 0.415625 0.044722 0.420312 0.073843 0.420312 0.073843 0.415625 0.078003 0.412500 0.080083 0.412500 0.082163 0.410937 0.084243 0.410937 0.088403 0.407812 0.090483 0.407812 0.107124 0.395312 0.107124 0.393750 0.113364 0.389062 0.119604 0.389062 0.119604 0.351562 0.113364 0.351562 0.109204 0.348437 0.109204 0.346875 0.107124 0.345312 0.107124 0.343750 0.096724 0.335938 0.094644 0.335938 0.088403 0.331250 0.086323 0.331250 0.084243 0.329687 0.082163 0.329687 0.080083 0.328125 0.080083 0.321875
0 0.444097 0.628125 0.444097 0.632812 0.442017 0.634375 0.437856 0.634375 0.435776 0.635937 0.429536 0.635937 0.425376 0.639062 0.423296 0.639062 0.419136 0.642187 0.417056 0.642187 0.410815 0.646875 0.408735 0.646875 0.400415 0.653125 0.400415 0.654687 0.392095 0.660937 0.392095 0.662500 0.390015 0.664062 0.390015 0.665625 0.385854 0.668750 0.379614 0.668750 0.379614 0.717187 0.385854 0.717187 0.392095 0.721875 0.392095 0.723437 0.394175 0.725000 0.394175 0.726562 0.402495 0.732812 0.402495 0.734375 0.410815 0.740625 0.412896 0.740625 0.419136 0.745312 0.421216 0.745312 0.423296 0.746875 0.425376 0.746875 0.427456 0.748437 0.429536 0.748437 0.431616 0.750000 0.433696 0.750000 0.437856 0.753125 0.437856 0.757812 0.498179 0.757812 0.498179 0.753125 0.502339 0.750000 0.504419 0.750000 0.506499 0.748437 0.508579 0.748437 0.510659 0.746875 0.512739 0.746875 0.514819 0.745312 0.516899 0.745312 0.537700 0.729687 0.537700 0.728125 0.541860 0.725000 0.541860 0.723437 0.546021 0.720312 0.546021 0.718750 0.548101 0.717187 0.548101 0.714062 0.550181 0.712500 0.550181 0.709375 0.554341 0.706250 0.560581 0.706250 0.560581 0.670312 0.554341 0.670312 0.550181 0.667187 0.550181 0.664062 0.546021 0.660937 0.546021 0.659375 0.541860 0.656250 0.541860 0.654687 0.523140 0.640625 0.521060 0.640625 0.518979 0.639062 0.518979 0.637500 0.516899 0.637500 0.514819 0.635937 0.512739 0.635937 0.510659 0.634375 0.508579 0.634375 0.506499 0.632812 0.506499 0.628125
0 0.579302 0.346875 0.579302 0.351562 0.577222 0.353125 0.575142 0.353125 0.573062 0.354687 0.568901 0.354687 0.560581 0.360937 0.558501 0.360937 0.554341 0.364062 0.554341 0.365625 0.548101 0.370312 0.548101 0.371875 0.546021 0.373437 0.537700 0.373437 0.537700 0.414062 0.543940 0.414062 0.552261 0.420312 0.554341 0.420312 0.560581 0.425000 0.562661 0.425000 0.564741 0.426562 0.566821 0.426562 0.568901 0.428125 0.570981 0.428125 0.573062 0.429688 0.575142 0.429688 0.577222 0.431250 0.579302 0.431250 0.583462 0.434375 0.583462 0.439062 0.635464 0.439062 0.635464 0.432812 0.637544 0.431250 0.639624 0.431250 0.652104 0.421875 0.652104 0.420312 0.656265 0.417187 0.656265 0.415625 0.658345 0.414062 0.658345 0.412500 0.662505 0.409375 0.668745 0.409375 0.668745 0.376562 0.662505 0.376562 0.658345 0.373437 0.658345 0.371875 0.656265 0.370312 0.656265 0.368750 0.652104 0.365625 0.652104 0.364062 0.641704 0.356250 0.639624 0.356250 0.633384 0.351562 0.633384 0.346875
2 0.302651 0.553125 0.302651 0.557812 0.300571 0.559375 0.298491 0.559375 0.296411 0.560937 0.294331 0.560937 0.292251 0.562500 0.290171 0.562500 0.288091 0.564062 0.286011 0.564062 0.279770 0.568750 0.277690 0.568750 0.271450 0.573437 0.269370 0.573437 0.265210 0.576562 0.265210 0.578125 0.258970 0.582812 0.258970 0.584375 0.252729 0.589062 0.252729 0.590625 0.250649 0.592187 0.250649 0.595312 0.248569 0.596875 0.248569 0.600000 0.244409 0.603125 0.238169 0.603125 0.238169 0.632812 0.244409 0.632812 0.248569 0.635937 0.248569 0.640625 0.250649 0.642187 0.250649 0.643750 0.252729 0.645312 0.252729 0.646875 0.254810 0.648438 0.254810 0.650000 0.258970 0.653125 0.258970 0.654687 0.269370 0.662500 0.269370 0.664062 0.271450 0.664062 0.275610 0.667187 0.277690 0.667187 0.281851 0.670312 0.283931 0.670312 0.286011 0.671875 0.290171 0.671875 0.292251 0.673437 0.296411 0.673437 0.298491 0.675000 0.302651 0.675000 0.304731 0.676562 0.306812 0.676562 0.308892 0.678125 0.308892 0.682812 0.342173 0.682812 0.342173 0.678125 0.346333 0.675000 0.350493 0.675000 0.352573 0.673437 0.356733 0.673437 0.358813 0.671875 0.362974 0.671875 0.369214 0.667187 0.371294 0.667187 0.387935 0.654687 0.387935 0.653125 0.390015 0.651562 0.390015 0.648438 0.392095 0.646875 0.392095 0.645312 0.396255 0.642187 0.402495 0.642187 0.402495 0.590625 0.396255 0.590625 0.392095 0.587500 0.392095 0.585937 0.390015 0.584375 0.390015 0.582812 0.387935 0.581250 0.387935 0.579687 0.375454 0.570312 0.373374 0.570312 0.369214 0.567187 0.367134 0.567187 0.360894 0.562500 0.356733 0.562500 0.354653 0.560937 0.352573 0.560937 0.350493 0.559375 0.348413 0.559375 0.346333 0.557812 0.346333 0.553125
2 0.583462 0.578125 0.583462 0.584375 0.581382 0.585937 0.579302 0.585937 0.577222 0.587500 0.575142 0.587500 0.570981 0.590625 0.568901 0.590625 0.562661 0.595312 0.560581 0.595312 0.556421 0.598437 0.556421 0.600000 0.541860 0.610937 0.541860 0.612500 0.535620 0.617188 0.529380 0.617188 0.529380 0.642187 0.537700 0.642187 0.539780 0.643750 0.539780 0.648438 0.537700 0.650000 0.529380 0.650000 0.529380 0.656250 0.537700 0.656250 0.539780 0.657812 0.539780 0.659375 0.535620 0.662500 0.529380 0.662500 0.529380 0.695312 0.546021 0.695312 0.546021 0.689062 0.541860 0.685937 0.541860 0.679688 0.543940 0.678125 0.546021 0.678125 0.548101 0.676562 0.552261 0.676562 0.556421 0.673437 0.562661 0.673437 0.564741 0.675000 0.564741 0.676562 0.570981 0.681250 0.570981 0.682812 0.573062 0.684375 0.575142 0.684375 0.577222 0.685937 0.579302 0.685937 0.581382 0.687500 0.583462 0.687500 0.585542 0.689062 0.585542 0.695312 0.629224 0.695312 0.629224 0.689062 0.631304 0.687500 0.633384 0.687500 0.635464 0.685937 0.641704 0.685937 0.643784 0.684375 0.647944 0.684375 0.650024 0.682812 0.652104 0.682812 0.656265 0.679688 0.658345 0.679688 0.662505 0.676562 0.664585 0.676562 0.670825 0.671875 0.672905 0.671875 0.687466 0.660937 0.687466 0.659375 0.689546 0.657812 0.689546 0.656250 0.695786 0.651562 0.702026 0.651562 0.702026 0.618750 0.693706 0.618750 0.689546 0.615625 0.689546 0.610937 0.685386 0.607813 0.681226 0.607813 0.677065 0.604687 0.677065 0.603125 0.674985 0.603125 0.672905 0.601562 0.670825 0.601562 0.668745 0.600000 0.668745 0.598437 0.666665 0.596875 0.664585 0.596875 0.650024 0.585937 0.650024 0.584375 0.647944 0.582812 0.647944 0.578125
2 0.217368 0.846875 0.217368 0.853125 0.215288 0.854687 0.213208 0.854687 0.209048 0.857812 0.206968 0.857812 0.194487 0.867188 0.192407 0.867188 0.161206 0.890625 0.154966 0.890625 0.154966 0.956250 0.161206 0.956250 0.163286 0.957812 0.163286 0.959375 0.165366 0.960938 0.165366 0.962500 0.167446 0.964062 0.167446 0.965625 0.169526 0.967187 0.169526 0.968750 0.171606 0.970312 0.171606 0.971875 0.173687 0.973437 0.173687 0.976562 0.175767 0.978125 0.175767 0.981250 0.177847 0.982812 0.177847 0.984375 0.179927 0.985937 0.179927 0.987500 0.182007 0.989062 0.182007 0.990625 0.184087 0.992188 0.184087 0.993750 0.186167 0.995312 0.186167 0.998437 0.377534 0.998437 0.377534 0.985937 0.371294 0.985937 0.367134 0.982812 0.367134 0.979687 0.365054 0.978125 0.365054 0.976562 0.362974 0.975000 0.362974 0.973437 0.358813 0.970312 0.358813 0.967187 0.356733 0.965625 0.356733 0.962500 0.354653 0.960938 0.354653 0.959375 0.352573 0.957812 0.352573 0.956250 0.350493 0.954687 0.350493 0.953125 0.348413 0.951562 0.348413 0.948437 0.346333 0.946875 0.346333 0.945312 0.344253 0.943750 0.344253 0.942187 0.342173 0.940625 0.342173 0.939062 0.340093 0.937500 0.340093 0.935937 0.338013 0.934375 0.338013 0.932812 0.335933 0.931250 0.335933 0.929688 0.333853 0.928125 0.333853 0.926562 0.331772 0.925000 0.331772 0.921875 0.329692 0.920312 0.329692 0.918750 0.327612 0.917187 0.327612 0.915625 0.325532 0.914062 0.325532 0.912500 0.323452 0.910937 0.323452 0.907812 0.321372 0.906250 0.321372 0.904687 0.319292 0.903125 0.319292 0.901562 0.317212 0.900000 0.317212 0.896875 0.315132 0.895312 0.315132 0.890625 0.313052 0.889062 0.313052 0.887500 0.310972 0.885937 0.310972 0.882812 0.308892 0.881250 0.308892 0.878125 0.306812 0.876562 0.306812 0.873437 0.304731 0.871875 0.304731 0.870312 0.302651 0.868750 0.302651 0.867188 0.300571 0.865625 0.300571 0.864062 0.298491 0.862500 0.298491 0.860937 0.294331 0.857812 0.294331 0.856250 0.288091 0.851562 0.288091 0.846875
2 0.502339 0.265625 0.502339 0.270312 0.498179 0.273437 0.496099 0.273437 0.494019 0.275000 0.491938 0.275000 0.483618 0.281250 0.481538 0.281250 0.479458 0.282812 0.479458 0.284375 0.477378 0.285937 0.475298 0.285937 0.475298 0.287500 0.469058 0.292187 0.462817 0.292187 0.462817 0.343750 0.469058 0.343750 0.481538 0.353125 0.483618 0.353125 0.487778 0.356250 0.489858 0.356250 0.491938 0.357812 0.494019 0.357812 0.496099 0.359375 0.496099 0.364062 0.543940 0.364062 0.543940 0.359375 0.548101 0.356250 0.552261 0.356250 0.554341 0.354687 0.556421 0.354687 0.560581 0.351562 0.562661 0.351562 0.577222 0.340625 0.577222 0.339062 0.583462 0.334375 0.583462 0.332812 0.585542 0.331250 0.585542 0.329687 0.587622 0.328125 0.593862 0.328125 0.593862 0.306250 0.587622 0.306250 0.585542 0.304688 0.585542 0.303125 0.583462 0.301562 0.583462 0.300000 0.581382 0.298437 0.581382 0.295312 0.577222 0.292187 0.577222 0.290625 0.573062 0.287500 0.573062 0.285937 0.558501 0.275000 0.556421 0.275000 0.554341 0.273437 0.552261 0.273437 0.548101 0.270312 0.548101 0.265625
2 0.733227 0.359375 0.733227 0.365625 0.731147 0.367188 0.729067 0.367188 0.726987 0.368750 0.724907 0.368750 0.720747 0.371875 0.718667 0.371875 0.712427 0.376562 0.710347 0.376562 0.710347 0.378125 0.702026 0.384375 0.702026 0.385937 0.697866 0.389062 0.697866 0.390625 0.693706 0.393750 0.687466 0.393750 0.687466 0.421875 0.693706 0.421875 0.699946 0.426562 0.702026 0.426562 0.704106 0.428125 0.706186 0.428125 0.714507 0.434375 0.716587 0.434375 0.729067 0.443750 0.729067 0.445312 0.735308 0.450000 0.735308 0.451562 0.737388 0.453125 0.737388 0.454687 0.739468 0.456250 0.739468 0.457812 0.741548 0.459375 0.741548 0.464062 0.766509 0.464062 0.766509 0.459375 0.772749 0.454687 0.774829 0.454687 0.776909 0.453125 0.778989 0.453125 0.781069 0.451562 0.783149 0.451562 0.785229 0.450000 0.787310 0.450000 0.791470 0.446875 0.793550 0.446875 0.806030 0.437500 0.806030 0.435937 0.812270 0.431250 0.812270 0.429688 0.814351 0.428125 0.814351 0.425000 0.816431 0.423437 0.816431 0.421875 0.820591 0.418750 0.826831 0.418750 0.826831 0.396875 0.820591 0.396875 0.816431 0.393750 0.816431 0.392187 0.814351 0.390625 0.814351 0.389062 0.812270 0.387500 0.812270 0.385937 0.808110 0.382812 0.808110 0.381250 0.795630 0.371875 0.793550 0.371875 0.789390 0.368750 0.787310 0.368750 0.785229 0.367188 0.783149 0.367188 0.778989 0.364062 0.778989 0.359375
2 0.518979 0.421875 0.518979 0.426562 0.481538 0.454687 0.479458 0.454687 0.469058 0.462500 0.469058 0.464062 0.464897 0.467187 0.464897 0.470312 0.460737 0.473437 0.454497 0.473437 0.454497 0.514062 0.460737 0.514062 0.469058 0.520312 0.471138 0.520312 0.473218 0.521875 0.477378 0.521875 0.479458 0.523437 0.485698 0.523437 0.487778 0.525000 0.494019 0.525000 0.496099 0.526562 0.498179 0.526562 0.500259 0.528125 0.500259 0.532812 0.552261 0.532812 0.552261 0.528125 0.554341 0.526562 0.554341 0.525000 0.558501 0.521875 0.562661 0.521875 0.577222 0.510937 0.579302 0.510937 0.598022 0.496875 0.598022 0.495312 0.604263 0.490625 0.610503 0.490625 0.610503 0.450000 0.604263 0.450000 0.589702 0.439062 0.587622 0.439062 0.581382 0.434375 0.579302 0.434375 0.575142 0.431250 0.573062 0.431250 0.570981 0.429688 0.568901 0.429688 0.566821 0.428125 0.566821 0.421875
1 0.005200 0.626562 0.000000 0.626562 0.000000 0.732812 0.005200 0.732812 0.009360 0.735937 0.032241 0.735937 0.034321 0.737500 0.040562 0.737500 0.042642 0.739062 0.044722 0.739062 0.046802 0.740625 0.048882 0.740625 0.050962 0.742188 0.055122 0.742188 0.057202 0.743750 0.063442 0.743750 0.065522 0.745312 0.069683 0.745312 0.071763 0.746875 0.071763 0.751562 0.138325 0.751562 0.138325 0.746875 0.144565 0.742188 0.146646 0.742188 0.150806 0.739062 0.150806 0.737500 0.161206 0.729687 0.169526 0.729687 0.169526 0.657812 0.163286 0.657812 0.159126 0.654687 0.159126 0.653125 0.157046 0.651562 0.157046 0.650000 0.152886 0.646875 0.152886 0.645312 0.150806 0.643750 0.150806 0.640625 0.148726 0.639062 0.148726 0.637500 0.144565 0.634375 0.144565 0.632812 0.140405 0.629687 0.140405 0.628125 0.121685 0.614062 0.121685 0.609375 0.075923 0.609375 0.075923 0.615625 0.073843 0.617188 0.071763 0.617188 0.069683 0.618750 0.067603 0.618750 0.065522 0.620312 0.063442 0.620312 0.061362 0.621875 0.059282 0.621875 0.055122 0.625000 0.053042 0.625000 0.050962 0.626562 0.048882 0.626562 0.046802 0.628125 0.044722 0.628125 0.040562 0.631250 0.038481 0.631250 0.030161 0.637500 0.028081 0.637500 0.026001 0.639062 0.023921 0.639062 0.019761 0.642187 0.017681 0.642187 0.015601 0.643750 0.015601 0.645312 0.011440 0.648438 0.009360 0.648438 0.007280 0.646875 0.007280 0.643750 0.009360 0.642187 0.009360 0.632812 0.007280 0.631250 0.007280 0.628125 0.005200 0.626562 0.009360 0.617188 0.011440 0.617188 0.013521 0.615625 0.013521 0.609375 0.007280 0.609375 0.007280 0.615625 0.009360 0.617188
1 0.951636 0.529687 0.945395 0.529687 0.945395 0.545312 0.962036 0.545312 0.962036 0.540625 0.955796 0.535937 0.955796 0.534375 0.953716 0.532812 0.953716 0.531250 0.951636 0.529687 0.957876 0.520312 0.959956 0.520312 0.974517 0.531250 0.976597 0.531250 0.982837 0.535937 0.982837 0.537500 0.984917 0.539062 0.986997 0.539062 0.989077 0.540625 0.989077 0.545312 1.000000 0.545312 1.000000 0.428125 0.982837 0.428125 0.982837 0.434375 0.976597 0.439062 0.976597 0.440625 0.957876 0.454687 0.955796 0.454687 0.951636 0.457812 0.945395 0.457812 0.945395 0.517187 0.951636 0.517187 0.953716 0.518750 0.955796 0.518750 0.957876 0.520312
1 0.982837 0.428125 0.982837 0.434375 0.974517 0.440625 0.974517 0.442187 0.966196 0.448437 0.964116 0.448437 0.959956 0.451562 0.957876 0.451562 0.955796 0.453125 0.951636 0.453125 0.945395 0.448437 0.941235 0.448437 0.939155 0.446875 0.932915 0.446875 0.930835 0.445312 0.924595 0.445312 0.922515 0.446875 0.916274 0.446875 0.914194 0.448437 0.907954 0.448437 0.905874 0.450000 0.901714 0.450000 0.897554 0.453125 0.895474 0.453125 0.893394 0.454687 0.891313 0.454687 0.889233 0.456250 0.887153 0.456250 0.874673 0.465625 0.874673 0.467187 0.872593 0.468750 0.872593 0.470312 0.868433 0.473437 0.868433 0.475000 0.866352 0.476562 0.866352 0.478125 0.864272 0.479687 0.864272 0.481250 0.862192 0.482812 0.853872 0.482812 0.853872 0.514062 0.860112 0.514062 0.864272 0.517187 0.864272 0.520312 0.866352 0.521875 0.866352 0.525000 0.868433 0.526562 0.868433 0.528125 0.870513 0.529687 0.870513 0.531250 0.874673 0.534375 0.874673 0.535937 0.880913 0.540625 0.880913 0.542187 0.882993 0.543750 0.885073 0.543750 0.895474 0.551562 0.895474 0.553125 0.897554 0.554687 0.897554 0.556250 0.899634 0.557812 0.899634 0.560937 0.897554 0.562500 0.897554 0.567187 0.895474 0.568750 0.895474 0.582812 0.897554 0.584375 0.897554 0.585937 0.901714 0.589062 0.901714 0.590625 0.903794 0.590625 0.907954 0.593750 0.912114 0.593750 0.914194 0.595312 0.916274 0.595312 0.918354 0.596875 0.918354 0.601562 0.922515 0.601562 0.922515 0.596875 0.924595 0.595312 0.926675 0.595312 0.928755 0.593750 0.930835 0.593750 0.932915 0.592187 0.934995 0.592187 0.943315 0.585937 0.945395 0.585937 0.953716 0.579687 0.955796 0.579687 0.957876 0.578125 0.957876 0.576562 0.959956 0.575000 0.966196 0.575000 0.968276 0.573437 0.970356 0.573437 0.972437 0.575000 0.974517 0.575000 0.978677 0.578125 0.978677 0.581250 0.980757 0.582812 0.980757 0.584375 0.986997 0.589062 0.986997 0.592187 0.989077 0.593750 0.989077 0.601562 1.000000 0.601562 1.000000 0.428125
2 0.304731 0.346875 0.304731 0.351562 0.298491 0.356250 0.296411 0.356250 0.283931 0.365625 0.283931 0.367188 0.277690 0.371875 0.271450 0.371875 0.271450 0.412500 0.277690 0.412500 0.283931 0.417187 0.283931 0.418750 0.292251 0.425000 0.294331 0.425000 0.296411 0.426562 0.298491 0.426562 0.300571 0.428125 0.304731 0.428125 0.306812 0.429688 0.308892 0.429688 0.310972 0.431250 0.317212 0.431250 0.319292 0.432812 0.321372 0.431250 0.327612 0.431250 0.329692 0.429688 0.331772 0.429688 0.333853 0.428125 0.352573 0.428125 0.354653 0.426562 0.362974 0.426562 0.365054 0.425000 0.379614 0.425000 0.392095 0.415625 0.392095 0.414062 0.396255 0.410937 0.402495 0.410937 0.402495 0.373437 0.396255 0.373437 0.385854 0.365625 0.385854 0.364062 0.383774 0.364062 0.373374 0.356250 0.371294 0.356250 0.365054 0.351562 0.365054 0.346875
1 0.860112 0.945312 0.862192 0.946875 0.868433 0.946875 0.868433 0.940625 0.860112 0.940625 0.860112 0.945312 0.845552 0.946875 0.826831 0.946875 0.824751 0.945312 0.816431 0.945312 0.814351 0.946875 0.799790 0.946875 0.795630 0.943750 0.795630 0.942187 0.793550 0.940625 0.793550 0.935937 0.795630 0.934375 0.795630 0.932812 0.793550 0.932812 0.789390 0.929688 0.758188 0.929688 0.756108 0.931250 0.745708 0.931250 0.743628 0.932812 0.737388 0.932812 0.735308 0.934375 0.731147 0.934375 0.729067 0.935937 0.722827 0.935937 0.720747 0.937500 0.716587 0.937500 0.714507 0.939062 0.710347 0.939062 0.706186 0.942187 0.702026 0.942187 0.699946 0.943750 0.695786 0.943750 0.693706 0.945312 0.691626 0.945312 0.689546 0.946875 0.687466 0.946875 0.685386 0.948437 0.683306 0.948437 0.681226 0.950000 0.677065 0.950000 0.672905 0.953125 0.670825 0.953125 0.668745 0.954687 0.662505 0.950000 0.662505 0.948437 0.660425 0.946875 0.660425 0.943750 0.662505 0.942187 0.662505 0.932812 0.660425 0.932812 0.658345 0.931250 0.652104 0.931250 0.650024 0.929688 0.633384 0.929688 0.631304 0.931250 0.620903 0.931250 0.618823 0.932812 0.610503 0.932812 0.608423 0.934375 0.604263 0.934375 0.602183 0.935937 0.598022 0.935937 0.595942 0.937500 0.593862 0.937500 0.591782 0.939062 0.587622 0.939062 0.583462 0.942187 0.581382 0.942187 0.579302 0.943750 0.577222 0.943750 0.575142 0.945312 0.573062 0.945312 0.570981 0.946875 0.568901 0.946875 0.564741 0.950000 0.562661 0.950000 0.550181 0.959375 0.550181 0.960938 0.541860 0.967187 0.541860 0.968750 0.539780 0.970312 0.539780 0.971875 0.535620 0.975000 0.535620 0.976562 0.533540 0.978125 0.533540 0.979687 0.531460 0.981250 0.531460 0.982812 0.527300 0.985937 0.521060 0.985937 0.521060 0.998437 0.868433 0.998437 0.868433 0.964062 0.862192 0.964062 0.858032 0.960938 0.858032 0.959375 0.855952 0.959375 0.845552 0.951562 0.845552 0.946875