1 0.410815 0.353125 0.410815 0.357812 0.404575 0.362500 0.402495 0.362500 0.400415 0.364062 0.381694 0.364062 0.379614 0.362500 0.377534 0.364062 0.373374 0.364062 0.369214 0.367188 0.367134 0.367188 0.350493 0.379687 0.350493 0.381250 0.348413 0.382812 0.348413 0.384375 0.346333 0.385937 0.338013 0.385937 0.338013 0.432812 0.344253 0.432812 0.348413 0.435937 0.348413 0.437500 0.350493 0.439062 0.350493 0.440625 0.362974 0.450000 0.365054 0.450000 0.369214 0.453125 0.371294 0.453125 0.375454 0.456250 0.379614 0.456250 0.383774 0.459375 0.383774 0.464062 0.423296 0.464062 0.423296 0.459375 0.427456 0.456250 0.429536 0.456250 0.431616 0.454687 0.433696 0.454687 0.437856 0.451562 0.439936 0.451562 0.442017 0.450000 0.444097 0.450000 0.448257 0.446875 0.450337 0.446875 0.452417 0.445312 0.452417 0.443750 0.460737 0.437500 0.460737 0.435937 0.462817 0.434375 0.462817 0.432812 0.464897 0.431250 0.464897 0.429688 0.466978 0.428125 0.466978 0.425000 0.471138 0.421875 0.477378 0.421875 0.477378 0.398438 0.471138 0.398438 0.469058 0.396875 0.469058 0.395312 0.466978 0.393750 0.466978 0.389062 0.464897 0.387500 0.464897 0.384375 0.460737 0.381250 0.460737 0.379687 0.452417 0.373437 0.450337 0.373437 0.446177 0.370312 0.444097 0.370312 0.442017 0.368750 0.439936 0.368750 0.435776 0.365625 0.433696 0.365625 0.429536 0.362500 0.425376 0.362500 0.423296 0.360937 0.419136 0.360937 0.417056 0.359375 0.414976 0.359375 0.412896 0.357812 0.412896 0.353125
0 0.510659 0.353125 0.510659 0.357812 0.506499 0.360937 0.504419 0.360937 0.502339 0.362500 0.500259 0.362500 0.496099 0.365625 0.494019 0.365625 0.477378 0.378125 0.477378 0.379687 0.475298 0.381250 0.475298 0.382812 0.473218 0.384375 0.473218 0.385937 0.469058 0.389062 0.462817 0.389062 0.462817 0.439062 0.469058 0.439062 0.496099 0.459375 0.498179 0.459375 0.506499 0.465625 0.506499 0.470312 0.568901 0.470312 0.568901 0.465625 0.573062 0.462500 0.575142 0.462500 0.577222 0.460938 0.579302 0.460938 0.585542 0.456250 0.587622 0.456250 0.602183 0.445312 0.602183 0.443750 0.606343 0.440625 0.606343 0.439062 0.608423 0.437500 0.608423 0.435937 0.612583 0.432812 0.618823 0.432812 0.618823 0.389062 0.612583 0.389062 0.608423 0.385937 0.608423 0.384375 0.606343 0.382812 0.606343 0.381250 0.602183 0.378125 0.602183 0.376562 0.585542 0.364062 0.583462 0.364062 0.579302 0.360937 0.577222 0.360937 0.573062 0.357812 0.573062 0.353125
1 0.560581 0.465625 0.560581 0.470312 0.556421 0.473437 0.554341 0.473437 0.552261 0.475000 0.550181 0.475000 0.531460 0.489062 0.531460 0.490625 0.525220 0.495312 0.525220 0.496875 0.523140 0.498437 0.523140 0.500000 0.521060 0.501562 0.521060 0.503125 0.518979 0.504687 0.512739 0.504687 0.512739 0.542187 0.518979 0.542187 0.523140 0.545312 0.523140 0.548437 0.525220 0.550000 0.525220 0.551562 0.527300 0.553125 0.527300 0.554687 0.535620 0.560937 0.535620 0.562500 0.546021 0.570312 0.548101 0.570312 0.550181 0.571875 0.552261 0.571875 0.554341 0.573437 0.556421 0.573437 0.562661 0.578125 0.562661 0.582812 0.627144 0.582812 0.627144 0.576562 0.629224 0.575000 0.631304 0.575000 0.633384 0.573437 0.635464 0.573437 0.639624 0.570312 0.641704 0.570312 0.647944 0.565625 0.650024 0.565625 0.658345 0.559375 0.658345 0.557812 0.662505 0.554687 0.662505 0.551562 0.664585 0.550000 0.664585 0.548437 0.666665 0.546875 0.666665 0.543750 0.670825 0.540625 0.677065 0.540625 0.677065 0.515625 0.670825 0.515625 0.668745 0.514062 0.668745 0.512500 0.666665 0.510937 0.666665 0.507812 0.664585 0.506250 0.664585 0.504687 0.662505 0.503125 0.662505 0.501562 0.660425 0.500000 0.660425 0.498437 0.654185 0.493750 0.654185 0.492188 0.650024 0.489062 0.650024 0.487500 0.647944 0.487500 0.645864 0.485937 0.643784 0.485937 0.637544 0.481250 0.635464 0.481250 0.633384 0.479687 0.631304 0.479687 0.629224 0.478125 0.627144 0.478125 0.620903 0.473437 0.616743 0.473437 0.612583 0.470312 0.612583 0.465625
1 0.302651 0.615625 0.302651 0.620312 0.300571 0.621875 0.298491 0.621875 0.296411 0.623438 0.292251 0.623438 0.290171 0.625000 0.288091 0.625000 0.283931 0.628125 0.281851 0.628125 0.277690 0.631250 0.275610 0.631250 0.263130 0.640625 0.263130 0.642187 0.252729 0.650000 0.246489 0.650000 0.246489 0.715625 0.254810 0.715625 0.256890 0.717187 0.258970 0.717187 0.261050 0.718750 0.261050 0.720312 0.263130 0.721875 0.265210 0.721875 0.269370 0.725000 0.269370 0.726562 0.279770 0.734375 0.281851 0.734375 0.286011 0.737500 0.288091 0.737500 0.290171 0.739062 0.290171 0.745312 0.350493 0.745312 0.350493 0.740625 0.354653 0.737500 0.356733 0.737500 0.358813 0.735937 0.360894 0.735937 0.362974 0.734375 0.365054 0.734375 0.369214 0.731250 0.371294 0.731250 0.377534 0.726562 0.379614 0.726562 0.396255 0.714062 0.402495 0.714062 0.402495 0.653125 0.396255 0.653125 0.390015 0.648438 0.390015 0.646875 0.387935 0.645312 0.387935 0.643750 0.362974 0.625000 0.358813 0.625000 0.356733 0.623438 0.354653 0.623438 0.352573 0.621875 0.350493 0.621875 0.348413 0.620312 0.348413 0.615625
0 0.308892 0.490625 0.308892 0.495312 0.304731 0.498437 0.302651 0.498437 0.300571 0.500000 0.298491 0.500000 0.296411 0.501562 0.294331 0.501562 0.288091 0.506250 0.286011 0.506250 0.283931 0.507812 0.281851 0.507812 0.273530 0.514062 0.273530 0.515625 0.267290 0.520312 0.267290 0.521875 0.265210 0.523437 0.265210 0.525000 0.261050 0.528125 0.254810 0.528125 0.254810 0.568750 0.261050 0.568750 0.265210 0.571875 0.265210 0.573437 0.267290 0.575000 0.267290 0.576562 0.273530 0.581250 0.273530 0.582812 0.288091 0.593750 0.290171 0.593750 0.296411 0.598437 0.298491 0.598437 0.300571 0.600000 0.302651 0.600000 0.306812 0.603125 0.306812 0.607813 0.352573 0.607813 0.352573 0.603125 0.356733 0.600000 0.358813 0.600000 0.360894 0.598437 0.365054 0.598437 0.367134 0.596875 0.369214 0.596875 0.373374 0.593750 0.375454 0.593750 0.390015 0.582812 0.390015 0.581250 0.392095 0.579687 0.392095 0.578125 0.396255 0.575000 0.396255 0.573437 0.398335 0.571875 0.398335 0.570312 0.400415 0.568750 0.400415 0.565625 0.404575 0.562500 0.410815 0.562500 0.410815 0.539062 0.404575 0.539062 0.400415 0.535937 0.400415 0.532812 0.398335 0.531250 0.398335 0.528125 0.396255 0.526562 0.396255 0.525000 0.394175 0.523437 0.394175 0.521875 0.390015 0.518750 0.390015 0.517187 0.387935 0.515625 0.387935 0.514062 0.377534 0.506250 0.375454 0.506250 0.371294 0.503125 0.369214 0.503125 0.365054 0.500000 0.362974 0.500000 0.360894 0.498437 0.358813 0.498437 0.354653 0.495312 0.354653 0.490625
2 0.604263 0.871875 0.604263 0.878125 0.598022 0.882812 0.598022 0.884375 0.595942 0.885937 0.595942 0.887500 0.591782 0.890625 0.591782 0.893750 0.589702 0.895312 0.589702 0.896875 0.585542 0.900000 0.579302 0.900000 0.579302 0.956250 0.585542 0.956250 0.587622 0.957812 0.587622 0.959375 0.589702 0.960938 0.589702 0.964062 0.591782 0.965625 0.591782 0.967187 0.593862 0.968750 0.593862 0.971875 0.595942 0.973437 0.595942 0.976562 0.610503 0.987500 0.612583 0.987500 0.616743 0.990625 0.618823 0.990625 0.622983 0.993750 0.625063 0.993750 0.629224 0.996875 0.629224 0.998437 0.878833 0.998437 0.878833 0.996875 0.887153 0.990625 0.893394 0.990625 0.893394 0.929688 0.887153 0.929688 0.882993 0.926562 0.882993 0.923437 0.880913 0.921875 0.880913 0.920312 0.874673 0.915625 0.874673 0.914062 0.872593 0.912500 0.872593 0.910937 0.849712 0.893750 0.847632 0.893750 0.845552 0.892187 0.843472 0.892187 0.839311 0.889062 0.837231 0.889062 0.835151 0.887500 0.833071 0.887500 0.830991 0.885937 0.826831 0.885937 0.824751 0.884375 0.818511 0.884375 0.816431 0.882812 0.810190 0.882812 0.808110 0.881250 0.791470 0.881250 0.789390 0.879687 0.768589 0.879687 0.766509 0.878125 0.758188 0.878125 0.756108 0.876562 0.756108 0.871875
2 0.427456 0.459375 0.427456 0.464062 0.423296 0.467187 0.421216 0.467187 0.412896 0.473437 0.410815 0.473437 0.400415 0.481250 0.400415 0.482812 0.398335 0.484375 0.398335 0.485937 0.394175 0.489062 0.387935 0.489062 0.387935 0.529687 0.394175 0.529687 0.402495 0.535937 0.402495 0.537500 0.404575 0.539062 0.404575 0.540625 0.410815 0.545312 0.412896 0.545312 0.419136 0.550000 0.421216 0.550000 0.425376 0.553125 0.425376 0.557812 0.481538 0.557812 0.481538 0.551562 0.483618 0.550000 0.485698 0.550000 0.487778 0.548437 0.489858 0.548437 0.496099 0.543750 0.496099 0.542187 0.498179 0.540625 0.498179 0.539062 0.500259 0.537500 0.500259 0.535937 0.502339 0.534375 0.502339 0.532812 0.508579 0.528125 0.508579 0.526562 0.512739 0.523437 0.518979 0.523437 0.518979 0.482812 0.510659 0.482812 0.498179 0.473437 0.496099 0.473437 0.494019 0.471875 0.491938 0.471875 0.489858 0.470312 0.487778 0.470312 0.485698 0.468750 0.483618 0.468750 0.481538 0.467187 0.475298 0.467187 0.473218 0.465625 0.466978 0.465625 0.464897 0.467187 0.458657 0.467187 0.456577 0.465625 0.439936 0.465625 0.437856 0.464062 0.437856 0.459375
2 0.429536 0.253125 0.429536 0.257812 0.425376 0.260937 0.423296 0.260937 0.421216 0.262500 0.417056 0.262500 0.412896 0.265625 0.410815 0.265625 0.406655 0.268750 0.404575 0.268750 0.392095 0.278125 0.392095 0.279687 0.390015 0.281250 0.390015 0.282812 0.385854 0.285937 0.379614 0.285937 0.379614 0.339062 0.385854 0.339062 0.394175 0.345312 0.394175 0.346875 0.400415 0.351562 0.402495 0.351562 0.406655 0.354687 0.408735 0.354687 0.412896 0.357812 0.417056 0.357812 0.419136 0.359375 0.421216 0.359375 0.423296 0.360937 0.427456 0.360937 0.429536 0.362500 0.433696 0.362500 0.437856 0.365625 0.437856 0.370312 0.469058 0.370312 0.469058 0.365625 0.473218 0.362500 0.477378 0.362500 0.479458 0.360937 0.481538 0.360937 0.483618 0.359375 0.485698 0.359375 0.487778 0.357812 0.491938 0.357812 0.494019 0.356250 0.498179 0.356250 0.500259 0.354687 0.502339 0.354687 0.502339 0.353125 0.506499 0.350000 0.508579 0.350000 0.512739 0.346875 0.512739 0.345312 0.516899 0.342187 0.516899 0.340625 0.521060 0.337500 0.527300 0.337500 0.527300 0.285937 0.518979 0.285937 0.516899 0.284375 0.516899 0.282812 0.514819 0.281250 0.514819 0.279687 0.500259 0.268750 0.498179 0.268750 0.491938 0.264062 0.489858 0.264062 0.485698 0.260937 0.481538 0.260937 0.477378 0.257812 0.477378 0.253125
2 0.702026 0.409375 0.702026 0.414062 0.697866 0.417187 0.695786 0.417187 0.693706 0.418750 0.691626 0.418750 0.687466 0.421875 0.685386 0.421875 0.679145 0.426562 0.677065 0.426562 0.668745 0.432812 0.668745 0.434375 0.660425 0.440625 0.660425 0.442187 0.658345 0.443750 0.658345 0.445312 0.656265 0.446875 0.656265 0.448437 0.652104 0.451562 0.645864 0.451562 0.645864 0.485937 0.652104 0.485937 0.656265 0.489062 0.656265 0.490625 0.658345 0.492188 0.658345 0.493750 0.662505 0.496875 0.662505 0.498437 0.666665 0.501562 0.666665 0.503125 0.670825 0.506250 0.670825 0.507812 0.681226 0.515625 0.683306 0.515625 0.689546 0.520312 0.691626 0.520312 0.695786 0.523437 0.699946 0.523437 0.702026 0.525000 0.704106 0.525000 0.706186 0.526562 0.708267 0.526562 0.710347 0.528125 0.710347 0.532812 0.764429 0.532812 0.764429 0.528125 0.768589 0.525000 0.770669 0.525000 0.774829 0.521875 0.776909 0.521875 0.785229 0.515625 0.787310 0.515625 0.787310 0.514062 0.799790 0.504687 0.799790 0.503125 0.801870 0.501562 0.810190 0.501562 0.810190 0.442187 0.801870 0.442187 0.799790 0.440625 0.799790 0.439062 0.793550 0.434375 0.793550 0.432812 0.783149 0.425000 0.781069 0.425000 0.774829 0.420312 0.772749 0.420312 0.770669 0.418750 0.768589 0.418750 0.766509 0.417187 0.764429 0.417187 0.760269 0.414062 0.760269 0.409375
1 0.342173 0.784375 0.342173 0.789062 0.335933 0.793750 0.333853 0.793750 0.331772 0.795312 0.329692 0.795312 0.327612 0.796875 0.327612 0.806250 0.329692 0.807812 0.329692 0.809375 0.333853 0.812500 0.335933 0.812500 0.340093 0.815625 0.342173 0.815625 0.346333 0.818750 0.346333 0.821875 0.344253 0.823437 0.342173 0.823437 0.331772 0.831250 0.329692 0.831250 0.315132 0.842187 0.315132 0.843750 0.310972 0.846875 0.304731 0.846875 0.304731 0.904687 0.310972 0.904687 0.315132 0.907812 0.315132 0.910937 0.317212 0.912500 0.317212 0.914062 0.319292 0.915625 0.319292 0.917187 0.323452 0.920312 0.323452 0.921875 0.325532 0.923437 0.325532 0.925000 0.327612 0.926562 0.327612 0.928125 0.333853 0.932812 0.333853 0.934375 0.352573 0.948437 0.354653 0.948437 0.356733 0.950000 0.358813 0.950000 0.362974 0.953125 0.365054 0.953125 0.367134 0.954687 0.371294 0.954687 0.373374 0.956250 0.375454 0.956250 0.379614 0.959375 0.379614 0.964062 0.421216 0.964062 0.421216 0.957812 0.423296 0.956250 0.425376 0.956250 0.427456 0.954687 0.431616 0.954687 0.433696 0.953125 0.458657 0.953125 0.460737 0.951562 0.462817 0.951562 0.462817 0.950000 0.464897 0.948437 0.464897 0.946875 0.466978 0.945312 0.466978 0.943750 0.464897 0.942187 0.464897 0.940625 0.477378 0.931250 0.477378 0.929688 0.481538 0.926562 0.481538 0.925000 0.483618 0.923437 0.483618 0.921875 0.485698 0.920312 0.485698 0.917187 0.487778 0.915625 0.487778 0.914062 0.489858 0.912500 0.489858 0.909375 0.491938 0.907812 0.491938 0.906250 0.496099 0.903125 0.502339 0.903125 0.502339 0.862500 0.496099 0.862500 0.491938 0.859375 0.491938 0.857812 0.483618 0.851562 0.481538 0.851562 0.479458 0.850000 0.477378 0.850000 0.466978 0.842187 0.466978 0.840625 0.464897 0.839062 0.464897 0.832812 0.462817 0.831250 0.462817 0.826562 0.460737 0.825000 0.460737 0.821875 0.458657 0.820312 0.458657 0.818750 0.456577 0.817187 0.456577 0.815625 0.454497 0.814062 0.454497 0.812500 0.448257 0.807812 0.448257 0.806250 0.433696 0.795312 0.431616 0.795312 0.427456 0.792187 0.425376 0.792187 0.423296 0.790625 0.423296 0.784375
2 0.473218 0.584375 0.473218 0.589062 0.471138 0.590625 0.469058 0.590625 0.466978 0.592187 0.464897 0.592187 0.462817 0.593750 0.460737 0.593750 0.458657 0.595312 0.456577 0.595312 0.452417 0.598437 0.450337 0.598437 0.448257 0.600000 0.446177 0.600000 0.433696 0.609375 0.433696 0.610937 0.427456 0.615625 0.427456 0.617188 0.425376 0.618750 0.425376 0.621875 0.423296 0.623438 0.423296 0.625000 0.419136 0.628125 0.412896 0.628125 0.412896 0.665625 0.419136 0.665625 0.423296 0.668750 0.423296 0.670312 0.425376 0.671875 0.425376 0.673437 0.433696 0.679688 0.433696 0.681250 0.444097 0.689062 0.446177 0.689062 0.450337 0.692187 0.452417 0.692187 0.458657 0.696875 0.458657 0.701562 0.523140 0.701562 0.523140 0.696875 0.529380 0.692187 0.531460 0.692187 0.541860 0.684375 0.543940 0.684375 0.546021 0.682812 0.546021 0.681250 0.552261 0.676562 0.552261 0.675000 0.554341 0.673437 0.554341 0.671875 0.556421 0.670312 0.556421 0.668750 0.558501 0.667187 0.558501 0.664062 0.562661 0.660937 0.568901 0.660937 0.568901 0.631250 0.562661 0.631250 0.558501 0.628125 0.558501 0.626562 0.556421 0.625000 0.556421 0.621875 0.554341 0.620312 0.554341 0.618750 0.550181 0.615625 0.550181 0.614062 0.546021 0.610937 0.546021 0.609375 0.533540 0.600000 0.531460 0.600000 0.527300 0.596875 0.525220 0.596875 0.521060 0.593750 0.516899 0.593750 0.514819 0.592187 0.512739 0.592187 0.508579 0.589062 0.508579 0.584375
2 0.269370 0.396875 0.269370 0.401562 0.265210 0.404687 0.261050 0.404687 0.258970 0.406250 0.256890 0.406250 0.254810 0.407812 0.252729 0.407812 0.250649 0.409375 0.248569 0.409375 0.246489 0.410937 0.244409 0.410937 0.240249 0.414062 0.238169 0.414062 0.225688 0.423437 0.225688 0.425000 0.219448 0.429688 0.213208 0.429688 0.213208 0.481250 0.219448 0.481250 0.225688 0.485937 0.225688 0.487500 0.238169 0.496875 0.240249 0.496875 0.244409 0.500000 0.246489 0.500000 0.250649 0.503125 0.250649 0.507812 0.290171 0.507812 0.290171 0.503125 0.292251 0.501562 0.294331 0.501562 0.296411 0.500000 0.298491 0.500000 0.300571 0.498437 0.302651 0.498437 0.304731 0.496875 0.308892 0.496875 0.310972 0.495312 0.313052 0.495312 0.315132 0.493750 0.317212 0.493750 0.321372 0.490625 0.325532 0.490625 0.327612 0.489062 0.329692 0.489062 0.335933 0.484375 0.335933 0.482812 0.342173 0.478125 0.342173 0.476562 0.346333 0.473437 0.352573 0.473437 0.352573 0.440625 0.346333 0.440625 0.342173 0.437500 0.342173 0.435937 0.340093 0.434375 0.340093 0.432812 0.338013 0.431250 0.338013 0.429688 0.335933 0.428125 0.335933 0.425000 0.333853 0.423437 0.333853 0.421875 0.329692 0.418750 0.329692 0.417187 0.321372 0.410937 0.319292 0.410937 0.313052 0.406250 0.310972 0.406250 0.308892 0.404687 0.304731 0.404687 0.300571 0.401562 0.300571 0.396875
1 0.598022 0.964062 0.598022 0.965625 0.595942 0.967187 0.595942 0.975000 0.598022 0.976562 0.598022 0.978125 0.606343 0.984375 0.608423 0.984375 0.610503 0.985937 0.618823 0.985937 0.618823 0.957812 0.604263 0.957812 0.600103 0.960938 0.600103 0.962500 0.598022 0.964062 0.589702 0.962500 0.589702 0.943750 0.587622 0.942187 0.587622 0.937500 0.585542 0.935937 0.585542 0.932812 0.583462 0.931250 0.583462 0.929688 0.581382 0.928125 0.581382 0.926562 0.579302 0.925000 0.579302 0.923437 0.575142 0.920312 0.568901 0.920312 0.566821 0.918750 0.564741 0.918750 0.562661 0.917187 0.498179 0.917187 0.496099 0.918750 0.491938 0.918750 0.481538 0.926562 0.481538 0.929688 0.479458 0.931250 0.479458 0.932812 0.477378 0.934375 0.477378 0.935937 0.475298 0.937500 0.475298 0.940625 0.473218 0.942187 0.473218 0.945312 0.471138 0.946875 0.471138 0.948437 0.466978 0.951562 0.466978 0.953125 0.464897 0.954687 0.464897 0.956250 0.462817 0.957812 0.462817 0.959375 0.460737 0.960938 0.454497 0.960938 0.454497 0.998437 0.577222 0.998437 0.577222 0.996875 0.575142 0.995312 0.575142 0.978125 0.577222 0.976562 0.577222 0.973437 0.579302 0.971875 0.579302 0.970312 0.589702 0.962500
1 0.350493 0.971875 0.350493 0.976562 0.327612 0.993750 0.321372 0.993750 0.321372 0.998437 0.419136 0.998437 0.419136 0.992188 0.410815 0.992188 0.406655 0.989062 0.406655 0.987500 0.404575 0.985937 0.402495 0.985937 0.400415 0.984375 0.400415 0.982812 0.396255 0.979687 0.394175 0.979687 0.392095 0.978125 0.392095 0.971875