0 0.587104 0.603125 0.587104 0.609375 0.589185 0.610937 0.591265 0.610937 0.597505 0.615625 0.599585 0.615625 0.612065 0.625000 0.614146 0.625000 0.618306 0.628125 0.618306 0.629687 0.624546 0.634375 0.624546 0.635937 0.626626 0.637500 0.626626 0.639062 0.628706 0.640625 0.628706 0.642187 0.630786 0.643750 0.637026 0.643750 0.637026 0.671875 0.630786 0.671875 0.626626 0.675000 0.626626 0.676562 0.622466 0.679688 0.622466 0.681250 0.620386 0.682812 0.620386 0.684375 0.618306 0.685937 0.618306 0.687500 0.609985 0.693750 0.609985 0.695312 0.603745 0.700000 0.603745 0.701562 0.601665 0.703125 0.599585 0.703125 0.591265 0.709375 0.591265 0.714062 0.522622 0.714062 0.522622 0.709375 0.516382 0.704687 0.514302 0.704687 0.512222 0.703125 0.510142 0.703125 0.497661 0.693750 0.497661 0.692187 0.493501 0.689062 0.493501 0.687500 0.491421 0.685937 0.491421 0.684375 0.487261 0.681250 0.481021 0.681250 0.481021 0.637500 0.487261 0.637500 0.491421 0.634375 0.491421 0.632812 0.495581 0.629687 0.495581 0.628125 0.503901 0.621875 0.505981 0.621875 0.508062 0.620312 0.510142 0.620312 0.512222 0.618750 0.514302 0.618750 0.516382 0.617188 0.518462 0.617188 0.522622 0.614062 0.524702 0.614062 0.526782 0.612500 0.528862 0.612500 0.535103 0.607813 0.535103 0.603125
1 0.639106 0.428125 0.639106 0.432812 0.641187 0.434375 0.643267 0.434375 0.645347 0.435937 0.651587 0.435937 0.653667 0.437500 0.655747 0.437500 0.659907 0.440625 0.661987 0.440625 0.666147 0.443750 0.668228 0.443750 0.680708 0.453125 0.680708 0.454687 0.682788 0.456250 0.682788 0.457812 0.689028 0.462500 0.695269 0.462500 0.695269 0.512500 0.686948 0.512500 0.682788 0.515625 0.680708 0.515625 0.670308 0.523437 0.668228 0.523437 0.666147 0.525000 0.664067 0.525000 0.659907 0.528125 0.659907 0.532812 0.587104 0.532812 0.587104 0.526562 0.585024 0.525000 0.582944 0.525000 0.572544 0.517187 0.572544 0.515625 0.566304 0.510937 0.566304 0.509375 0.562144 0.506250 0.555903 0.506250 0.555903 0.464062 0.562144 0.464062 0.566304 0.460938 0.566304 0.459375 0.568384 0.457812 0.568384 0.456250 0.574624 0.451562 0.574624 0.450000 0.580864 0.445312 0.582944 0.445312 0.587104 0.442187 0.589185 0.442187 0.591265 0.440625 0.593345 0.440625 0.597505 0.437500 0.601665 0.437500 0.603745 0.435937 0.607905 0.435937 0.609985 0.434375 0.612065 0.434375 0.614146 0.432812 0.614146 0.428125
1 0.189810 0.546875 0.189810 0.551562 0.196050 0.556250 0.198130 0.556250 0.202290 0.559375 0.204370 0.559375 0.206450 0.560937 0.208530 0.560937 0.210610 0.562500 0.212690 0.562500 0.216851 0.565625 0.218931 0.565625 0.235571 0.578125 0.235571 0.579687 0.239731 0.582812 0.245972 0.582812 0.245972 0.632812 0.239731 0.632812 0.233491 0.637500 0.231411 0.637500 0.227251 0.640625 0.227251 0.642187 0.221011 0.646875 0.218931 0.646875 0.212690 0.651562 0.208530 0.651562 0.206450 0.653125 0.202290 0.653125 0.200210 0.654687 0.196050 0.654687 0.193970 0.656250 0.187730 0.656250 0.185649 0.657812 0.179409 0.657812 0.177329 0.659375 0.177329 0.664062 0.137808 0.664062 0.137808 0.659375 0.133648 0.656250 0.129487 0.656250 0.127407 0.654687 0.123247 0.654687 0.121167 0.653125 0.119087 0.653125 0.117007 0.651562 0.114927 0.651562 0.108687 0.646875 0.106606 0.646875 0.102446 0.643750 0.102446 0.642187 0.100366 0.640625 0.100366 0.639062 0.098286 0.637500 0.089966 0.637500 0.089966 0.581250 0.096206 0.581250 0.100366 0.578125 0.100366 0.576562 0.102446 0.575000 0.102446 0.573437 0.110767 0.567187 0.110767 0.565625 0.114927 0.562500 0.117007 0.562500 0.119087 0.560937 0.121167 0.560937 0.127407 0.556250 0.129487 0.556250 0.131567 0.554687 0.133648 0.554687 0.137808 0.551562 0.137808 0.546875
1 0.524702 0.515625 0.524702 0.521875 0.522622 0.523437 0.522622 0.525000 0.520542 0.526562 0.526782 0.531250 0.528862 0.531250 0.533022 0.534375 0.533022 0.535937 0.539263 0.540625 0.539263 0.542187 0.541343 0.543750 0.541343 0.545312 0.547583 0.550000 0.553823 0.550000 0.553823 0.598437 0.545503 0.598437 0.543423 0.600000 0.543423 0.601562 0.535103 0.607813 0.533022 0.607813 0.530942 0.609375 0.528862 0.609375 0.520542 0.615625 0.516382 0.615625 0.514302 0.617188 0.512222 0.617188 0.505981 0.621875 0.505981 0.626562 0.453979 0.626562 0.453979 0.621875 0.449819 0.618750 0.447739 0.618750 0.445659 0.617188 0.443579 0.617188 0.439419 0.614062 0.437339 0.614062 0.435259 0.612500 0.433179 0.612500 0.431099 0.610937 0.429019 0.610937 0.426938 0.609375 0.424858 0.609375 0.422778 0.607813 0.420698 0.607813 0.420698 0.606250 0.416538 0.603125 0.416538 0.600000 0.414458 0.598437 0.414458 0.596875 0.412378 0.595312 0.406138 0.595312 0.406138 0.551562 0.412378 0.551562 0.416538 0.548437 0.416538 0.546875 0.418618 0.545312 0.418618 0.543750 0.424858 0.539062 0.424858 0.537500 0.433179 0.531250 0.435259 0.531250 0.437339 0.529687 0.439419 0.529687 0.441499 0.528125 0.443579 0.528125 0.449819 0.523437 0.451899 0.523437 0.453979 0.521875 0.453979 0.515625
0 0.508062 0.421875 0.508062 0.426562 0.512222 0.429688 0.518462 0.429688 0.520542 0.431250 0.522622 0.431250 0.524702 0.432812 0.526782 0.432812 0.533022 0.437500 0.535103 0.437500 0.549663 0.448437 0.549663 0.450000 0.555903 0.454687 0.562144 0.454687 0.562144 0.504687 0.555903 0.504687 0.551743 0.507812 0.551743 0.509375 0.539263 0.518750 0.537183 0.518750 0.535103 0.520312 0.535103 0.526562 0.453979 0.526562 0.453979 0.521875 0.449819 0.518750 0.447739 0.518750 0.435259 0.509375 0.435259 0.507812 0.433179 0.506250 0.433179 0.503125 0.429019 0.500000 0.422778 0.500000 0.422778 0.457812 0.429019 0.457812 0.433179 0.454687 0.433179 0.453125 0.435259 0.451562 0.435259 0.450000 0.443579 0.443750 0.443579 0.442187 0.447739 0.439062 0.449819 0.439062 0.453979 0.435937 0.456060 0.435937 0.460220 0.432812 0.462300 0.432812 0.464380 0.431250 0.466460 0.431250 0.468540 0.429688 0.470620 0.429688 0.472700 0.428125 0.474780 0.428125 0.476860 0.426562 0.476860 0.421875
2 0.693188 0.653125 0.693188 0.657812 0.697349 0.660937 0.699429 0.660937 0.701509 0.662500 0.703589 0.662500 0.705669 0.664062 0.707749 0.664062 0.711909 0.667187 0.713989 0.667187 0.726470 0.676562 0.726470 0.678125 0.730630 0.681250 0.730630 0.682812 0.732710 0.684375 0.732710 0.685937 0.734790 0.687500 0.734790 0.689062 0.736870 0.690625 0.736870 0.692187 0.738950 0.693750 0.745190 0.693750 0.745190 0.723437 0.738950 0.723437 0.732710 0.728125 0.732710 0.731250 0.730630 0.732812 0.730630 0.734375 0.726470 0.737500 0.726470 0.739062 0.722310 0.742188 0.722310 0.743750 0.720230 0.745312 0.720230 0.746875 0.718149 0.746875 0.713989 0.750000 0.713989 0.751562 0.711909 0.753125 0.709829 0.753125 0.705669 0.756250 0.703589 0.756250 0.701509 0.757812 0.701509 0.764062 0.634946 0.764062 0.634946 0.757812 0.632866 0.756250 0.630786 0.756250 0.626626 0.753125 0.624546 0.753125 0.614146 0.745312 0.614146 0.743750 0.609985 0.740625 0.609985 0.739062 0.603745 0.734375 0.597505 0.734375 0.597505 0.703125 0.603745 0.703125 0.612065 0.696875 0.612065 0.695312 0.614146 0.693750 0.614146 0.692187 0.618306 0.689062 0.618306 0.687500 0.622466 0.684375 0.622466 0.682812 0.624546 0.681250 0.624546 0.679688 0.626626 0.678125 0.626626 0.676562 0.628706 0.675000 0.628706 0.673437 0.632866 0.670312 0.632866 0.668750 0.634946 0.667187 0.634946 0.665625 0.645347 0.657812 0.645347 0.653125
1 0.765991 0.053125 0.765991 0.057812 0.770151 0.060937 0.774312 0.060937 0.776392 0.062500 0.778472 0.062500 0.780552 0.064062 0.782632 0.064062 0.784712 0.065625 0.786792 0.065625 0.788872 0.067187 0.790952 0.067187 0.793032 0.068750 0.795112 0.068750 0.801353 0.073437 0.803433 0.073437 0.805513 0.075000 0.807593 0.075000 0.813833 0.079687 0.815913 0.079687 0.817993 0.081250 0.820073 0.081250 0.828394 0.087500 0.830474 0.087500 0.857515 0.107812 0.857515 0.109375 0.865835 0.115625 0.865835 0.117188 0.867915 0.118750 0.867915 0.120312 0.874155 0.125000 0.874155 0.126562 0.876235 0.128125 0.876235 0.131250 0.878315 0.132812 0.878315 0.134375 0.880396 0.135937 0.886636 0.135937 0.886636 0.207812 0.728550 0.207812 0.728550 0.195312 0.726470 0.193750 0.726470 0.190625 0.724390 0.189062 0.722310 0.189062 0.720230 0.187500 0.718149 0.187500 0.713989 0.184375 0.711909 0.184375 0.709829 0.182812 0.707749 0.182812 0.705669 0.181250 0.701509 0.181250 0.699429 0.179688 0.697349 0.179688 0.695269 0.178125 0.693188 0.178125 0.691108 0.176562 0.689028 0.176562 0.686948 0.175000 0.682788 0.175000 0.680708 0.173437 0.678628 0.173437 0.676548 0.171875 0.674468 0.171875 0.672388 0.170312 0.670308 0.170312 0.668228 0.168750 0.666147 0.168750 0.664067 0.167187 0.661987 0.167187 0.659907 0.165625 0.657827 0.165625 0.653667 0.162500 0.651587 0.162500 0.647427 0.159375 0.645347 0.159375 0.624546 0.143750 0.624546 0.142187 0.620386 0.139062 0.614146 0.139062 0.614146 0.090625 0.620386 0.090625 0.624546 0.087500 0.624546 0.085938 0.626626 0.084375 0.626626 0.082812 0.639106 0.073437 0.641187 0.073437 0.645347 0.070312 0.647427 0.070312 0.649507 0.068750 0.651587 0.068750 0.653667 0.067187 0.657827 0.067187 0.659907 0.065625 0.661987 0.065625 0.664067 0.064062 0.668228 0.064062 0.670308 0.062500 0.676548 0.062500 0.678628 0.060937 0.682788 0.060937 0.684868 0.059375 0.686948 0.059375 0.689028 0.057812 0.689028 0.053125
2 0.372856 0.396875 0.372856 0.401562 0.379097 0.406250 0.381177 0.406250 0.387417 0.410937 0.389497 0.410937 0.395737 0.415625 0.395737 0.417187 0.401978 0.421875 0.401978 0.423437 0.406138 0.426562 0.412378 0.426562 0.412378 0.473437 0.406138 0.473437 0.399897 0.478125 0.399897 0.481250 0.393657 0.485937 0.393657 0.487500 0.381177 0.496875 0.379097 0.496875 0.377017 0.498437 0.374937 0.498437 0.372856 0.500000 0.370776 0.500000 0.366616 0.503125 0.366616 0.507812 0.318774 0.507812 0.318774 0.503125 0.314614 0.500000 0.312534 0.500000 0.310454 0.498437 0.308374 0.498437 0.306294 0.496875 0.304214 0.496875 0.300054 0.493750 0.297974 0.493750 0.283413 0.482812 0.283413 0.481250 0.277173 0.476562 0.277173 0.473437 0.275093 0.471875 0.275093 0.470312 0.270933 0.467187 0.264692 0.467187 0.264692 0.432812 0.270933 0.432812 0.275093 0.429688 0.275093 0.428125 0.277173 0.426562 0.277173 0.425000 0.279253 0.423437 0.279253 0.421875 0.283413 0.418750 0.283413 0.417187 0.293814 0.409375 0.295894 0.409375 0.300054 0.406250 0.302134 0.406250 0.304214 0.404687 0.306294 0.404687 0.308374 0.403125 0.308374 0.396875
2 0.666147 0.528125 0.666147 0.532812 0.670308 0.535937 0.674468 0.535937 0.676548 0.537500 0.678628 0.537500 0.680708 0.539062 0.682788 0.539062 0.701509 0.553125 0.701509 0.554687 0.703589 0.556250 0.711909 0.556250 0.711909 0.606250 0.705669 0.606250 0.699429 0.610937 0.699429 0.612500 0.691108 0.618750 0.691108 0.620312 0.686948 0.623438 0.684868 0.623438 0.678628 0.628125 0.676548 0.628125 0.672388 0.631250 0.668228 0.631250 0.664067 0.634375 0.664067 0.639062 0.634946 0.639062 0.634946 0.634375 0.630786 0.631250 0.626626 0.631250 0.618306 0.625000 0.616226 0.625000 0.603745 0.615625 0.601665 0.615625 0.599585 0.614062 0.597505 0.614062 0.589185 0.607813 0.587104 0.607813 0.582944 0.604687 0.582944 0.603125 0.580864 0.601562 0.572544 0.601562 0.572544 0.553125 0.578784 0.553125 0.601665 0.535937 0.605825 0.535937 0.609985 0.532812 0.609985 0.528125
2 0.422778 0.603125 0.422778 0.607813 0.426938 0.610937 0.429019 0.610937 0.431099 0.612500 0.433179 0.612500 0.435259 0.614062 0.437339 0.614062 0.447739 0.621875 0.449819 0.621875 0.453979 0.625000 0.456060 0.625000 0.464380 0.631250 0.470620 0.631250 0.470620 0.690625 0.464380 0.690625 0.460220 0.693750 0.460220 0.695312 0.456060 0.698437 0.456060 0.700000 0.451899 0.703125 0.449819 0.703125 0.441499 0.709375 0.439419 0.709375 0.437339 0.710938 0.433179 0.710938 0.426938 0.715625 0.426938 0.720312 0.372856 0.720312 0.372856 0.714062 0.370776 0.712500 0.368696 0.712500 0.366616 0.710938 0.364536 0.710938 0.362456 0.709375 0.360376 0.709375 0.356216 0.706250 0.354136 0.706250 0.341655 0.696875 0.341655 0.695312 0.335415 0.690625 0.335415 0.687500 0.329175 0.682812 0.322935 0.682812 0.322935 0.640625 0.329175 0.640625 0.335415 0.635937 0.335415 0.634375 0.337495 0.632812 0.337495 0.631250 0.345815 0.625000 0.345815 0.623438 0.349976 0.620312 0.352056 0.620312 0.356216 0.617188 0.358296 0.617188 0.364536 0.612500 0.366616 0.612500 0.368696 0.610937 0.372856 0.610937 0.377017 0.607813 0.377017 0.603125
2 0.612065 0.346875 0.612065 0.353125 0.614146 0.354687 0.616226 0.354687 0.620386 0.357812 0.622466 0.357812 0.634946 0.367188 0.634946 0.368750 0.637026 0.370312 0.645347 0.370312 0.645347 0.418750 0.639106 0.418750 0.634946 0.421875 0.634946 0.423437 0.628706 0.428125 0.626626 0.428125 0.624546 0.429688 0.622466 0.429688 0.620386 0.431250 0.618306 0.431250 0.616226 0.432812 0.614146 0.432812 0.612065 0.434375 0.605825 0.434375 0.603745 0.435937 0.599585 0.435937 0.597505 0.437500 0.595425 0.437500 0.591265 0.440625 0.591265 0.445312 0.543423 0.445312 0.543423 0.440625 0.533022 0.432812 0.530942 0.432812 0.528862 0.431250 0.528862 0.429688 0.518462 0.421875 0.518462 0.420312 0.516382 0.418750 0.516382 0.417187 0.512222 0.414062 0.505981 0.414062 0.505981 0.379687 0.512222 0.379687 0.516382 0.376562 0.516382 0.375000 0.518462 0.373437 0.518462 0.371875 0.522622 0.368750 0.522622 0.367188 0.528862 0.362500 0.528862 0.360937 0.530942 0.360937 0.533022 0.359375 0.533022 0.357812 0.535103 0.357812 0.539263 0.354687 0.541343 0.354687 0.543423 0.353125 0.543423 0.346875