1 0.417056 0.365625 0.417056 0.370312 0.412896 0.373437 0.410815 0.373437 0.408735 0.375000 0.406655 0.375000 0.398335 0.381250 0.398335 0.382812 0.387935 0.390625 0.387935 0.392187 0.385854 0.393750 0.379614 0.393750 0.379614 0.431250 0.385854 0.431250 0.390015 0.434375 0.390015 0.435937 0.398335 0.442187 0.398335 0.443750 0.400415 0.445312 0.400415 0.446875 0.404575 0.450000 0.406655 0.450000 0.410815 0.453125 0.412896 0.453125 0.414976 0.454687 0.421216 0.454687 0.423296 0.456250 0.429536 0.456250 0.431616 0.457812 0.433696 0.457812 0.435776 0.459375 0.435776 0.464062 0.456577 0.464062 0.456577 0.459375 0.458657 0.457812 0.460737 0.457812 0.462817 0.456250 0.469058 0.456250 0.471138 0.454687 0.473218 0.454687 0.479458 0.450000 0.481538 0.450000 0.500259 0.435937 0.500259 0.434375 0.502339 0.432812 0.502339 0.431250 0.504419 0.429688 0.510659 0.429688 0.510659 0.393750 0.504419 0.393750 0.500259 0.390625 0.500259 0.389062 0.498179 0.387500 0.498179 0.385937 0.481538 0.373437 0.479458 0.373437 0.475298 0.370312 0.475298 0.365625
1 0.442017 0.534375 0.442017 0.539062 0.437856 0.542187 0.433696 0.542187 0.429536 0.545312 0.427456 0.545312 0.421216 0.550000 0.419136 0.550000 0.417056 0.551562 0.414976 0.551562 0.412896 0.553125 0.410815 0.553125 0.398335 0.562500 0.398335 0.564062 0.394175 0.567187 0.392095 0.567187 0.392095 0.568750 0.390015 0.570312 0.390015 0.571875 0.385854 0.575000 0.379614 0.575000 0.379614 0.606250 0.385854 0.606250 0.390015 0.609375 0.390015 0.612500 0.394175 0.615625 0.394175 0.617188 0.398335 0.620312 0.398335 0.621875 0.412896 0.632812 0.417056 0.632812 0.419136 0.634375 0.423296 0.634375 0.425376 0.635937 0.435776 0.635937 0.437856 0.637500 0.439936 0.637500 0.444097 0.640625 0.444097 0.645312 0.456577 0.645312 0.456577 0.640625 0.458657 0.639062 0.460737 0.639062 0.462817 0.637500 0.466978 0.637500 0.469058 0.635937 0.487778 0.635937 0.489858 0.634375 0.491938 0.634375 0.494019 0.632812 0.496099 0.632812 0.500259 0.629687 0.502339 0.629687 0.506499 0.626562 0.508579 0.626562 0.512739 0.623438 0.514819 0.623438 0.525220 0.615625 0.525220 0.614062 0.527300 0.612500 0.535620 0.612500 0.535620 0.559375 0.529380 0.559375 0.514819 0.548437 0.512739 0.548437 0.508579 0.545312 0.506499 0.545312 0.504419 0.543750 0.500259 0.543750 0.498179 0.542187 0.496099 0.542187 0.491938 0.539062 0.491938 0.534375
0 0.325532 0.434375 0.325532 0.439062 0.321372 0.442187 0.319292 0.442187 0.317212 0.443750 0.313052 0.443750 0.310972 0.445312 0.308892 0.445312 0.306812 0.446875 0.304731 0.446875 0.302651 0.448437 0.300571 0.448437 0.298491 0.450000 0.296411 0.450000 0.294331 0.451562 0.294331 0.453125 0.290171 0.456250 0.288091 0.456250 0.286011 0.457812 0.286011 0.459375 0.279770 0.464062 0.279770 0.465625 0.277690 0.467187 0.277690 0.468750 0.275610 0.470312 0.275610 0.471875 0.273530 0.473437 0.273530 0.475000 0.269370 0.478125 0.263130 0.478125 0.263130 0.518750 0.269370 0.518750 0.273530 0.521875 0.273530 0.523437 0.275610 0.525000 0.275610 0.526562 0.277690 0.528125 0.277690 0.529687 0.294331 0.542187 0.296411 0.542187 0.302651 0.546875 0.304731 0.546875 0.306812 0.548437 0.310972 0.548437 0.313052 0.550000 0.319292 0.550000 0.323452 0.553125 0.323452 0.557812 0.356733 0.557812 0.356733 0.553125 0.358813 0.551562 0.360894 0.551562 0.362974 0.550000 0.367134 0.550000 0.369214 0.548437 0.373374 0.548437 0.375454 0.546875 0.377534 0.546875 0.379614 0.545312 0.381694 0.545312 0.385854 0.542187 0.387935 0.542187 0.406655 0.528125 0.406655 0.526562 0.412896 0.521875 0.419136 0.521875 0.419136 0.464062 0.410815 0.464062 0.408735 0.462500 0.408735 0.460938 0.394175 0.450000 0.392095 0.450000 0.390015 0.448437 0.387935 0.448437 0.383774 0.445312 0.381694 0.445312 0.377534 0.442187 0.373374 0.442187 0.371294 0.440625 0.371294 0.434375
1 0.000000 0.328125 0.000000 0.418750 0.005200 0.418750 0.009360 0.421875 0.009360 0.426562 0.063442 0.426562 0.063442 0.420312 0.065522 0.418750 0.067603 0.418750 0.078003 0.410937 0.080083 0.410937 0.082163 0.409375 0.082163 0.407812 0.086323 0.404687 0.086323 0.403125 0.088403 0.401562 0.088403 0.400000 0.092563 0.396875 0.092563 0.395312 0.094644 0.393750 0.094644 0.392187 0.096724 0.390625 0.102964 0.390625 0.102964 0.365625 0.096724 0.365625 0.092563 0.362500 0.092563 0.360937 0.090483 0.359375 0.090483 0.357812 0.069683 0.342187 0.067603 0.342187 0.061362 0.337500 0.059282 0.337500 0.057202 0.335938 0.053042 0.335938 0.048882 0.332812 0.048882 0.328125
0 0.564741 0.353125 0.564741 0.357812 0.562661 0.359375 0.560581 0.359375 0.558501 0.360937 0.556421 0.360937 0.554341 0.362500 0.552261 0.362500 0.539780 0.371875 0.537700 0.371875 0.535620 0.373437 0.535620 0.375000 0.527300 0.381250 0.521060 0.381250 0.521060 0.426562 0.527300 0.426562 0.535620 0.432812 0.537700 0.432812 0.539780 0.434375 0.541860 0.434375 0.543940 0.435937 0.546021 0.435937 0.548101 0.437500 0.550181 0.437500 0.552261 0.439062 0.554341 0.439062 0.556421 0.440625 0.560581 0.440625 0.564741 0.443750 0.566821 0.443750 0.570981 0.446875 0.570981 0.451562 0.612583 0.451562 0.612583 0.446875 0.616743 0.443750 0.618823 0.443750 0.625063 0.439062 0.627144 0.439062 0.633384 0.434375 0.633384 0.432812 0.637544 0.429688 0.637544 0.428125 0.639624 0.426562 0.639624 0.425000 0.641704 0.423437 0.641704 0.421875 0.645864 0.418750 0.652104 0.418750 0.652104 0.389062 0.645864 0.389062 0.641704 0.385937 0.641704 0.382812 0.639624 0.381250 0.639624 0.379687 0.635464 0.376562 0.635464 0.375000 0.622983 0.365625 0.620903 0.365625 0.616743 0.362500 0.614663 0.362500 0.612583 0.360937 0.608423 0.360937 0.604263 0.357812 0.604263 0.353125
0 0.419136 0.634375 0.419136 0.639062 0.414976 0.642187 0.412896 0.642187 0.410815 0.643750 0.408735 0.643750 0.404575 0.646875 0.402495 0.646875 0.400415 0.648438 0.398335 0.648438 0.394175 0.651562 0.392095 0.651562 0.387935 0.654687 0.385854 0.654687 0.367134 0.668750 0.367134 0.670312 0.365054 0.671875 0.365054 0.675000 0.362974 0.676562 0.362974 0.678125 0.360894 0.679688 0.354653 0.679688 0.354653 0.715625 0.360894 0.715625 0.365054 0.718750 0.365054 0.721875 0.367134 0.723437 0.367134 0.725000 0.369214 0.726562 0.369214 0.728125 0.375454 0.732812 0.375454 0.734375 0.394175 0.748437 0.396255 0.748437 0.402495 0.753125 0.404575 0.753125 0.406655 0.754687 0.408735 0.754687 0.410815 0.756250 0.414976 0.756250 0.417056 0.757812 0.417056 0.764062 0.473218 0.764062 0.473218 0.759375 0.477378 0.756250 0.479458 0.756250 0.481538 0.754687 0.485698 0.754687 0.487778 0.753125 0.489858 0.753125 0.496099 0.748437 0.498179 0.748437 0.502339 0.745312 0.504419 0.745312 0.518979 0.734375 0.518979 0.732812 0.523140 0.729687 0.523140 0.728125 0.527300 0.725000 0.527300 0.723437 0.531460 0.720312 0.531460 0.717187 0.533540 0.715625 0.533540 0.712500 0.535620 0.710938 0.535620 0.709375 0.537700 0.707812 0.543940 0.707812 0.543940 0.685937 0.537700 0.685937 0.535620 0.684375 0.535620 0.682812 0.533540 0.681250 0.533540 0.678125 0.531460 0.676562 0.531460 0.675000 0.527300 0.671875 0.527300 0.670312 0.525220 0.668750 0.525220 0.667187 0.521060 0.664062 0.521060 0.662500 0.514819 0.657812 0.514819 0.656250 0.504419 0.648438 0.502339 0.648438 0.496099 0.643750 0.494019 0.643750 0.491938 0.642187 0.489858 0.642187 0.485698 0.639062 0.485698 0.634375
0 0.369214 0.265625 0.369214 0.270312 0.362974 0.275000 0.360894 0.275000 0.358813 0.276562 0.356733 0.276562 0.350493 0.281250 0.350493 0.282812 0.342173 0.289062 0.342173 0.290625 0.340093 0.292187 0.340093 0.293750 0.335933 0.296875 0.329692 0.296875 0.329692 0.329687 0.335933 0.329687 0.340093 0.332812 0.340093 0.334375 0.342173 0.335938 0.342173 0.337500 0.350493 0.343750 0.350493 0.345312 0.362974 0.354687 0.365054 0.354687 0.367134 0.356250 0.369214 0.356250 0.371294 0.357812 0.373374 0.357812 0.375454 0.359375 0.375454 0.364062 0.417056 0.364062 0.417056 0.359375 0.421216 0.356250 0.423296 0.356250 0.427456 0.353125 0.429536 0.353125 0.437856 0.346875 0.437856 0.345312 0.444097 0.340625 0.444097 0.339062 0.448257 0.335938 0.448257 0.332812 0.450337 0.331250 0.450337 0.325000 0.452417 0.323437 0.452417 0.320312 0.454497 0.318750 0.460737 0.318750 0.460737 0.303125 0.454497 0.303125 0.450337 0.300000 0.450337 0.296875 0.448257 0.295312 0.448257 0.292187 0.446177 0.290625 0.446177 0.289062 0.429536 0.276562 0.427456 0.276562 0.425376 0.275000 0.423296 0.275000 0.421216 0.273437 0.419136 0.273437 0.414976 0.270312 0.414976 0.265625
0 0.670825 0.509375 0.670825 0.514062 0.666665 0.517187 0.664585 0.517187 0.662505 0.518750 0.660425 0.518750 0.656265 0.521875 0.654185 0.521875 0.650024 0.525000 0.647944 0.525000 0.627144 0.540625 0.620903 0.540625 0.620903 0.592187 0.627144 0.592187 0.635464 0.598437 0.635464 0.600000 0.652104 0.612500 0.654185 0.612500 0.658345 0.615625 0.660425 0.615625 0.664585 0.618750 0.666665 0.618750 0.668745 0.620312 0.668745 0.626562 0.712427 0.626562 0.712427 0.621875 0.716587 0.618750 0.720747 0.618750 0.722827 0.617188 0.724907 0.617188 0.726987 0.615625 0.729067 0.615625 0.733227 0.612500 0.735308 0.612500 0.737388 0.610937 0.739468 0.610937 0.756108 0.598437 0.756108 0.596875 0.762349 0.592187 0.768589 0.592187 0.768589 0.546875 0.762349 0.546875 0.758188 0.543750 0.758188 0.542187 0.756108 0.540625 0.756108 0.539062 0.747788 0.532812 0.747788 0.531250 0.743628 0.528125 0.741548 0.528125 0.735308 0.523437 0.733227 0.523437 0.729067 0.520312 0.726987 0.520312 0.724907 0.518750 0.722827 0.518750 0.720747 0.517187 0.716587 0.517187 0.712427 0.514062 0.712427 0.509375
2 0.200728 0.859375 0.200728 0.864062 0.194487 0.868750 0.192407 0.868750 0.190327 0.870312 0.188247 0.870312 0.182007 0.875000 0.179927 0.875000 0.144565 0.901562 0.138325 0.901562 0.138325 0.976562 0.144565 0.976562 0.146646 0.978125 0.146646 0.979687 0.148726 0.981250 0.148726 0.984375 0.150806 0.985937 0.150806 0.987500 0.152886 0.989062 0.152886 0.990625 0.157046 0.993750 0.157046 0.995312 0.159126 0.996875 0.159126 0.998437 0.352573 0.998437 0.352573 0.989062 0.346333 0.989062 0.340093 0.984375 0.340093 0.981250 0.338013 0.979687 0.338013 0.976562 0.333853 0.973437 0.333853 0.970312 0.331772 0.968750 0.331772 0.965625 0.329692 0.964062 0.329692 0.962500 0.325532 0.959375 0.325532 0.957812 0.323452 0.956250 0.323452 0.953125 0.321372 0.951562 0.321372 0.950000 0.319292 0.948437 0.319292 0.946875 0.317212 0.945312 0.317212 0.942187 0.315132 0.940625 0.315132 0.937500 0.313052 0.935937 0.313052 0.934375 0.310972 0.932812 0.310972 0.931250 0.308892 0.929688 0.308892 0.928125 0.306812 0.926562 0.306812 0.925000 0.304731 0.923437 0.304731 0.920312 0.302651 0.918750 0.302651 0.917187 0.300571 0.915625 0.300571 0.912500 0.298491 0.910937 0.298491 0.909375 0.296411 0.907812 0.296411 0.903125 0.294331 0.901562 0.294331 0.900000 0.292251 0.898438 0.292251 0.895312 0.290171 0.893750 0.290171 0.890625 0.288091 0.889062 0.288091 0.887500 0.286011 0.885937 0.286011 0.884375 0.283931 0.882812 0.283931 0.881250 0.281851 0.879687 0.281851 0.876562 0.277690 0.873437 0.277690 0.871875 0.275610 0.870312 0.275610 0.868750 0.271450 0.865625 0.271450 0.859375
2 0.491938 0.278125 0.491938 0.282812 0.487778 0.285937 0.485698 0.285937 0.483618 0.287500 0.481538 0.287500 0.479458 0.289062 0.477378 0.289062 0.466978 0.296875 0.466978 0.298437 0.458657 0.304688 0.456577 0.304688 0.454497 0.306250 0.446177 0.306250 0.446177 0.331250 0.452417 0.331250 0.456577 0.334375 0.456577 0.335938 0.458657 0.337500 0.458657 0.343750 0.460737 0.345312 0.460737 0.353125 0.462817 0.354687 0.462817 0.356250 0.464897 0.357812 0.464897 0.359375 0.481538 0.371875 0.481538 0.376562 0.527300 0.376562 0.527300 0.371875 0.529380 0.370312 0.531460 0.370312 0.533540 0.368750 0.537700 0.368750 0.541860 0.365625 0.543940 0.365625 0.548101 0.362500 0.550181 0.362500 0.560581 0.354687 0.560581 0.353125 0.564741 0.350000 0.564741 0.348437 0.566821 0.346875 0.566821 0.345312 0.570981 0.342187 0.577222 0.342187 0.577222 0.310937 0.570981 0.310937 0.566821 0.307813 0.566821 0.306250 0.562661 0.303125 0.562661 0.301562 0.546021 0.289062 0.543940 0.289062 0.541860 0.287500 0.539780 0.287500 0.537700 0.285937 0.535620 0.285937 0.531460 0.282812 0.531460 0.278125
2 0.718667 0.365625 0.718667 0.370312 0.714507 0.373437 0.710347 0.373437 0.708267 0.375000 0.704106 0.375000 0.697866 0.379687 0.695786 0.379687 0.681226 0.390625 0.681226 0.392187 0.679145 0.393750 0.670825 0.393750 0.670825 0.440625 0.679145 0.440625 0.683306 0.443750 0.683306 0.445312 0.687466 0.448437 0.687466 0.450000 0.702026 0.460938 0.704106 0.460938 0.712427 0.467187 0.714507 0.467187 0.720747 0.471875 0.720747 0.476562 0.751948 0.476562 0.751948 0.471875 0.756108 0.468750 0.758188 0.468750 0.760269 0.467187 0.764429 0.467187 0.766509 0.465625 0.768589 0.465625 0.772749 0.462500 0.774829 0.462500 0.776909 0.460938 0.778989 0.460938 0.793550 0.450000 0.793550 0.448437 0.797710 0.445312 0.797710 0.442187 0.799790 0.440625 0.799790 0.437500 0.803950 0.434375 0.810190 0.434375 0.810190 0.404687 0.803950 0.404687 0.799790 0.401562 0.799790 0.400000 0.797710 0.398438 0.797710 0.396875 0.795630 0.395312 0.795630 0.393750 0.791470 0.390625 0.791470 0.389062 0.774829 0.376562 0.772749 0.376562 0.770669 0.375000 0.768589 0.375000 0.766509 0.373437 0.764429 0.373437 0.762349 0.371875 0.760269 0.371875 0.758188 0.370312 0.758188 0.365625
2 0.277690 0.565625 0.277690 0.571875 0.275610 0.573437 0.273530 0.573437 0.271450 0.575000 0.269370 0.575000 0.267290 0.576562 0.265210 0.576562 0.263130 0.578125 0.261050 0.578125 0.254810 0.582812 0.252729 0.582812 0.236089 0.595312 0.236089 0.596875 0.234009 0.598437 0.234009 0.600000 0.229849 0.603125 0.221528 0.603125 0.221528 0.654687 0.227769 0.654687 0.234009 0.659375 0.234009 0.660937 0.236089 0.662500 0.236089 0.664062 0.244409 0.670312 0.244409 0.671875 0.246489 0.671875 0.254810 0.678125 0.256890 0.678125 0.261050 0.681250 0.263130 0.681250 0.265210 0.682812 0.265210 0.689062 0.338013 0.689062 0.338013 0.684375 0.358813 0.668750 0.358813 0.667187 0.365054 0.662500 0.365054 0.660937 0.367134 0.659375 0.367134 0.657812 0.369214 0.656250 0.369214 0.654687 0.371294 0.653125 0.371294 0.651562 0.373374 0.650000 0.373374 0.645312 0.375454 0.643750 0.375454 0.640625 0.377534 0.639062 0.377534 0.635937 0.379614 0.634375 0.385854 0.634375 0.385854 0.603125 0.379614 0.603125 0.375454 0.600000 0.375454 0.598437 0.373374 0.596875 0.373374 0.595312 0.371294 0.593750 0.371294 0.592187 0.358813 0.582812 0.356733 0.582812 0.348413 0.576562 0.346333 0.576562 0.344253 0.575000 0.340093 0.575000 0.338013 0.573437 0.335933 0.573437 0.333853 0.571875 0.331772 0.571875 0.329692 0.570312 0.329692 0.565625
2 0.302651 0.353125 0.302651 0.357812 0.300571 0.359375 0.298491 0.359375 0.296411 0.360937 0.294331 0.360937 0.292251 0.362500 0.290171 0.362500 0.288091 0.364062 0.286011 0.364062 0.267290 0.378125 0.267290 0.381250 0.265210 0.382812 0.265210 0.385937 0.263130 0.387500 0.254810 0.387500 0.254810 0.420312 0.261050 0.420312 0.267290 0.425000 0.267290 0.426562 0.275610 0.432812 0.275610 0.434375 0.277690 0.435937 0.279770 0.435937 0.286011 0.440625 0.286011 0.445312 0.338013 0.445312 0.338013 0.440625 0.340093 0.439062 0.358813 0.439062 0.360894 0.440625 0.360894 0.445312 0.371294 0.445312 0.371294 0.437500 0.373374 0.435937 0.373374 0.432812 0.375454 0.431250 0.375454 0.429688 0.379614 0.426562 0.385854 0.426562 0.385854 0.385937 0.379614 0.385937 0.375454 0.382812 0.375454 0.381250 0.373374 0.379687 0.373374 0.378125 0.358813 0.367188 0.356733 0.367188 0.352573 0.364062 0.350493 0.364062 0.348413 0.362500 0.346333 0.362500 0.344253 0.360937 0.340093 0.360937 0.335933 0.357812 0.335933 0.353125
1 0.593862 0.253125 0.593862 0.257812 0.585542 0.264062 0.583462 0.264062 0.583462 0.265625 0.573062 0.273437 0.573062 0.275000 0.568901 0.278125 0.562661 0.278125 0.562661 0.301562 0.568901 0.301562 0.570981 0.303125 0.570981 0.304688 0.573062 0.306250 0.573062 0.307813 0.577222 0.310937 0.577222 0.312500 0.579302 0.314062 0.579302 0.315625 0.581382 0.317187 0.581382 0.320312 0.589702 0.326562 0.589702 0.328125 0.600103 0.335938 0.602183 0.335938 0.604263 0.337500 0.606343 0.337500 0.610503 0.340625 0.610503 0.345312 0.645864 0.345312 0.645864 0.339062 0.647944 0.337500 0.650024 0.337500 0.652104 0.335938 0.654185 0.335938 0.670825 0.323437 0.670825 0.321875 0.672905 0.320312 0.672905 0.317187 0.674985 0.315625 0.674985 0.314062 0.679145 0.310937 0.685386 0.310937 0.685386 0.282812 0.679145 0.282812 0.674985 0.279687 0.674985 0.278125 0.670825 0.275000 0.670825 0.273437 0.662505 0.267187 0.660425 0.267187 0.658345 0.265625 0.656265 0.265625 0.650024 0.260937 0.647944 0.260937 0.645864 0.259375 0.645864 0.253125
1 0.048882 0.621875 0.048882 0.626562 0.044722 0.629687 0.042642 0.629687 0.040562 0.631250 0.038481 0.631250 0.036401 0.632812 0.034321 0.632812 0.032241 0.634375 0.030161 0.634375 0.026001 0.637500 0.023921 0.637500 0.021841 0.639062 0.019761 0.639062 0.015601 0.642187 0.015601 0.643750 0.003120 0.653125 0.000000 0.653125 0.000000 0.751562 0.005200 0.751562 0.007280 0.753125 0.007280 0.757812 0.003120 0.760937 0.000000 0.760937 0.000000 0.770312 0.096724 0.770312 0.096724 0.764062 0.098804 0.762500 0.100884 0.762500 0.102964 0.760937 0.107124 0.760937 0.109204 0.759375 0.113364 0.759375 0.117524 0.756250 0.119604 0.756250 0.134165 0.745312 0.136245 0.745312 0.138325 0.743750 0.144565 0.743750 0.144565 0.665625 0.138325 0.665625 0.134165 0.662500 0.134165 0.660937 0.127925 0.656250 0.127925 0.654687 0.125845 0.653125 0.125845 0.650000 0.123765 0.648438 0.123765 0.645312 0.121685 0.643750 0.121685 0.642187 0.119604 0.640625 0.119604 0.639062 0.115444 0.635937 0.115444 0.634375 0.105044 0.626562 0.105044 0.621875
2 0.537700 0.690625 0.535620 0.689062 0.529380 0.689062 0.529380 0.701562 0.537700 0.701562 0.537700 0.690625 0.679145 0.589062 0.662505 0.612500 0.660425 0.612500 0.658345 0.610937 0.654185 0.610937 0.650024 0.607813 0.647944 0.607813 0.637544 0.600000 0.635464 0.600000 0.633384 0.598437 0.631304 0.598437 0.627144 0.595312 0.627144 0.593750 0.625063 0.592187 0.625063 0.584375 0.575142 0.584375 0.575142 0.590625 0.573062 0.592187 0.570981 0.592187 0.566821 0.595312 0.564741 0.595312 0.560581 0.598437 0.558501 0.598437 0.543940 0.609375 0.543940 0.610937 0.537700 0.615625 0.529380 0.615625 0.529380 0.639062 0.535620 0.639062 0.537700 0.640625 0.537700 0.642187 0.539780 0.643750 0.539780 0.650000 0.541860 0.651562 0.541860 0.656250 0.543940 0.657812 0.543940 0.659375 0.546021 0.660937 0.546021 0.662500 0.573062 0.682812 0.573062 0.684375 0.575142 0.685937 0.577222 0.685937 0.587622 0.693750 0.589702 0.693750 0.591782 0.695312 0.598022 0.695312 0.600103 0.696875 0.600103 0.701562 0.602183 0.701562 0.602183 0.696875 0.606343 0.693750 0.608423 0.693750 0.610503 0.692187 0.618823 0.692187 0.620903 0.690625 0.633384 0.690625 0.635464 0.689062 0.637544 0.689062 0.641704 0.685937 0.645864 0.685937 0.647944 0.684375 0.650024 0.684375 0.658345 0.678125 0.660425 0.678125 0.662505 0.676562 0.662505 0.675000 0.670825 0.668750 0.670825 0.667187 0.672905 0.665625 0.672905 0.664062 0.674985 0.662500 0.674985 0.660937 0.677065 0.659375 0.685386 0.659375 0.685386 0.629687 0.677065 0.629687 0.674985 0.628125 0.674985 0.625000 0.677065 0.623438 0.685386 0.623438 0.685386 0.618750 0.674985 0.618750 0.672905 0.617188 0.668745 0.617188 0.662505 0.612500 0.679145 0.589062 0.685386 0.589062 0.685386 0.584375 0.679145 0.584375 0.679145 0.589062
2 0.508579 0.428125 0.508579 0.432812 0.506499 0.434375 0.504419 0.434375 0.481538 0.451562 0.481538 0.453125 0.471138 0.460938 0.469058 0.460938 0.448257 0.476562 0.448257 0.478125 0.444097 0.481250 0.437856 0.481250 0.437856 0.523437 0.444097 0.523437 0.454497 0.531250 0.456577 0.531250 0.458657 0.532812 0.462817 0.532812 0.464897 0.534375 0.473218 0.534375 0.475298 0.535937 0.481538 0.535937 0.483618 0.537500 0.485698 0.537500 0.489858 0.540625 0.489858 0.545312 0.496099 0.545312 0.496099 0.540625 0.500259 0.537500 0.502339 0.537500 0.504419 0.535937 0.508579 0.535937 0.512739 0.532812 0.521060 0.532812 0.523140 0.534375 0.525220 0.534375 0.527300 0.535937 0.529380 0.534375 0.537700 0.534375 0.541860 0.531250 0.543940 0.531250 0.548101 0.528125 0.550181 0.528125 0.556421 0.523437 0.558501 0.523437 0.560581 0.521875 0.562661 0.521875 0.566821 0.518750 0.568901 0.518750 0.583462 0.507812 0.583462 0.506250 0.589702 0.501562 0.589702 0.500000 0.591782 0.498437 0.591782 0.496875 0.593862 0.495312 0.593862 0.493750 0.595942 0.492188 0.602183 0.492188 0.602183 0.471875 0.595942 0.471875 0.593862 0.470312 0.593862 0.468750 0.591782 0.467187 0.591782 0.464062 0.587622 0.460938 0.587622 0.459375 0.573062 0.448437 0.570981 0.448437 0.566821 0.445312 0.564741 0.445312 0.560581 0.442187 0.558501 0.442187 0.552261 0.437500 0.550181 0.437500 0.548101 0.435937 0.543940 0.435937 0.539780 0.432812 0.539780 0.428125
1 0.629224 0.434375 0.629224 0.440625 0.625063 0.443750 0.622983 0.443750 0.620903 0.445312 0.618823 0.445312 0.616743 0.446875 0.616743 0.448437 0.610503 0.453125 0.610503 0.454687 0.606343 0.457812 0.606343 0.460938 0.595942 0.468750 0.587622 0.468750 0.587622 0.493750 0.595942 0.493750 0.604263 0.500000 0.604263 0.501562 0.608423 0.504687 0.608423 0.506250 0.612583 0.509375 0.627144 0.509375 0.629224 0.510937 0.631304 0.510937 0.633384 0.512500 0.637544 0.512500 0.639624 0.514062 0.641704 0.514062 0.643784 0.515625 0.643784 0.520312 0.647944 0.520312 0.647944 0.515625 0.650024 0.514062 0.656265 0.514062 0.658345 0.515625 0.658345 0.520312 0.687466 0.520312 0.687466 0.515625 0.691626 0.512500 0.697866 0.512500 0.699946 0.510937 0.702026 0.510937 0.702026 0.509375 0.708267 0.504687 0.710347 0.504687 0.712427 0.503125 0.712427 0.501562 0.716587 0.498437 0.716587 0.496875 0.720747 0.493750 0.726987 0.493750 0.726987 0.471875 0.718667 0.471875 0.706186 0.462500 0.704106 0.462500 0.674985 0.440625 0.674985 0.434375
1 0.766509 0.928125 0.766509 0.932812 0.762349 0.935937 0.747788 0.935937 0.745708 0.937500 0.735308 0.937500 0.733227 0.939062 0.726987 0.939062 0.724907 0.940625 0.714507 0.940625 0.712427 0.942187 0.704106 0.942187 0.702026 0.943750 0.695786 0.943750 0.693706 0.945312 0.689546 0.945312 0.687466 0.946875 0.681226 0.946875 0.679145 0.948437 0.670825 0.948437 0.668745 0.950000 0.666665 0.948437 0.664585 0.948437 0.662505 0.946875 0.662505 0.939062 0.660425 0.939062 0.658345 0.937500 0.656265 0.937500 0.654185 0.935937 0.645864 0.935937 0.643784 0.934375 0.635464 0.934375 0.633384 0.935937 0.612583 0.935937 0.610503 0.937500 0.600103 0.937500 0.598022 0.939062 0.589702 0.939062 0.587622 0.940625 0.585542 0.940625 0.583462 0.942187 0.579302 0.942187 0.577222 0.943750 0.570981 0.943750 0.568901 0.945312 0.566821 0.945312 0.564741 0.946875 0.562661 0.946875 0.558501 0.950000 0.556421 0.950000 0.548101 0.956250 0.546021 0.956250 0.523140 0.973437 0.523140 0.975000 0.514819 0.981250 0.514819 0.982812 0.512739 0.984375 0.504419 0.984375 0.504419 0.998437 0.801870 0.998437 0.801870 0.953125 0.791470 0.953125 0.789390 0.951562 0.787310 0.951562 0.781069 0.946875 0.781069 0.940625 0.783149 0.939062 0.783149 0.935937 0.787310 0.932812 0.787310 0.928125
1 0.889233 0.453125 0.889233 0.457812 0.887153 0.459375 0.885073 0.459375 0.882993 0.460938 0.878833 0.460938 0.876753 0.462500 0.872593 0.462500 0.864272 0.468750 0.862192 0.468750 0.862192 0.470312 0.855952 0.475000 0.855952 0.476562 0.851792 0.479687 0.851792 0.481250 0.849712 0.482812 0.849712 0.484375 0.847632 0.485937 0.847632 0.487500 0.843472 0.490625 0.837231 0.490625 0.837231 0.528125 0.843472 0.528125 0.847632 0.531250 0.847632 0.532812 0.849712 0.534375 0.849712 0.535937 0.851792 0.537500 0.851792 0.539062 0.853872 0.540625 0.853872 0.542187 0.858032 0.545312 0.858032 0.546875 0.866352 0.553125 0.866352 0.554687 0.868433 0.556250 0.868433 0.560937 0.870513 0.562500 0.870513 0.579687 0.872593 0.581250 0.872593 0.589062 0.934995 0.589062 0.934995 0.584375 0.943315 0.578125 0.947476 0.578125 0.949556 0.576562 0.951636 0.576562 0.953716 0.575000 0.953716 0.573437 0.955796 0.571875 0.955796 0.568750 0.953716 0.567187 0.953716 0.557812 0.951636 0.556250 0.945395 0.556250 0.937075 0.550000 0.934995 0.550000 0.926675 0.543750 0.926675 0.540625 0.924595 0.539062 0.926675 0.537500 0.926675 0.531250 0.930835 0.528125 0.930835 0.526562 0.932915 0.525000 0.937075 0.525000 0.939155 0.526562 0.939155 0.528125 0.941235 0.529687 0.943315 0.529687 0.957876 0.540625 0.957876 0.542187 0.959956 0.543750 0.962036 0.543750 0.966196 0.546875 0.966196 0.548437 0.968276 0.548437 0.974517 0.553125 0.974517 0.554687 0.984917 0.562500 0.984917 0.564062 0.986997 0.565625 0.989077 0.565625 0.993237 0.568750 1.000000 0.568750 1.000000 0.453125
1 0.161206 0.584375 0.161206 0.592187 0.159126 0.593750 0.159126 0.596875 0.157046 0.598437 0.157046 0.600000 0.154966 0.601562 0.154966 0.603125 0.144565 0.610937 0.138325 0.610937 0.138325 0.626562 0.146646 0.626562 0.150806 0.629687 0.150806 0.631250 0.152886 0.632812 0.152886 0.634375 0.150806 0.635937 0.150806 0.639062 0.148726 0.640625 0.148726 0.643750 0.144565 0.646875 0.138325 0.646875 0.138325 0.739062 0.163286 0.739062 0.163286 0.732812 0.167446 0.729687 0.169526 0.729687 0.184087 0.718750 0.184087 0.717187 0.188247 0.714062 0.188247 0.712500 0.190327 0.710938 0.190327 0.709375 0.192407 0.707812 0.192407 0.706250 0.194487 0.704687 0.202808 0.704687 0.202808 0.601562 0.196567 0.601562 0.192407 0.598437 0.192407 0.596875 0.190327 0.595312 0.190327 0.593750 0.188247 0.592187 0.188247 0.584375