0 0.483101 0.453125 0.483101 0.457812 0.485181 0.459375 0.487261 0.459375 0.489341 0.460938 0.491421 0.460938 0.493501 0.462500 0.497661 0.462500 0.499741 0.464062 0.503901 0.464062 0.508062 0.467187 0.510142 0.467187 0.512222 0.468750 0.514302 0.468750 0.524702 0.476562 0.524702 0.478125 0.528862 0.481250 0.528862 0.482812 0.533022 0.485937 0.533022 0.487500 0.535103 0.489062 0.535103 0.492188 0.539263 0.495312 0.545503 0.495312 0.545503 0.539062 0.539263 0.539062 0.535103 0.542187 0.535103 0.543750 0.533022 0.545312 0.533022 0.546875 0.528862 0.550000 0.528862 0.551562 0.508062 0.567187 0.505981 0.567187 0.499741 0.571875 0.497661 0.571875 0.495581 0.573437 0.493501 0.573437 0.491421 0.575000 0.487261 0.575000 0.483101 0.578125 0.483101 0.582812 0.424858 0.582812 0.424858 0.578125 0.420698 0.575000 0.418618 0.575000 0.416538 0.573437 0.414458 0.573437 0.412378 0.571875 0.410298 0.571875 0.406138 0.568750 0.404058 0.568750 0.397817 0.564062 0.395737 0.564062 0.383257 0.554687 0.383257 0.553125 0.379097 0.550000 0.372856 0.550000 0.372856 0.504687 0.379097 0.504687 0.381177 0.503125 0.381177 0.498437 0.383257 0.496875 0.383257 0.485937 0.385337 0.484375 0.385337 0.481250 0.389497 0.478125 0.389497 0.476562 0.393657 0.473437 0.393657 0.471875 0.399897 0.467187 0.401978 0.467187 0.406138 0.464062 0.408218 0.464062 0.412378 0.460938 0.414458 0.460938 0.418618 0.457812 0.418618 0.453125
1 0.524702 0.334375 0.524702 0.339062 0.528862 0.342187 0.530942 0.342187 0.533022 0.343750 0.537183 0.343750 0.541343 0.346875 0.543423 0.346875 0.545503 0.348437 0.547583 0.348437 0.549663 0.350000 0.551743 0.350000 0.555903 0.353125 0.557983 0.353125 0.564224 0.357812 0.566304 0.357812 0.574624 0.364062 0.574624 0.365625 0.580864 0.370312 0.580864 0.371875 0.585024 0.375000 0.585024 0.378125 0.589185 0.381250 0.595425 0.381250 0.595425 0.420312 0.589185 0.420312 0.585024 0.423437 0.585024 0.425000 0.580864 0.428125 0.580864 0.429688 0.578784 0.431250 0.578784 0.432812 0.576704 0.434375 0.576704 0.435937 0.572544 0.439062 0.572544 0.440625 0.566304 0.445312 0.566304 0.446875 0.564224 0.446875 0.555903 0.453125 0.553823 0.453125 0.551743 0.454687 0.549663 0.454687 0.543423 0.459375 0.543423 0.464062 0.481021 0.464062 0.481021 0.459375 0.476860 0.456250 0.472700 0.456250 0.470620 0.454687 0.468540 0.454687 0.466460 0.453125 0.464380 0.453125 0.462300 0.451562 0.458140 0.451562 0.456060 0.450000 0.453979 0.450000 0.435259 0.435937 0.435259 0.434375 0.429019 0.429688 0.422778 0.429688 0.422778 0.371875 0.429019 0.371875 0.435259 0.367188 0.435259 0.365625 0.441499 0.360937 0.441499 0.359375 0.453979 0.350000 0.456060 0.350000 0.458140 0.348437 0.460220 0.348437 0.464380 0.345312 0.468540 0.345312 0.470620 0.343750 0.472700 0.343750 0.474780 0.342187 0.478940 0.342187 0.483101 0.339062 0.483101 0.334375
1 0.327095 0.428125 0.327095 0.432812 0.329175 0.434375 0.331255 0.434375 0.333335 0.435937 0.335415 0.435937 0.337495 0.437500 0.339575 0.437500 0.343735 0.440625 0.345815 0.440625 0.354136 0.446875 0.356216 0.446875 0.370776 0.457812 0.370776 0.459375 0.377017 0.464062 0.377017 0.465625 0.381177 0.468750 0.387417 0.468750 0.387417 0.506250 0.381177 0.506250 0.379097 0.507812 0.379097 0.509375 0.377017 0.510937 0.377017 0.512500 0.374937 0.514062 0.374937 0.517187 0.372856 0.518750 0.372856 0.521875 0.370776 0.523437 0.370776 0.526562 0.368696 0.528125 0.368696 0.529687 0.354136 0.540625 0.352056 0.540625 0.345815 0.545312 0.343735 0.545312 0.341655 0.546875 0.339575 0.546875 0.335415 0.550000 0.333335 0.550000 0.329175 0.553125 0.329175 0.557812 0.260532 0.557812 0.260532 0.553125 0.256372 0.550000 0.254292 0.550000 0.252212 0.548437 0.250132 0.548437 0.245972 0.545312 0.243892 0.545312 0.221011 0.528125 0.221011 0.526562 0.216851 0.523437 0.216851 0.521875 0.212690 0.518750 0.206450 0.518750 0.206450 0.470312 0.212690 0.470312 0.216851 0.467187 0.216851 0.465625 0.218931 0.464062 0.218931 0.462500 0.223091 0.459375 0.223091 0.457812 0.229331 0.453125 0.229331 0.451562 0.250132 0.435937 0.252212 0.435937 0.256372 0.432812 0.256372 0.428125
2 0.347896 0.315625 0.347896 0.320312 0.352056 0.323437 0.356216 0.323437 0.358296 0.325000 0.360376 0.325000 0.362456 0.326562 0.364536 0.326562 0.370776 0.331250 0.372856 0.331250 0.383257 0.339062 0.383257 0.340625 0.387417 0.343750 0.387417 0.345312 0.389497 0.346875 0.389497 0.348437 0.391577 0.350000 0.391577 0.351562 0.393657 0.353125 0.393657 0.354687 0.397817 0.357812 0.404058 0.357812 0.404058 0.390625 0.397817 0.390625 0.395737 0.392187 0.395737 0.393750 0.393657 0.395312 0.393657 0.396875 0.391577 0.398438 0.391577 0.400000 0.387417 0.403125 0.387417 0.404687 0.385337 0.406250 0.385337 0.407812 0.381177 0.410937 0.381177 0.412500 0.377017 0.415625 0.377017 0.417187 0.372856 0.420312 0.372856 0.421875 0.364536 0.428125 0.362456 0.428125 0.360376 0.429688 0.358296 0.429688 0.356216 0.431250 0.354136 0.431250 0.349976 0.434375 0.349976 0.439062 0.320855 0.439062 0.320855 0.434375 0.316694 0.431250 0.308374 0.431250 0.306294 0.429688 0.283413 0.429688 0.281333 0.428125 0.268853 0.428125 0.266773 0.426562 0.262612 0.426562 0.258452 0.423437 0.256372 0.423437 0.245972 0.415625 0.245972 0.414062 0.241812 0.410937 0.241812 0.409375 0.237651 0.406250 0.237651 0.403125 0.235571 0.401562 0.235571 0.400000 0.233491 0.398438 0.233491 0.395312 0.229331 0.392187 0.223091 0.392187 0.223091 0.367188 0.229331 0.367188 0.231411 0.365625 0.231411 0.364062 0.233491 0.362500 0.233491 0.360937 0.235571 0.359375 0.235571 0.356250 0.237651 0.354687 0.237651 0.353125 0.239731 0.351562 0.239731 0.350000 0.243892 0.346875 0.243892 0.345312 0.245972 0.343750 0.245972 0.342187 0.254292 0.335938 0.254292 0.334375 0.256372 0.332812 0.258452 0.332812 0.268853 0.325000 0.270933 0.325000 0.273013 0.323437 0.275093 0.323437 0.277173 0.321875 0.277173 0.315625
1 0.119087 0.921875 0.119087 0.926562 0.123247 0.929688 0.129487 0.929688 0.131567 0.931250 0.133648 0.931250 0.135728 0.932812 0.137808 0.932812 0.139888 0.934375 0.141968 0.934375 0.144048 0.935937 0.148208 0.935937 0.150288 0.937500 0.152368 0.937500 0.154448 0.939062 0.156528 0.939062 0.158608 0.940625 0.160689 0.940625 0.162769 0.942187 0.166929 0.942187 0.169009 0.943750 0.175249 0.943750 0.177329 0.945312 0.181489 0.945312 0.183569 0.946875 0.187730 0.946875 0.189810 0.948437 0.191890 0.948437 0.193970 0.950000 0.196050 0.950000 0.198130 0.951562 0.200210 0.951562 0.202290 0.953125 0.204370 0.953125 0.210610 0.957812 0.212690 0.957812 0.216851 0.960938 0.216851 0.962500 0.235571 0.976562 0.235571 0.978125 0.243892 0.984375 0.243892 0.985937 0.248052 0.989062 0.254292 0.989062 0.254292 0.998437 0.000000 0.998437 0.000000 0.921875
2 0.374937 0.553125 0.374937 0.557812 0.379097 0.560937 0.383257 0.560937 0.385337 0.562500 0.387417 0.562500 0.391577 0.565625 0.393657 0.565625 0.395737 0.567187 0.397817 0.567187 0.404058 0.571875 0.406138 0.571875 0.410298 0.575000 0.410298 0.576562 0.416538 0.581250 0.416538 0.584375 0.422778 0.589062 0.429019 0.589062 0.429019 0.635937 0.422778 0.635937 0.418618 0.639062 0.418618 0.640625 0.416538 0.642187 0.416538 0.643750 0.410298 0.648438 0.410298 0.650000 0.389497 0.665625 0.387417 0.665625 0.385337 0.667187 0.383257 0.667187 0.381177 0.668750 0.379097 0.668750 0.374937 0.671875 0.374937 0.676562 0.304214 0.676562 0.304214 0.670312 0.302134 0.668750 0.300054 0.668750 0.297974 0.667187 0.295894 0.667187 0.293814 0.665625 0.291733 0.665625 0.289653 0.664062 0.287573 0.664062 0.281333 0.659375 0.279253 0.659375 0.279253 0.657812 0.270933 0.651562 0.270933 0.650000 0.268853 0.648438 0.268853 0.646875 0.262612 0.642187 0.262612 0.639062 0.260532 0.637500 0.260532 0.635937 0.258452 0.634375 0.258452 0.631250 0.254292 0.628125 0.248052 0.628125 0.248052 0.595312 0.254292 0.595312 0.256372 0.593750 0.256372 0.592187 0.258452 0.590625 0.258452 0.589062 0.260532 0.587500 0.260532 0.584375 0.262612 0.582812 0.262612 0.581250 0.266773 0.578125 0.266773 0.576562 0.273013 0.571875 0.273013 0.570312 0.275093 0.570312 0.281333 0.565625 0.281333 0.564062 0.285493 0.560937 0.287573 0.560937 0.289653 0.559375 0.293814 0.559375 0.295894 0.557812 0.295894 0.553125
2 0.601665 0.221875 0.601665 0.226562 0.605825 0.229687 0.609985 0.229687 0.612065 0.231250 0.616226 0.231250 0.618306 0.232812 0.620386 0.232812 0.622466 0.234375 0.624546 0.234375 0.628706 0.237500 0.630786 0.237500 0.647427 0.250000 0.647427 0.251562 0.649507 0.253125 0.649507 0.254687 0.655747 0.259375 0.655747 0.260937 0.657827 0.262500 0.657827 0.264062 0.659907 0.265625 0.659907 0.267187 0.661987 0.268750 0.670308 0.268750 0.670308 0.317187 0.664067 0.317187 0.659907 0.320312 0.659907 0.323437 0.657827 0.325000 0.657827 0.326562 0.651587 0.331250 0.651587 0.332812 0.637026 0.343750 0.634946 0.343750 0.626626 0.350000 0.624546 0.350000 0.620386 0.353125 0.616226 0.353125 0.614146 0.354687 0.612065 0.354687 0.609985 0.356250 0.605825 0.356250 0.601665 0.359375 0.601665 0.364062 0.570464 0.364062 0.570464 0.359375 0.566304 0.356250 0.564224 0.356250 0.562144 0.354687 0.560064 0.354687 0.555903 0.351562 0.553823 0.351562 0.551743 0.350000 0.549663 0.350000 0.545503 0.346875 0.543423 0.346875 0.541343 0.345312 0.539263 0.345312 0.535103 0.342187 0.533022 0.342187 0.530942 0.340625 0.526782 0.340625 0.524702 0.339062 0.522622 0.339062 0.520542 0.337500 0.518462 0.337500 0.503901 0.326562 0.503901 0.325000 0.501821 0.323437 0.501821 0.320312 0.499741 0.318750 0.499741 0.317187 0.497661 0.315625 0.497661 0.314062 0.495581 0.312500 0.489341 0.312500 0.489341 0.276562 0.495581 0.276562 0.499741 0.273437 0.499741 0.270312 0.501821 0.268750 0.501821 0.267187 0.503901 0.265625 0.503901 0.264062 0.508062 0.260937 0.508062 0.259375 0.510142 0.257812 0.510142 0.256250 0.520542 0.248437 0.520542 0.246875 0.524702 0.243750 0.526782 0.243750 0.535103 0.237500 0.537183 0.237500 0.539263 0.235937 0.541343 0.235937 0.545503 0.232812 0.547583 0.232812 0.549663 0.231250 0.551743 0.231250 0.553823 0.229687 0.557983 0.229687 0.562144 0.226562 0.562144 0.221875
2 0.585024 0.590625 0.585024 0.595312 0.589185 0.598437 0.593345 0.598437 0.595425 0.600000 0.597505 0.600000 0.601665 0.603125 0.603745 0.603125 0.607905 0.606250 0.609985 0.606250 0.618306 0.612500 0.618306 0.614062 0.626626 0.620312 0.626626 0.621875 0.630786 0.625000 0.630786 0.626562 0.632866 0.628125 0.632866 0.629687 0.634946 0.631250 0.634946 0.632812 0.639106 0.635937 0.645347 0.635937 0.645347 0.684375 0.639106 0.684375 0.634946 0.687500 0.634946 0.689062 0.632866 0.690625 0.632866 0.692187 0.630786 0.693750 0.630786 0.695312 0.609985 0.710938 0.607905 0.710938 0.603745 0.714062 0.601665 0.714062 0.599585 0.715625 0.597505 0.715625 0.595425 0.717187 0.593345 0.717187 0.591265 0.718750 0.589185 0.718750 0.585024 0.721875 0.585024 0.726562 0.535103 0.726562 0.535103 0.721875 0.530942 0.718750 0.526782 0.718750 0.524702 0.717187 0.522622 0.717187 0.520542 0.715625 0.518462 0.715625 0.514302 0.712500 0.512222 0.712500 0.508062 0.709375 0.505981 0.709375 0.497661 0.703125 0.497661 0.701562 0.491421 0.696875 0.491421 0.695312 0.487261 0.692187 0.487261 0.690625 0.485181 0.689062 0.485181 0.687500 0.478940 0.682812 0.472700 0.682812 0.472700 0.634375 0.481021 0.634375 0.483101 0.632812 0.483101 0.631250 0.485181 0.629687 0.485181 0.628125 0.487261 0.626562 0.487261 0.625000 0.489341 0.623438 0.489341 0.621875 0.495581 0.617188 0.495581 0.615625 0.510142 0.604687 0.512222 0.604687 0.516382 0.601562 0.518462 0.601562 0.520542 0.600000 0.522622 0.600000 0.524702 0.598437 0.528862 0.598437 0.533022 0.595312 0.533022 0.590625
2 0.686948 0.384375 0.686948 0.389062 0.691108 0.392187 0.693188 0.392187 0.695269 0.393750 0.697349 0.393750 0.699429 0.395312 0.701509 0.395312 0.707749 0.400000 0.709829 0.400000 0.726470 0.412500 0.726470 0.414062 0.732710 0.418750 0.732710 0.420312 0.734790 0.421875 0.734790 0.423437 0.738950 0.426562 0.745190 0.426562 0.745190 0.476562 0.738950 0.476562 0.732710 0.481250 0.732710 0.482812 0.730630 0.484375 0.730630 0.485937 0.705669 0.504687 0.703589 0.504687 0.699429 0.507812 0.697349 0.507812 0.695269 0.509375 0.693188 0.509375 0.691108 0.510937 0.686948 0.510937 0.684868 0.512500 0.682788 0.512500 0.678628 0.515625 0.678628 0.520312 0.634946 0.520312 0.634946 0.515625 0.632866 0.514062 0.630786 0.514062 0.628706 0.512500 0.624546 0.512500 0.622466 0.510937 0.618306 0.510937 0.616226 0.509375 0.614146 0.509375 0.612065 0.507812 0.609985 0.507812 0.605825 0.504687 0.603745 0.504687 0.585024 0.490625 0.585024 0.489062 0.578784 0.484375 0.572544 0.484375 0.572544 0.432812 0.578784 0.432812 0.582944 0.429688 0.582944 0.426562 0.585024 0.425000 0.585024 0.423437 0.589185 0.420312 0.589185 0.418750 0.591265 0.417187 0.591265 0.415625 0.593345 0.414062 0.593345 0.412500 0.595425 0.410937 0.595425 0.409375 0.597505 0.407812 0.597505 0.406250 0.614146 0.393750 0.616226 0.393750 0.622466 0.389062 0.622466 0.384375
2 0.826313 0.115625 0.830474 0.115625 0.832554 0.117188 0.832554 0.118750 0.834634 0.120312 0.834634 0.121875 0.838794 0.125000 0.838794 0.131250 0.840874 0.132812 0.840874 0.137500 0.842954 0.139062 0.842954 0.140625 0.847114 0.143750 0.847114 0.145312 0.849194 0.146875 0.849194 0.154687 0.847114 0.156250 0.847114 0.157812 0.838794 0.164062 0.830474 0.164062 0.828394 0.162500 0.828394 0.159375 0.826313 0.157812 0.826313 0.145312 0.822153 0.142187 0.822153 0.126562 0.824233 0.125000 0.824233 0.121875 0.826313 0.120312 0.826313 0.115625 0.801353 0.101562 0.795112 0.106250 0.795112 0.109375 0.793032 0.110937 0.793032 0.114062 0.786792 0.118750 0.786792 0.120312 0.782632 0.123437 0.780552 0.123437 0.776392 0.126562 0.776392 0.128125 0.770151 0.132812 0.770151 0.134375 0.761831 0.140625 0.761831 0.142187 0.755591 0.146875 0.755591 0.148437 0.751431 0.151562 0.751431 0.153125 0.743110 0.159375 0.743110 0.160937 0.738950 0.164062 0.736870 0.164062 0.730630 0.168750 0.728550 0.168750 0.724390 0.171875 0.724390 0.176562 0.649507 0.176562 0.649507 0.171875 0.647427 0.170312 0.643267 0.170312 0.641187 0.168750 0.622466 0.168750 0.620386 0.167187 0.607905 0.167187 0.605825 0.165625 0.593345 0.165625 0.591265 0.164062 0.580864 0.164062 0.578784 0.162500 0.574624 0.162500 0.572544 0.160937 0.570464 0.160937 0.568384 0.159375 0.566304 0.159375 0.566304 0.151562 0.564224 0.150000 0.564224 0.146875 0.562144 0.145312 0.555903 0.145312 0.555903 0.115625 0.562144 0.115625 0.564224 0.114062 0.564224 0.112500 0.566304 0.110937 0.566304 0.100000 0.568384 0.098437 0.568384 0.076562 0.570464 0.075000 0.570464 0.065625 0.572544 0.064062 0.572544 0.054688 0.574624 0.053125 0.574624 0.035937 0.576704 0.034375 0.576704 0.012500 0.578784 0.010937 0.578784 0.000000 0.815913 0.000000 0.815913 0.001562 0.822153 0.006250 0.822153 0.007812 0.826313 0.010937 0.826313 0.012500 0.828394 0.014062 0.828394 0.015625 0.832554 0.018750 0.832554 0.020312 0.834634 0.021875 0.834634 0.023438 0.836714 0.025000 0.836714 0.026562 0.847114 0.034375 0.847114 0.035937 0.851274 0.039062 0.851274 0.040625 0.855435 0.043750 0.855435 0.045312 0.863755 0.051562 0.869995 0.051562 0.869995 0.070312 0.861675 0.070312 0.857515 0.073437 0.855435 0.073437 0.853354 0.075000 0.851274 0.075000 0.849194 0.076562 0.847114 0.076562 0.845034 0.078125 0.842954 0.078125 0.840874 0.079687 0.838794 0.079687 0.834634 0.082812 0.832554 0.082812 0.824233 0.089062 0.822153 0.089062 0.817993 0.092187 0.813833 0.092187 0.811753 0.093750 0.807593 0.093750 0.801353 0.098437 0.801353 0.101562
1 0.585024 0.590625 0.585024 0.595312 0.589185 0.598437 0.593345 0.598437 0.595425 0.600000 0.597505 0.600000 0.601665 0.603125 0.603745 0.603125 0.607905 0.606250 0.609985 0.606250 0.618306 0.612500 0.618306 0.614062 0.626626 0.620312 0.626626 0.621875 0.630786 0.625000 0.630786 0.626562 0.632866 0.628125 0.632866 0.629687 0.634946 0.631250 0.634946 0.632812 0.639106 0.635937 0.645347 0.635937 0.645347 0.684375 0.639106 0.684375 0.634946 0.687500 0.634946 0.689062 0.632866 0.690625 0.632866 0.692187 0.628706 0.695312 0.628706 0.696875 0.609985 0.710938 0.607905 0.710938 0.603745 0.714062 0.601665 0.714062 0.599585 0.715625 0.597505 0.715625 0.595425 0.717187 0.593345 0.717187 0.591265 0.718750 0.589185 0.718750 0.585024 0.721875 0.585024 0.726562 0.535103 0.726562 0.535103 0.721875 0.530942 0.718750 0.526782 0.718750 0.524702 0.717187 0.522622 0.717187 0.520542 0.715625 0.518462 0.715625 0.514302 0.712500 0.512222 0.712500 0.508062 0.709375 0.505981 0.709375 0.497661 0.703125 0.497661 0.701562 0.491421 0.696875 0.491421 0.695312 0.487261 0.692187 0.487261 0.690625 0.485181 0.689062 0.485181 0.687500 0.478940 0.682812 0.472700 0.682812 0.472700 0.635937 0.478940 0.635937 0.483101 0.632812 0.483101 0.631250 0.485181 0.629687 0.485181 0.628125 0.487261 0.626562 0.487261 0.625000 0.491421 0.621875 0.491421 0.620312 0.497661 0.615625 0.497661 0.614062 0.508062 0.606250 0.510142 0.606250 0.514302 0.603125 0.516382 0.603125 0.520542 0.600000 0.524702 0.600000 0.526782 0.598437 0.528862 0.598437 0.533022 0.595312 0.533022 0.590625