0 0.722310 0.465625 0.722310 0.470312 0.726470 0.473437 0.728550 0.473437 0.730630 0.475000 0.732710 0.475000 0.734790 0.476562 0.736870 0.476562 0.753511 0.489062 0.753511 0.490625 0.757671 0.493750 0.757671 0.495312 0.759751 0.496875 0.759751 0.500000 0.763911 0.503125 0.770151 0.503125 0.770151 0.543750 0.763911 0.543750 0.759751 0.546875 0.759751 0.548437 0.757671 0.550000 0.757671 0.551562 0.755591 0.553125 0.755591 0.554687 0.747271 0.560937 0.747271 0.562500 0.736870 0.570312 0.734790 0.570312 0.728550 0.575000 0.726470 0.575000 0.722310 0.578125 0.722310 0.582812 0.655747 0.582812 0.655747 0.578125 0.651587 0.575000 0.649507 0.575000 0.647427 0.573437 0.645347 0.573437 0.641187 0.570312 0.639106 0.570312 0.622466 0.557812 0.622466 0.556250 0.618306 0.553125 0.618306 0.551562 0.616226 0.550000 0.616226 0.548437 0.612065 0.545312 0.605825 0.545312 0.605825 0.503125 0.612065 0.503125 0.616226 0.500000 0.616226 0.498437 0.618306 0.496875 0.618306 0.495312 0.620386 0.493750 0.620386 0.492188 0.624546 0.489062 0.624546 0.487500 0.641187 0.475000 0.643267 0.475000 0.645347 0.473437 0.647427 0.473437 0.649507 0.471875 0.649507 0.465625
1 0.439419 0.453125 0.439419 0.459375 0.441499 0.460938 0.443579 0.460938 0.445659 0.462500 0.447739 0.462500 0.456060 0.468750 0.458140 0.468750 0.466460 0.475000 0.466460 0.476562 0.472700 0.481250 0.472700 0.482812 0.476860 0.485937 0.476860 0.489062 0.481021 0.492188 0.487261 0.492188 0.487261 0.535937 0.481021 0.535937 0.476860 0.539062 0.476860 0.540625 0.472700 0.543750 0.472700 0.545312 0.464380 0.551562 0.464380 0.553125 0.462300 0.554687 0.460220 0.554687 0.453979 0.559375 0.451899 0.559375 0.447739 0.562500 0.445659 0.562500 0.441499 0.565625 0.441499 0.570312 0.370776 0.570312 0.370776 0.564062 0.368696 0.562500 0.366616 0.562500 0.364536 0.560937 0.362456 0.560937 0.358296 0.557812 0.356216 0.557812 0.343735 0.548437 0.343735 0.546875 0.337495 0.542187 0.337495 0.540625 0.335415 0.539062 0.335415 0.535937 0.333335 0.534375 0.333335 0.532812 0.329175 0.529687 0.322935 0.529687 0.322935 0.503125 0.329175 0.503125 0.331255 0.501562 0.331255 0.500000 0.333335 0.498437 0.333335 0.495312 0.335415 0.493750 0.335415 0.492188 0.337495 0.490625 0.337495 0.489062 0.341655 0.485937 0.341655 0.484375 0.354136 0.475000 0.356216 0.475000 0.360376 0.471875 0.362456 0.471875 0.366616 0.468750 0.368696 0.468750 0.370776 0.467187 0.372856 0.467187 0.379097 0.462500 0.381177 0.462500 0.383257 0.460938 0.385337 0.460938 0.389497 0.457812 0.389497 0.453125
1 0.624546 0.328125 0.624546 0.334375 0.626626 0.335938 0.628706 0.335938 0.641187 0.345312 0.641187 0.346875 0.643267 0.348437 0.643267 0.350000 0.649507 0.354687 0.649507 0.356250 0.651587 0.357812 0.651587 0.359375 0.655747 0.362500 0.661987 0.362500 0.661987 0.407812 0.655747 0.407812 0.651587 0.410937 0.651587 0.412500 0.643267 0.418750 0.643267 0.420312 0.641187 0.421875 0.639106 0.421875 0.632866 0.426562 0.630786 0.426562 0.626626 0.429688 0.624546 0.429688 0.622466 0.431250 0.620386 0.431250 0.616226 0.434375 0.616226 0.439062 0.560064 0.439062 0.560064 0.434375 0.551743 0.428125 0.549663 0.428125 0.547583 0.426562 0.545503 0.426562 0.535103 0.418750 0.535103 0.417187 0.533022 0.415625 0.533022 0.414062 0.528862 0.410937 0.522622 0.410937 0.522622 0.357812 0.530942 0.357812 0.533022 0.356250 0.533022 0.354687 0.537183 0.351562 0.537183 0.350000 0.541343 0.346875 0.543423 0.346875 0.549663 0.342187 0.551743 0.342187 0.555903 0.339062 0.557983 0.339062 0.560064 0.337500 0.562144 0.337500 0.564224 0.335938 0.566304 0.335938 0.570464 0.332812 0.570464 0.328125
1 0.741030 0.596875 0.741030 0.601562 0.745190 0.604687 0.749351 0.604687 0.753511 0.607813 0.755591 0.607813 0.761831 0.612500 0.763911 0.612500 0.774312 0.620312 0.774312 0.621875 0.778472 0.625000 0.786792 0.625000 0.786792 0.693750 0.778472 0.693750 0.770151 0.700000 0.770151 0.701562 0.768071 0.701562 0.755591 0.710938 0.753511 0.710938 0.747271 0.715625 0.747271 0.720312 0.664067 0.720312 0.664067 0.715625 0.657827 0.710938 0.655747 0.710938 0.651587 0.707812 0.649507 0.707812 0.643267 0.703125 0.643267 0.701562 0.634946 0.695312 0.634946 0.693750 0.628706 0.689062 0.622466 0.689062 0.622466 0.632812 0.628706 0.632812 0.632866 0.629687 0.632866 0.628125 0.634946 0.626562 0.634946 0.625000 0.657827 0.607813 0.659907 0.607813 0.661987 0.606250 0.664067 0.606250 0.670308 0.601562 0.670308 0.596875
0 0.476860 0.334375 0.476860 0.339062 0.481021 0.342187 0.483101 0.342187 0.485181 0.343750 0.487261 0.343750 0.489341 0.345312 0.491421 0.345312 0.493501 0.346875 0.495581 0.346875 0.499741 0.350000 0.501821 0.350000 0.516382 0.360937 0.516382 0.362500 0.522622 0.367188 0.528862 0.367188 0.528862 0.428125 0.522622 0.428125 0.514302 0.434375 0.514302 0.435937 0.495581 0.450000 0.493501 0.450000 0.489341 0.453125 0.489341 0.457812 0.422778 0.457812 0.422778 0.453125 0.418618 0.450000 0.416538 0.450000 0.414458 0.448437 0.412378 0.448437 0.408218 0.445312 0.406138 0.445312 0.389497 0.432812 0.389497 0.431250 0.385337 0.428125 0.385337 0.426562 0.383257 0.425000 0.383257 0.423437 0.379097 0.420312 0.372856 0.420312 0.372856 0.375000 0.379097 0.375000 0.383257 0.371875 0.383257 0.368750 0.387417 0.365625 0.387417 0.364062 0.393657 0.359375 0.393657 0.357812 0.404058 0.350000 0.406138 0.350000 0.412378 0.345312 0.414458 0.345312 0.416538 0.343750 0.418618 0.343750 0.420698 0.342187 0.422778 0.342187 0.426938 0.339062 0.426938 0.334375
2 0.431099 0.871875 0.431099 0.876562 0.437339 0.881250 0.437339 0.882812 0.443579 0.887500 0.443579 0.889062 0.445659 0.890625 0.445659 0.892187 0.447739 0.893750 0.447739 0.895312 0.449819 0.896875 0.449819 0.898438 0.451899 0.900000 0.451899 0.901562 0.456060 0.904687 0.456060 0.906250 0.460220 0.909375 0.460220 0.910937 0.462300 0.912500 0.462300 0.914062 0.464380 0.915625 0.470620 0.915625 0.470620 0.957812 0.464380 0.957812 0.462300 0.959375 0.462300 0.962500 0.460220 0.964062 0.460220 0.968750 0.458140 0.970312 0.458140 0.975000 0.456060 0.976562 0.456060 0.982812 0.453979 0.984375 0.453979 0.985937 0.451899 0.987500 0.451899 0.989062 0.447739 0.992188 0.445659 0.992188 0.439419 0.996875 0.439419 0.998437 0.139888 0.998437 0.139888 0.951562 0.146128 0.951562 0.150288 0.948437 0.150288 0.945312 0.152368 0.943750 0.152368 0.940625 0.158608 0.935937 0.158608 0.934375 0.160689 0.932812 0.160689 0.931250 0.164849 0.928125 0.164849 0.926562 0.187730 0.909375 0.189810 0.909375 0.193970 0.906250 0.196050 0.906250 0.198130 0.904687 0.200210 0.904687 0.202290 0.903125 0.204370 0.903125 0.206450 0.901562 0.208530 0.901562 0.210610 0.900000 0.212690 0.900000 0.214771 0.898438 0.221011 0.898438 0.223091 0.896875 0.237651 0.896875 0.239731 0.895312 0.250132 0.895312 0.252212 0.893750 0.262612 0.893750 0.264692 0.892187 0.279253 0.892187 0.281333 0.890625 0.289653 0.890625 0.291733 0.889062 0.295894 0.889062 0.297974 0.887500 0.306294 0.887500 0.308374 0.885937 0.316694 0.885937 0.318774 0.884375 0.325015 0.884375 0.327095 0.882812 0.329175 0.882812 0.331255 0.881250 0.337495 0.881250 0.339575 0.879687 0.343735 0.879687 0.345815 0.878125 0.354136 0.878125 0.356216 0.876562 0.356216 0.871875
2 0.560064 0.228125 0.560064 0.232812 0.562144 0.234375 0.564224 0.234375 0.566304 0.235937 0.568384 0.235937 0.572544 0.239062 0.574624 0.239062 0.578784 0.242188 0.580864 0.242188 0.593345 0.251562 0.593345 0.253125 0.599585 0.257812 0.599585 0.259375 0.601665 0.260937 0.601665 0.262500 0.605825 0.265625 0.612065 0.265625 0.612065 0.307813 0.605825 0.307813 0.599585 0.312500 0.599585 0.314062 0.597505 0.315625 0.597505 0.317187 0.591265 0.321875 0.591265 0.323437 0.587104 0.326562 0.585024 0.326562 0.582944 0.328125 0.580864 0.328125 0.578784 0.329687 0.576704 0.329687 0.572544 0.332812 0.570464 0.332812 0.568384 0.334375 0.564224 0.334375 0.560064 0.337500 0.557983 0.337500 0.553823 0.340625 0.553823 0.345312 0.514302 0.345312 0.514302 0.340625 0.510142 0.337500 0.505981 0.337500 0.503901 0.335938 0.501821 0.335938 0.499741 0.334375 0.497661 0.334375 0.495581 0.332812 0.493501 0.332812 0.491421 0.331250 0.489341 0.331250 0.485181 0.328125 0.483101 0.328125 0.474780 0.321875 0.474780 0.320312 0.470620 0.317187 0.470620 0.315625 0.468540 0.314062 0.468540 0.312500 0.466460 0.310937 0.466460 0.309375 0.462300 0.306250 0.456060 0.306250 0.456060 0.267187 0.462300 0.267187 0.466460 0.264062 0.466460 0.262500 0.468540 0.260937 0.468540 0.259375 0.470620 0.257812 0.470620 0.256250 0.476860 0.251562 0.476860 0.250000 0.487261 0.242188 0.489341 0.242188 0.495581 0.237500 0.497661 0.237500 0.499741 0.235937 0.501821 0.235937 0.503901 0.234375 0.505981 0.234375 0.508062 0.232812 0.508062 0.228125
2 0.747271 0.365625 0.747271 0.370312 0.751431 0.373437 0.753511 0.373437 0.755591 0.375000 0.757671 0.375000 0.759751 0.376562 0.761831 0.376562 0.768071 0.381250 0.770151 0.381250 0.774312 0.384375 0.774312 0.385937 0.780552 0.390625 0.780552 0.392187 0.782632 0.393750 0.782632 0.395312 0.784712 0.396875 0.784712 0.398438 0.786792 0.400000 0.795112 0.400000 0.795112 0.445312 0.788872 0.445312 0.784712 0.448437 0.784712 0.450000 0.780552 0.453125 0.780552 0.454687 0.772231 0.460938 0.772231 0.462500 0.768071 0.465625 0.765991 0.465625 0.763911 0.467187 0.761831 0.467187 0.759751 0.468750 0.757671 0.468750 0.753511 0.471875 0.753511 0.476562 0.722310 0.476562 0.722310 0.471875 0.718149 0.468750 0.716069 0.468750 0.713989 0.467187 0.709829 0.467187 0.707749 0.465625 0.693188 0.465625 0.691108 0.464062 0.684868 0.464062 0.682788 0.462500 0.674468 0.462500 0.672388 0.460938 0.670308 0.460938 0.655747 0.450000 0.655747 0.448437 0.653667 0.446875 0.647427 0.446875 0.647427 0.414062 0.653667 0.414062 0.659907 0.409375 0.659907 0.406250 0.661987 0.404687 0.661987 0.403125 0.664067 0.401562 0.664067 0.398438 0.666147 0.396875 0.666147 0.392187 0.668228 0.390625 0.668228 0.387500 0.670308 0.385937 0.670308 0.384375 0.674468 0.381250 0.674468 0.379687 0.682788 0.373437 0.684868 0.373437 0.686948 0.371875 0.686948 0.365625
1 0.695269 0.803125 0.695269 0.807812 0.699429 0.810937 0.701509 0.810937 0.703589 0.812500 0.705669 0.812500 0.711909 0.817187 0.713989 0.817187 0.720230 0.821875 0.722310 0.821875 0.734790 0.831250 0.734790 0.832812 0.738950 0.835938 0.745190 0.835938 0.745190 0.904687 0.738950 0.904687 0.734790 0.907812 0.734790 0.909375 0.732710 0.910937 0.732710 0.912500 0.730630 0.914062 0.730630 0.915625 0.726470 0.918750 0.726470 0.920312 0.724390 0.921875 0.724390 0.923437 0.722310 0.925000 0.722310 0.926562 0.716069 0.931250 0.716069 0.932812 0.697349 0.946875 0.695269 0.946875 0.691108 0.950000 0.689028 0.950000 0.686948 0.951562 0.686948 0.957812 0.624546 0.957812 0.624546 0.953125 0.620386 0.950000 0.591265 0.950000 0.589185 0.948437 0.587104 0.948437 0.582944 0.945312 0.582944 0.942187 0.580864 0.940625 0.580864 0.939062 0.572544 0.932812 0.572544 0.931250 0.564224 0.925000 0.564224 0.923437 0.562144 0.921875 0.562144 0.920312 0.560064 0.918750 0.560064 0.917187 0.557983 0.915625 0.557983 0.914062 0.555903 0.912500 0.555903 0.909375 0.553823 0.907812 0.553823 0.906250 0.551743 0.904687 0.551743 0.900000 0.549663 0.898438 0.549663 0.895312 0.547583 0.893750 0.547583 0.892187 0.545503 0.890625 0.539263 0.890625 0.539263 0.857812 0.547583 0.857812 0.549663 0.856250 0.549663 0.854687 0.553823 0.851562 0.553823 0.850000 0.570464 0.837500 0.572544 0.837500 0.574624 0.835938 0.574624 0.834375 0.576704 0.832812 0.576704 0.829687 0.578784 0.828125 0.578784 0.820312 0.580864 0.818750 0.580864 0.815625 0.582944 0.814062 0.582944 0.812500 0.585024 0.810937 0.585024 0.803125 0.651587 0.803125 0.651587 0.807812 0.653667 0.809375 0.655747 0.807812 0.655747 0.803125
2 0.614146 0.537500 0.620386 0.537500 0.620386 0.545312 0.614146 0.545312 0.614146 0.537500 0.601665 0.525000 0.597505 0.528125 0.595425 0.528125 0.591265 0.531250 0.589185 0.531250 0.587104 0.532812 0.585024 0.532812 0.580864 0.535937 0.576704 0.535937 0.574624 0.537500 0.572544 0.537500 0.568384 0.540625 0.568384 0.545312 0.530942 0.545312 0.530942 0.540625 0.524702 0.535937 0.522622 0.535937 0.520542 0.534375 0.518462 0.534375 0.510142 0.528125 0.508062 0.528125 0.505981 0.526562 0.505981 0.525000 0.499741 0.520312 0.499741 0.518750 0.495581 0.515625 0.489341 0.515625 0.489341 0.460938 0.495581 0.460938 0.508062 0.451562 0.510142 0.451562 0.520542 0.443750 0.522622 0.443750 0.524702 0.442187 0.526782 0.442187 0.528862 0.440625 0.528862 0.434375 0.576704 0.434375 0.576704 0.439062 0.580864 0.442187 0.585024 0.442187 0.587104 0.443750 0.589185 0.443750 0.593345 0.446875 0.595425 0.446875 0.599585 0.450000 0.601665 0.450000 0.609985 0.456250 0.609985 0.457812 0.614146 0.460938 0.620386 0.460938 0.620386 0.509375 0.614146 0.509375 0.607905 0.514062 0.607905 0.515625 0.603745 0.518750 0.603745 0.520312 0.601665 0.521875 0.601665 0.525000
2 0.568384 0.571875 0.568384 0.576562 0.572544 0.579687 0.574624 0.579687 0.578784 0.582812 0.580864 0.582812 0.597505 0.595312 0.597505 0.596875 0.601665 0.600000 0.601665 0.601562 0.603745 0.603125 0.612065 0.603125 0.612065 0.657812 0.603745 0.657812 0.601665 0.659375 0.601665 0.660937 0.597505 0.664062 0.597505 0.665625 0.580864 0.678125 0.578784 0.678125 0.572544 0.682812 0.570464 0.682812 0.568384 0.684375 0.566304 0.684375 0.564224 0.685937 0.562144 0.685937 0.560064 0.687500 0.557983 0.687500 0.555903 0.689062 0.555903 0.695312 0.505981 0.695312 0.505981 0.690625 0.501821 0.687500 0.499741 0.687500 0.497661 0.685937 0.495581 0.685937 0.493501 0.684375 0.491421 0.684375 0.485181 0.679688 0.483101 0.679688 0.474780 0.673437 0.472700 0.673437 0.466460 0.668750 0.466460 0.667187 0.462300 0.664062 0.462300 0.662500 0.458140 0.659375 0.458140 0.657812 0.453979 0.654687 0.447739 0.654687 0.447739 0.610937 0.453979 0.610937 0.458140 0.607813 0.458140 0.606250 0.460220 0.604687 0.460220 0.603125 0.466460 0.598437 0.466460 0.596875 0.487261 0.581250 0.489341 0.581250 0.495581 0.576562 0.495581 0.571875
2 0.302134 0.409375 0.302134 0.414062 0.308374 0.418750 0.310454 0.418750 0.312534 0.420312 0.314614 0.420312 0.329175 0.431250 0.329175 0.432812 0.333335 0.435937 0.333335 0.437500 0.339575 0.442187 0.345815 0.442187 0.345815 0.485937 0.339575 0.485937 0.335415 0.489062 0.335415 0.490625 0.331255 0.493750 0.331255 0.495312 0.329175 0.496875 0.329175 0.498437 0.318774 0.506250 0.318774 0.507812 0.314614 0.510937 0.312534 0.510937 0.304214 0.517187 0.302134 0.517187 0.297974 0.520312 0.295894 0.520312 0.293814 0.521875 0.291733 0.521875 0.289653 0.523437 0.285493 0.523437 0.283413 0.525000 0.279253 0.525000 0.277173 0.526562 0.275093 0.526562 0.273013 0.528125 0.273013 0.532812 0.239731 0.532812 0.239731 0.528125 0.235571 0.525000 0.231411 0.525000 0.229331 0.523437 0.227251 0.523437 0.225171 0.521875 0.223091 0.521875 0.218931 0.518750 0.216851 0.518750 0.196050 0.503125 0.196050 0.501562 0.193970 0.500000 0.193970 0.498437 0.191890 0.496875 0.191890 0.495312 0.187730 0.492188 0.181489 0.492188 0.181489 0.446875 0.187730 0.446875 0.193970 0.442187 0.193970 0.440625 0.196050 0.439062 0.196050 0.437500 0.202290 0.432812 0.202290 0.431250 0.212690 0.423437 0.214771 0.423437 0.223091 0.417187 0.225171 0.417187 0.227251 0.415625 0.227251 0.409375
1 0.557983 0.915625 0.557983 0.920312 0.564224 0.925000 0.564224 0.926562 0.568384 0.929688 0.568384 0.931250 0.572544 0.934375 0.572544 0.935937 0.574624 0.937500 0.574624 0.939062 0.576704 0.940625 0.576704 0.943750 0.578784 0.945312 0.578784 0.946875 0.585024 0.951562 0.585024 0.953125 0.589185 0.956250 0.589185 0.959375 0.591265 0.960938 0.591265 0.962500 0.593345 0.964062 0.593345 0.965625 0.595425 0.967187 0.603745 0.967187 0.603745 0.998437 0.470620 0.998437 0.470620 0.996875 0.472700 0.995312 0.472700 0.990625 0.470620 0.989062 0.470620 0.987500 0.468540 0.985937 0.468540 0.976562 0.466460 0.975000 0.466460 0.973437 0.462300 0.970312 0.458140 0.973437 0.458140 0.982812 0.456060 0.984375 0.453979 0.984375 0.451899 0.985937 0.451899 0.987500 0.445659 0.992188 0.439419 0.992188 0.439419 0.934375 0.447739 0.934375 0.449819 0.935937 0.451899 0.935937 0.453979 0.937500 0.458140 0.934375 0.458140 0.929688 0.456060 0.928125 0.453979 0.928125 0.451899 0.929688 0.449819 0.929688 0.447739 0.931250 0.439419 0.931250 0.439419 0.915625 0.460220 0.915625 0.460220 0.926562 0.458140 0.928125 0.460220 0.929688 0.485181 0.929688 0.487261 0.928125 0.489341 0.928125 0.491421 0.926562 0.493501 0.926562 0.495581 0.925000 0.499741 0.925000 0.501821 0.923437 0.505981 0.923437 0.508062 0.921875 0.510142 0.921875 0.512222 0.920312 0.512222 0.915625 0.526782 0.915625 0.526782 0.920312 0.528862 0.921875 0.533022 0.921875 0.535103 0.923437 0.539263 0.923437 0.541343 0.921875 0.543423 0.921875 0.545503 0.920312 0.545503 0.915625
1 0.709829 0.965625 0.709829 0.970312 0.732710 0.987500 0.732710 0.989062 0.736870 0.992188 0.745190 0.992188 0.745190 0.998437 0.639106 0.998437 0.639106 0.995312 0.645347 0.995312 0.651587 0.990625 0.651587 0.989062 0.672388 0.973437 0.674468 0.973437 0.676548 0.971875 0.676548 0.965625