1 0.512739 0.584375 0.512739 0.589062 0.508579 0.592187 0.506499 0.592187 0.500259 0.596875 0.498179 0.596875 0.496099 0.598437 0.494019 0.598437 0.485698 0.604687 0.485698 0.606250 0.479458 0.610937 0.479458 0.612500 0.475298 0.615625 0.475298 0.617188 0.473218 0.618750 0.473218 0.620312 0.469058 0.623438 0.462817 0.623438 0.462817 0.670312 0.469058 0.670312 0.489858 0.685937 0.491938 0.685937 0.494019 0.687500 0.496099 0.687500 0.498179 0.689062 0.500259 0.689062 0.502339 0.690625 0.502339 0.695312 0.575142 0.695312 0.575142 0.690625 0.579302 0.687500 0.581382 0.687500 0.583462 0.685937 0.587622 0.685937 0.589702 0.684375 0.591782 0.684375 0.593862 0.682812 0.595942 0.682812 0.600103 0.679688 0.602183 0.679688 0.614663 0.670312 0.614663 0.668750 0.616743 0.667187 0.616743 0.665625 0.618823 0.664062 0.627144 0.664062 0.627144 0.621875 0.620903 0.621875 0.614663 0.617188 0.614663 0.615625 0.604263 0.607813 0.602183 0.607813 0.598022 0.604687 0.598022 0.603125 0.595942 0.601562 0.593862 0.601562 0.581382 0.592187 0.579302 0.592187 0.575142 0.589062 0.575142 0.584375
0 0.335933 0.290625 0.335933 0.295312 0.331772 0.298437 0.329692 0.298437 0.327612 0.300000 0.325532 0.300000 0.323452 0.301562 0.321372 0.301562 0.319292 0.303125 0.317212 0.303125 0.313052 0.306250 0.310972 0.306250 0.294331 0.318750 0.294331 0.320312 0.292251 0.321875 0.292251 0.323437 0.290171 0.325000 0.290171 0.326562 0.288091 0.328125 0.279770 0.328125 0.279770 0.367188 0.286011 0.367188 0.290171 0.370312 0.290171 0.371875 0.294331 0.375000 0.294331 0.376562 0.300571 0.381250 0.300571 0.382812 0.306812 0.387500 0.308892 0.387500 0.313052 0.390625 0.315132 0.390625 0.319292 0.393750 0.321372 0.393750 0.325532 0.396875 0.325532 0.401562 0.379614 0.401562 0.379614 0.396875 0.383774 0.393750 0.385854 0.393750 0.387935 0.392187 0.390015 0.392187 0.394175 0.389062 0.396255 0.389062 0.406655 0.381250 0.406655 0.379687 0.412896 0.375000 0.412896 0.373437 0.414976 0.371875 0.414976 0.370312 0.417056 0.368750 0.417056 0.365625 0.419136 0.364062 0.419136 0.362500 0.421216 0.360937 0.427456 0.360937 0.427456 0.332812 0.421216 0.332812 0.417056 0.329687 0.417056 0.326562 0.414976 0.325000 0.414976 0.323437 0.412896 0.321875 0.412896 0.320312 0.406655 0.315625 0.406655 0.314062 0.396255 0.306250 0.394175 0.306250 0.390015 0.303125 0.387935 0.303125 0.385854 0.301562 0.383774 0.301562 0.381694 0.300000 0.379614 0.300000 0.377534 0.298437 0.375454 0.298437 0.371294 0.295312 0.371294 0.290625
0 0.250649 0.515625 0.250649 0.520312 0.246489 0.523437 0.242329 0.523437 0.240249 0.525000 0.238169 0.525000 0.229849 0.531250 0.227769 0.531250 0.215288 0.540625 0.215288 0.542187 0.209048 0.546875 0.209048 0.550000 0.206968 0.551562 0.206968 0.553125 0.202808 0.556250 0.196567 0.556250 0.196567 0.592187 0.204888 0.592187 0.206968 0.593750 0.206968 0.595312 0.209048 0.596875 0.209048 0.598437 0.211128 0.600000 0.211128 0.601562 0.217368 0.606250 0.217368 0.607813 0.227769 0.615625 0.229849 0.615625 0.234009 0.618750 0.236089 0.618750 0.238169 0.620312 0.238169 0.626562 0.306812 0.626562 0.306812 0.621875 0.310972 0.618750 0.313052 0.618750 0.317212 0.615625 0.319292 0.615625 0.323452 0.612500 0.325532 0.612500 0.331772 0.607813 0.331772 0.606250 0.335933 0.603125 0.335933 0.601562 0.338013 0.600000 0.338013 0.598437 0.340093 0.596875 0.340093 0.595312 0.342173 0.593750 0.342173 0.592187 0.344253 0.590625 0.344253 0.589062 0.346333 0.587500 0.352573 0.587500 0.352573 0.553125 0.346333 0.553125 0.342173 0.550000 0.342173 0.548437 0.338013 0.545312 0.338013 0.543750 0.331772 0.539062 0.331772 0.537500 0.329692 0.535937 0.327612 0.535937 0.325532 0.534375 0.325532 0.532812 0.321372 0.529687 0.319292 0.529687 0.310972 0.523437 0.306812 0.523437 0.302651 0.520312 0.302651 0.515625
0 0.496099 0.478125 0.496099 0.482812 0.491938 0.485937 0.487778 0.485937 0.479458 0.492188 0.477378 0.492188 0.473218 0.495312 0.473218 0.496875 0.464897 0.503125 0.464897 0.504687 0.460737 0.507812 0.454497 0.507812 0.454497 0.553125 0.460737 0.553125 0.464897 0.556250 0.464897 0.557812 0.471138 0.562500 0.471138 0.564062 0.477378 0.568750 0.477378 0.570312 0.481538 0.573437 0.483618 0.573437 0.487778 0.576562 0.487778 0.582812 0.560581 0.582812 0.560581 0.578125 0.566821 0.573437 0.568901 0.573437 0.579302 0.565625 0.579302 0.564062 0.583462 0.560937 0.583462 0.559375 0.587622 0.556250 0.593862 0.556250 0.593862 0.506250 0.587622 0.506250 0.583462 0.503125 0.583462 0.501562 0.575142 0.495312 0.575142 0.493750 0.573062 0.493750 0.562661 0.485937 0.560581 0.485937 0.556421 0.482812 0.556421 0.478125
1 0.901714 0.845312 0.895474 0.845312 0.895474 0.857812 0.903794 0.857812 0.903794 0.846875 0.901714 0.845312 0.926675 0.821875 0.937075 0.829687 0.939155 0.829687 0.943315 0.832812 0.945395 0.832812 0.949556 0.835938 0.951636 0.835938 0.955796 0.839062 0.957876 0.839062 0.962036 0.842187 0.964116 0.842187 0.966196 0.843750 0.968276 0.843750 0.970356 0.845312 0.972437 0.845312 0.974517 0.846875 0.976597 0.846875 0.978677 0.848437 0.982837 0.848437 0.984917 0.850000 0.989077 0.850000 0.991157 0.851562 1.000000 0.851562 1.000000 0.671875 0.968276 0.671875 0.968276 0.676562 0.964116 0.679688 0.959956 0.679688 0.957876 0.681250 0.955796 0.681250 0.951636 0.684375 0.949556 0.684375 0.947476 0.685937 0.945395 0.685937 0.937075 0.692187 0.934995 0.692187 0.926675 0.698437 0.924595 0.698437 0.920435 0.701562 0.920435 0.703125 0.914194 0.707812 0.914194 0.709375 0.910034 0.712500 0.910034 0.714062 0.907954 0.715625 0.907954 0.717187 0.905874 0.718750 0.905874 0.720312 0.901714 0.723437 0.895474 0.723437 0.895474 0.789062 0.901714 0.789062 0.905874 0.792187 0.905874 0.795312 0.907954 0.796875 0.907954 0.798437 0.910034 0.800000 0.910034 0.801562 0.912114 0.803125 0.912114 0.804688 0.914194 0.806250 0.914194 0.807812 0.918354 0.810937 0.918354 0.812500 0.920435 0.814062 0.920435 0.815625 0.926675 0.820312 0.926675 0.821875
1 0.321372 0.428125 0.321372 0.432812 0.317212 0.435937 0.315132 0.435937 0.313052 0.437500 0.310972 0.437500 0.294331 0.450000 0.294331 0.451562 0.290171 0.454687 0.290171 0.456250 0.286011 0.459375 0.279770 0.459375 0.279770 0.496875 0.288091 0.496875 0.290171 0.498437 0.290171 0.500000 0.292251 0.501562 0.292251 0.503125 0.294331 0.504687 0.294331 0.506250 0.298491 0.509375 0.298491 0.510937 0.310972 0.520312 0.313052 0.520312 0.317212 0.523437 0.319292 0.523437 0.321372 0.525000 0.323452 0.525000 0.325532 0.526562 0.327612 0.526562 0.329692 0.528125 0.329692 0.532812 0.379614 0.532812 0.379614 0.528125 0.383774 0.525000 0.387935 0.525000 0.392095 0.521875 0.394175 0.521875 0.396255 0.520312 0.398335 0.520312 0.404575 0.515625 0.404575 0.514062 0.410815 0.509375 0.410815 0.507812 0.412896 0.506250 0.412896 0.504687 0.414976 0.503125 0.414976 0.500000 0.417056 0.498437 0.417056 0.495312 0.421216 0.492188 0.427456 0.492188 0.427456 0.467187 0.421216 0.467187 0.417056 0.464062 0.417056 0.460938 0.414976 0.459375 0.414976 0.456250 0.412896 0.454687 0.412896 0.453125 0.408735 0.450000 0.408735 0.448437 0.404575 0.445312 0.404575 0.443750 0.398335 0.439062 0.396255 0.439062 0.392095 0.435937 0.390015 0.435937 0.387935 0.434375 0.387935 0.428125
2 0.647944 0.934375 0.647944 0.939062 0.643784 0.942187 0.641704 0.942187 0.639624 0.943750 0.639624 0.945312 0.631304 0.951562 0.631304 0.953125 0.627144 0.956250 0.627144 0.957812 0.625063 0.959375 0.625063 0.960938 0.622983 0.962500 0.622983 0.964062 0.618823 0.967187 0.612583 0.967187 0.612583 0.998437 0.810190 0.998437 0.810190 0.996875 0.803950 0.996875 0.799790 0.993750 0.799790 0.992188 0.797710 0.990625 0.797710 0.989062 0.795630 0.987500 0.795630 0.985937 0.789390 0.981250 0.789390 0.979687 0.783149 0.975000 0.783149 0.973437 0.772749 0.965625 0.772749 0.964062 0.762349 0.956250 0.760269 0.956250 0.751948 0.950000 0.749868 0.950000 0.747788 0.948437 0.745708 0.948437 0.741548 0.945312 0.739468 0.945312 0.737388 0.943750 0.733227 0.943750 0.731147 0.942187 0.729067 0.942187 0.724907 0.939062 0.724907 0.934375
1 0.602183 0.371875 0.602183 0.376562 0.598022 0.379687 0.595942 0.379687 0.591782 0.382812 0.589702 0.382812 0.581382 0.389062 0.579302 0.389062 0.577222 0.390625 0.577222 0.392187 0.568901 0.398438 0.562661 0.398438 0.562661 0.453125 0.568901 0.453125 0.575142 0.457812 0.575142 0.459375 0.581382 0.464062 0.583462 0.464062 0.587622 0.467187 0.589702 0.467187 0.591782 0.468750 0.593862 0.468750 0.598022 0.471875 0.598022 0.476562 0.660425 0.476562 0.660425 0.471875 0.666665 0.467187 0.668745 0.467187 0.674985 0.462500 0.677065 0.462500 0.681226 0.459375 0.681226 0.457812 0.687466 0.453125 0.687466 0.451562 0.689546 0.450000 0.689546 0.448437 0.691626 0.446875 0.691626 0.445312 0.695786 0.442187 0.702026 0.442187 0.702026 0.409375 0.695786 0.409375 0.691626 0.406250 0.691626 0.403125 0.689546 0.401562 0.689546 0.400000 0.685386 0.396875 0.685386 0.395312 0.666665 0.381250 0.664585 0.381250 0.662505 0.379687 0.660425 0.379687 0.658345 0.378125 0.658345 0.371875
2 0.479458 0.371875 0.479458 0.376562 0.475298 0.379687 0.473218 0.379687 0.471138 0.381250 0.469058 0.381250 0.466978 0.382812 0.464897 0.382812 0.460737 0.385937 0.458657 0.385937 0.456577 0.387500 0.454497 0.387500 0.444097 0.395312 0.444097 0.396875 0.435776 0.403125 0.429536 0.403125 0.429536 0.443750 0.435776 0.443750 0.439936 0.446875 0.439936 0.448437 0.444097 0.451562 0.444097 0.453125 0.448257 0.456250 0.448257 0.457812 0.458657 0.465625 0.458657 0.467187 0.460737 0.468750 0.462817 0.468750 0.464897 0.470312 0.464897 0.476562 0.525220 0.476562 0.525220 0.471875 0.529380 0.468750 0.531460 0.468750 0.535620 0.465625 0.537700 0.465625 0.541860 0.462500 0.541860 0.460938 0.548101 0.456250 0.548101 0.454687 0.550181 0.453125 0.550181 0.451562 0.554341 0.448437 0.560581 0.448437 0.560581 0.404687 0.554341 0.404687 0.552261 0.403125 0.552261 0.401562 0.550181 0.400000 0.550181 0.398438 0.548101 0.396875 0.548101 0.395312 0.535620 0.385937 0.533540 0.385937 0.529380 0.382812 0.527300 0.382812 0.525220 0.381250 0.523140 0.381250 0.521060 0.379687 0.518979 0.379687 0.514819 0.376562 0.514819 0.371875
1 0.215288 0.965625 0.215288 0.970312 0.211128 0.973437 0.209048 0.973437 0.206968 0.975000 0.204888 0.975000 0.182007 0.992188 0.179927 0.992188 0.177847 0.993750 0.171606 0.993750 0.171606 0.998437 0.294331 0.998437 0.294331 0.995312 0.288091 0.995312 0.286011 0.993750 0.286011 0.992188 0.283931 0.990625 0.283931 0.987500 0.281851 0.985937 0.281851 0.984375 0.275610 0.979687 0.275610 0.978125 0.271450 0.975000 0.271450 0.973437 0.269370 0.973437 0.267290 0.971875 0.267290 0.965625
2 0.383774 0.540625 0.383774 0.546875 0.379614 0.550000 0.377534 0.550000 0.373374 0.553125 0.373374 0.554687 0.371294 0.556250 0.371294 0.557812 0.365054 0.562500 0.365054 0.564062 0.360894 0.567187 0.360894 0.568750 0.358813 0.570312 0.358813 0.571875 0.356733 0.573437 0.356733 0.575000 0.352573 0.578125 0.350493 0.576562 0.350493 0.575000 0.348413 0.573437 0.348413 0.565625 0.346333 0.564062 0.346333 0.557812 0.344253 0.556250 0.344253 0.554687 0.338013 0.554687 0.338013 0.590625 0.344253 0.590625 0.346333 0.592187 0.348413 0.592187 0.350493 0.593750 0.350493 0.595312 0.352573 0.596875 0.352573 0.609375 0.350493 0.610937 0.350493 0.618750 0.348413 0.620312 0.348413 0.621875 0.350493 0.623438 0.350493 0.628125 0.352573 0.629687 0.352573 0.632812 0.358813 0.637500 0.358813 0.639062 0.362974 0.642187 0.365054 0.642187 0.373374 0.648438 0.375454 0.648438 0.377534 0.650000 0.379614 0.650000 0.383774 0.653125 0.383774 0.657812 0.439936 0.657812 0.439936 0.653125 0.444097 0.650000 0.446177 0.650000 0.460737 0.639062 0.460737 0.637500 0.464897 0.634375 0.464897 0.632812 0.466978 0.631250 0.466978 0.629687 0.469058 0.628125 0.469058 0.625000 0.471138 0.623438 0.471138 0.621875 0.473218 0.620312 0.473218 0.618750 0.475298 0.617188 0.475298 0.614062 0.479458 0.610937 0.479458 0.609375 0.483618 0.606250 0.483618 0.604687 0.485698 0.603125 0.485698 0.601562 0.487778 0.600000 0.494019 0.600000 0.494019 0.581250 0.487778 0.581250 0.483618 0.578125 0.483618 0.576562 0.481538 0.576562 0.479458 0.575000 0.479458 0.573437 0.471138 0.567187 0.471138 0.565625 0.448257 0.548437 0.446177 0.548437 0.442017 0.545312 0.442017 0.540625
2 0.656265 0.528125 0.656265 0.532812 0.652104 0.535937 0.650024 0.535937 0.647944 0.537500 0.645864 0.537500 0.643784 0.539062 0.641704 0.539062 0.637544 0.542187 0.635464 0.542187 0.631304 0.545312 0.629224 0.545312 0.620903 0.551562 0.620903 0.553125 0.614663 0.557812 0.614663 0.559375 0.612583 0.560937 0.604263 0.560937 0.604263 0.609375 0.612583 0.609375 0.616743 0.612500 0.616743 0.614062 0.625063 0.620312 0.625063 0.621875 0.635464 0.629687 0.637544 0.629687 0.643784 0.634375 0.645864 0.634375 0.654185 0.640625 0.654185 0.645312 0.699946 0.645312 0.699946 0.640625 0.706186 0.635937 0.710347 0.635937 0.712427 0.634375 0.714507 0.634375 0.724907 0.626562 0.726987 0.626562 0.726987 0.625000 0.733227 0.620312 0.733227 0.618750 0.735308 0.617188 0.743628 0.617188 0.743628 0.560937 0.737388 0.560937 0.731147 0.556250 0.731147 0.554687 0.716587 0.543750 0.714507 0.543750 0.712427 0.542187 0.710347 0.542187 0.704106 0.537500 0.702026 0.537500 0.699946 0.535937 0.697866 0.535937 0.693706 0.532812 0.693706 0.528125
1 0.866352 0.784375 0.866352 0.789062 0.860112 0.793750 0.860112 0.795312 0.858032 0.796875 0.858032 0.798437 0.853872 0.801562 0.853872 0.803125 0.851792 0.804688 0.851792 0.806250 0.849712 0.807812 0.849712 0.809375 0.847632 0.810937 0.847632 0.812500 0.843472 0.815625 0.837231 0.815625 0.837231 0.842187 0.843472 0.842187 0.849712 0.846875 0.849712 0.848437 0.860112 0.856250 0.862192 0.856250 0.864272 0.857812 0.864272 0.864062 0.889233 0.864062 0.889233 0.859375 0.893394 0.856250 0.895474 0.856250 0.897554 0.854687 0.899634 0.854687 0.901714 0.853125 0.903794 0.853125 0.912114 0.846875 0.914194 0.846875 0.914194 0.843750 0.916274 0.842187 0.916274 0.839062 0.914194 0.837500 0.914194 0.835938 0.912114 0.834375 0.912114 0.823437 0.916274 0.820312 0.926675 0.820312 0.926675 0.809375 0.916274 0.809375 0.910034 0.804688 0.910034 0.801562 0.907954 0.800000 0.907954 0.798437 0.905874 0.796875 0.905874 0.795312 0.903794 0.793750 0.903794 0.792187 0.901714 0.790625 0.901714 0.784375
2 0.036401 0.840625 0.036401 0.845312 0.034321 0.846875 0.032241 0.846875 0.030161 0.848437 0.028081 0.848437 0.026001 0.850000 0.021841 0.850000 0.019761 0.851562 0.017681 0.851562 0.013521 0.854687 0.011440 0.854687 0.009360 0.856250 0.007280 0.856250 0.005200 0.857812 0.000000 0.857812 0.000000 0.998437 0.136245 0.998437 0.136245 0.951562 0.130005 0.951562 0.127925 0.950000 0.127925 0.946875 0.125845 0.945312 0.125845 0.937500 0.123765 0.935937 0.123765 0.917187 0.121685 0.915625 0.121685 0.896875 0.119604 0.895312 0.119604 0.887500 0.117524 0.885937 0.117524 0.875000 0.115444 0.873437 0.115444 0.867188 0.113364 0.865625 0.113364 0.862500 0.111284 0.860937 0.111284 0.859375 0.107124 0.856250 0.107124 0.854687 0.098804 0.848437 0.094644 0.848437 0.090483 0.845312 0.090483 0.840625