1 0.385854 0.353125 0.385854 0.357812 0.381694 0.360937 0.379614 0.360937 0.375454 0.364062 0.373374 0.364062 0.354653 0.378125 0.354653 0.379687 0.350493 0.382812 0.350493 0.384375 0.348413 0.385937 0.348413 0.387500 0.344253 0.390625 0.338013 0.390625 0.338013 0.431250 0.344253 0.431250 0.348413 0.434375 0.350493 0.434375 0.358813 0.440625 0.358813 0.442187 0.373374 0.453125 0.375454 0.453125 0.379614 0.456250 0.381694 0.456250 0.385854 0.459375 0.385854 0.464062 0.452417 0.464062 0.452417 0.459375 0.456577 0.456250 0.458657 0.456250 0.460737 0.454687 0.462817 0.454687 0.464897 0.453125 0.466978 0.453125 0.481538 0.442187 0.481538 0.440625 0.483618 0.439062 0.483618 0.437500 0.485698 0.435937 0.494019 0.435937 0.494019 0.384375 0.487778 0.384375 0.481538 0.379687 0.481538 0.378125 0.469058 0.368750 0.466978 0.368750 0.460737 0.364062 0.458657 0.364062 0.454497 0.360937 0.452417 0.360937 0.448257 0.357812 0.448257 0.353125
0 0.442017 0.540625 0.442017 0.545312 0.435776 0.550000 0.433696 0.550000 0.431616 0.551562 0.429536 0.551562 0.425376 0.554687 0.423296 0.554687 0.421216 0.556250 0.419136 0.556250 0.414976 0.559375 0.412896 0.559375 0.404575 0.565625 0.404575 0.567187 0.400415 0.570312 0.400415 0.571875 0.394175 0.576562 0.387935 0.576562 0.387935 0.626562 0.394175 0.626562 0.400415 0.631250 0.400415 0.632812 0.404575 0.635937 0.404575 0.637500 0.408735 0.640625 0.408735 0.642187 0.427456 0.656250 0.429536 0.656250 0.433696 0.659375 0.433696 0.664062 0.512739 0.664062 0.512739 0.659375 0.516899 0.656250 0.518979 0.656250 0.525220 0.651562 0.527300 0.651562 0.533540 0.646875 0.533540 0.645312 0.539780 0.640625 0.539780 0.639062 0.546021 0.634375 0.552261 0.634375 0.552261 0.571875 0.546021 0.571875 0.541860 0.568750 0.541860 0.567187 0.527300 0.556250 0.525220 0.556250 0.518979 0.551562 0.516899 0.551562 0.512739 0.548437 0.510659 0.548437 0.506499 0.545312 0.506499 0.540625
0 0.541860 0.346875 0.541860 0.351562 0.537700 0.354687 0.535620 0.354687 0.533540 0.356250 0.531460 0.356250 0.525220 0.360937 0.523140 0.360937 0.521060 0.362500 0.518979 0.362500 0.510659 0.368750 0.508579 0.368750 0.500259 0.375000 0.500259 0.376562 0.498179 0.378125 0.498179 0.379687 0.494019 0.382812 0.487778 0.382812 0.487778 0.435937 0.494019 0.435937 0.498179 0.439062 0.498179 0.440625 0.500259 0.442187 0.500259 0.443750 0.504419 0.446875 0.504419 0.448437 0.514819 0.456250 0.516899 0.456250 0.525220 0.462500 0.529380 0.462500 0.531460 0.464062 0.533540 0.464062 0.535620 0.465625 0.535620 0.470312 0.564741 0.470312 0.564741 0.465625 0.566821 0.464062 0.573062 0.464062 0.575142 0.462500 0.587622 0.462500 0.589702 0.460938 0.600103 0.460938 0.602183 0.459375 0.606343 0.459375 0.610503 0.456250 0.612583 0.456250 0.631304 0.442187 0.631304 0.440625 0.633384 0.439062 0.633384 0.437500 0.637544 0.434375 0.643784 0.434375 0.643784 0.382812 0.637544 0.382812 0.633384 0.379687 0.633384 0.378125 0.631304 0.376562 0.631304 0.375000 0.622983 0.368750 0.622983 0.367188 0.620903 0.365625 0.618823 0.365625 0.610503 0.359375 0.608423 0.359375 0.604263 0.356250 0.602183 0.356250 0.600103 0.354687 0.598022 0.354687 0.593862 0.351562 0.593862 0.346875
1 0.554341 0.459375 0.554341 0.464062 0.550181 0.467187 0.546021 0.467187 0.543940 0.468750 0.541860 0.468750 0.537700 0.471875 0.535620 0.471875 0.523140 0.481250 0.523140 0.482812 0.518979 0.485937 0.516899 0.485937 0.516899 0.487500 0.510659 0.492188 0.504419 0.492188 0.504419 0.542187 0.512739 0.542187 0.525220 0.551562 0.527300 0.551562 0.531460 0.554687 0.531460 0.556250 0.533540 0.557812 0.535620 0.557812 0.548101 0.567187 0.550181 0.567187 0.552261 0.568750 0.554341 0.568750 0.558501 0.571875 0.558501 0.576562 0.612583 0.576562 0.612583 0.571875 0.616743 0.568750 0.618823 0.568750 0.620903 0.567187 0.622983 0.567187 0.625063 0.565625 0.627144 0.565625 0.631304 0.562500 0.633384 0.562500 0.635464 0.560937 0.637544 0.560937 0.639624 0.559375 0.641704 0.559375 0.645864 0.556250 0.647944 0.556250 0.652104 0.553125 0.652104 0.551562 0.656265 0.548437 0.656265 0.546875 0.662505 0.542187 0.668745 0.542187 0.668745 0.501562 0.662505 0.501562 0.660425 0.500000 0.660425 0.498437 0.658345 0.496875 0.658345 0.492188 0.656265 0.490625 0.656265 0.489062 0.650024 0.484375 0.650024 0.482812 0.635464 0.471875 0.633384 0.471875 0.629224 0.468750 0.625063 0.468750 0.618823 0.464062 0.618823 0.459375
1 0.897554 0.521875 0.897554 0.526562 0.893394 0.529687 0.889233 0.529687 0.885073 0.532812 0.882993 0.532812 0.874673 0.539062 0.872593 0.539062 0.872593 0.540625 0.868433 0.543750 0.862192 0.543750 0.862192 0.614062 0.868433 0.614062 0.878833 0.621875 0.878833 0.623438 0.885073 0.628125 0.887153 0.628125 0.891313 0.631250 0.893394 0.631250 0.897554 0.634375 0.899634 0.634375 0.901714 0.635937 0.903794 0.635937 0.905874 0.637500 0.907954 0.637500 0.912114 0.640625 0.912114 0.645312 0.964116 0.645312 0.964116 0.640625 0.968276 0.637500 0.972437 0.637500 0.974517 0.635937 0.978677 0.635937 0.982837 0.632812 0.984917 0.632812 0.989077 0.629687 0.991157 0.629687 0.995317 0.626562 1.000000 0.626562 1.000000 0.535937 0.995317 0.535937 0.991157 0.532812 0.989077 0.532812 0.986997 0.531250 0.984917 0.531250 0.982837 0.529687 0.978677 0.529687 0.974517 0.526562 0.974517 0.521875
1 0.712427 0.421875 0.712427 0.426562 0.708267 0.429688 0.706186 0.429688 0.704106 0.431250 0.702026 0.431250 0.699946 0.432812 0.697866 0.432812 0.693706 0.435937 0.691626 0.435937 0.685386 0.440625 0.683306 0.440625 0.668745 0.451562 0.668745 0.453125 0.664585 0.456250 0.664585 0.457812 0.660425 0.460938 0.654185 0.460938 0.654185 0.500000 0.660425 0.500000 0.662505 0.501562 0.662505 0.503125 0.664585 0.504687 0.664585 0.507812 0.666665 0.509375 0.666665 0.510937 0.668745 0.512500 0.668745 0.514062 0.670825 0.515625 0.670825 0.517187 0.672905 0.518750 0.672905 0.520312 0.687466 0.531250 0.687466 0.532812 0.689546 0.534375 0.691626 0.534375 0.699946 0.540625 0.702026 0.540625 0.704106 0.542187 0.706186 0.542187 0.708267 0.543750 0.712427 0.543750 0.716587 0.546875 0.716587 0.551562 0.758188 0.551562 0.758188 0.546875 0.760269 0.545312 0.762349 0.545312 0.764429 0.543750 0.766509 0.543750 0.768589 0.542187 0.772749 0.542187 0.776909 0.539062 0.778989 0.539062 0.785229 0.534375 0.787310 0.534375 0.801870 0.523437 0.801870 0.521875 0.806030 0.518750 0.806030 0.517187 0.812270 0.512500 0.818511 0.512500 0.818511 0.460938 0.812270 0.460938 0.808110 0.457812 0.808110 0.456250 0.803950 0.453125 0.803950 0.451562 0.781069 0.434375 0.778989 0.434375 0.774829 0.431250 0.772749 0.431250 0.770669 0.429688 0.768589 0.429688 0.766509 0.428125 0.764429 0.428125 0.762349 0.426562 0.762349 0.421875
2 0.306812 0.590625 0.306812 0.595312 0.302651 0.598437 0.300571 0.598437 0.298491 0.600000 0.296411 0.600000 0.290171 0.604687 0.288091 0.604687 0.273530 0.615625 0.273530 0.617188 0.267290 0.621875 0.267290 0.623438 0.265210 0.625000 0.265210 0.626562 0.263130 0.628125 0.254810 0.628125 0.254810 0.673437 0.261050 0.673437 0.265210 0.676562 0.265210 0.678125 0.267290 0.679688 0.267290 0.681250 0.269370 0.682812 0.269370 0.684375 0.275610 0.689062 0.275610 0.690625 0.292251 0.703125 0.294331 0.703125 0.298491 0.706250 0.300571 0.706250 0.302651 0.707812 0.302651 0.714062 0.371294 0.714062 0.371294 0.707812 0.373374 0.706250 0.375454 0.706250 0.379614 0.703125 0.381694 0.703125 0.390015 0.696875 0.392095 0.696875 0.396255 0.693750 0.396255 0.692187 0.402495 0.687500 0.402495 0.685937 0.406655 0.682812 0.406655 0.681250 0.412896 0.676562 0.419136 0.676562 0.419136 0.646875 0.410815 0.646875 0.408735 0.645312 0.408735 0.643750 0.406655 0.642187 0.406655 0.640625 0.404575 0.639062 0.404575 0.637500 0.402495 0.635937 0.402495 0.634375 0.398335 0.631250 0.398335 0.629687 0.394175 0.626562 0.394175 0.625000 0.390015 0.621875 0.390015 0.620312 0.387935 0.618750 0.387935 0.617188 0.385854 0.615625 0.385854 0.612500 0.381694 0.609375 0.381694 0.607813 0.375454 0.603125 0.375454 0.601562 0.371294 0.598437 0.369214 0.598437 0.367134 0.596875 0.367134 0.590625
1 0.627144 0.559375 0.627144 0.564062 0.620903 0.568750 0.618823 0.568750 0.616743 0.570312 0.614663 0.570312 0.612583 0.571875 0.610503 0.571875 0.608423 0.573437 0.606343 0.573437 0.604263 0.575000 0.602183 0.575000 0.600103 0.576562 0.598022 0.576562 0.595942 0.578125 0.593862 0.578125 0.591782 0.579687 0.589702 0.579687 0.587622 0.581250 0.587622 0.582812 0.577222 0.590625 0.577222 0.592187 0.568901 0.598437 0.562661 0.598437 0.562661 0.654687 0.568901 0.654687 0.573062 0.657812 0.573062 0.659375 0.577222 0.662500 0.577222 0.664062 0.589702 0.673437 0.591782 0.673437 0.598022 0.678125 0.600103 0.678125 0.602183 0.679688 0.604263 0.679688 0.606343 0.681250 0.608423 0.681250 0.610503 0.682812 0.610503 0.689062 0.677065 0.689062 0.677065 0.684375 0.683306 0.679688 0.685386 0.679688 0.687466 0.678125 0.689546 0.678125 0.693706 0.675000 0.695786 0.675000 0.710347 0.664062 0.710347 0.662500 0.714507 0.659375 0.714507 0.657812 0.720747 0.653125 0.726987 0.653125 0.726987 0.595312 0.718667 0.595312 0.716587 0.593750 0.716587 0.592187 0.712427 0.589062 0.712427 0.587500 0.695786 0.575000 0.693706 0.575000 0.685386 0.568750 0.681226 0.568750 0.679145 0.567187 0.677065 0.567187 0.672905 0.564062 0.672905 0.559375
1 0.209048 0.181250 0.196567 0.181250 0.196567 0.189062 0.211128 0.189062 0.211128 0.182812 0.209048 0.181250 0.229849 0.159375 0.238169 0.159375 0.242329 0.156250 0.246489 0.156250 0.248569 0.157812 0.250649 0.157812 0.258970 0.164062 0.261050 0.164062 0.275610 0.175000 0.277690 0.175000 0.283931 0.179688 0.286011 0.179688 0.288091 0.181250 0.290171 0.181250 0.294331 0.184375 0.294331 0.189062 0.317212 0.189062 0.317212 0.184375 0.321372 0.181250 0.323452 0.181250 0.325532 0.179688 0.333853 0.179688 0.335933 0.181250 0.342173 0.181250 0.344253 0.182812 0.346333 0.182812 0.348413 0.184375 0.348413 0.189062 0.419136 0.189062 0.419136 0.184375 0.423296 0.181250 0.425376 0.181250 0.429536 0.178125 0.437856 0.178125 0.437856 0.176562 0.442017 0.173437 0.442017 0.171875 0.444097 0.170312 0.444097 0.167187 0.446177 0.165625 0.444097 0.164062 0.444097 0.160937 0.442017 0.159375 0.442017 0.156250 0.439936 0.154687 0.439936 0.151562 0.437856 0.150000 0.437856 0.145312 0.435776 0.143750 0.435776 0.142187 0.429536 0.137500 0.429536 0.135937 0.427456 0.134375 0.427456 0.132812 0.425376 0.131250 0.425376 0.128125 0.423296 0.126562 0.423296 0.125000 0.421216 0.123437 0.421216 0.121875 0.402495 0.107812 0.402495 0.106250 0.398335 0.103125 0.398335 0.101562 0.396255 0.100000 0.396255 0.095312 0.398335 0.093750 0.400415 0.093750 0.406655 0.089062 0.406655 0.087500 0.408735 0.085938 0.408735 0.084375 0.412896 0.081250 0.412896 0.079687 0.419136 0.075000 0.421216 0.075000 0.425376 0.071875 0.427456 0.071875 0.429536 0.070312 0.431616 0.070312 0.433696 0.068750 0.437856 0.068750 0.442017 0.065625 0.444097 0.065625 0.448257 0.062500 0.450337 0.062500 0.452417 0.060937 0.454497 0.060937 0.471138 0.048437 0.473218 0.048437 0.473218 0.046875 0.481538 0.040625 0.481538 0.039062 0.483618 0.037500 0.483618 0.035937 0.487778 0.032812 0.494019 0.032812 0.494019 0.000000 0.227769 0.000000 0.227769 0.001562 0.225688 0.003125 0.225688 0.004687 0.223608 0.006250 0.223608 0.007812 0.217368 0.012500 0.217368 0.014062 0.215288 0.015625 0.215288 0.017187 0.213208 0.018750 0.213208 0.020312 0.209048 0.023438 0.209048 0.025000 0.206968 0.026562 0.206968 0.028125 0.202808 0.031250 0.196567 0.031250 0.196567 0.114062 0.204888 0.114062 0.206968 0.115625 0.206968 0.117188 0.211128 0.120312 0.211128 0.121875 0.213208 0.123437 0.213208 0.126562 0.215288 0.128125 0.215288 0.132812 0.217368 0.134375 0.217368 0.137500 0.219448 0.139062 0.219448 0.140625 0.223608 0.143750 0.223608 0.145312 0.225688 0.146875 0.225688 0.153125 0.227769 0.154687 0.227769 0.157812 0.229849 0.159375
2 0.346333 0.459375 0.346333 0.464062 0.340093 0.468750 0.338013 0.468750 0.325532 0.478125 0.325532 0.479687 0.323452 0.481250 0.323452 0.482812 0.321372 0.484375 0.313052 0.484375 0.313052 0.535937 0.319292 0.535937 0.323452 0.539062 0.323452 0.540625 0.327612 0.543750 0.327612 0.545312 0.333853 0.550000 0.333853 0.551562 0.340093 0.556250 0.342173 0.556250 0.348413 0.560937 0.350493 0.560937 0.352573 0.562500 0.354653 0.562500 0.358813 0.565625 0.358813 0.570312 0.392095 0.570312 0.392095 0.565625 0.394175 0.564062 0.396255 0.564062 0.398335 0.562500 0.402495 0.562500 0.404575 0.560937 0.406655 0.560937 0.408735 0.559375 0.410815 0.559375 0.412896 0.557812 0.414976 0.557812 0.421216 0.553125 0.423296 0.553125 0.425376 0.551562 0.429536 0.551562 0.435776 0.546875 0.437856 0.546875 0.439936 0.545312 0.442017 0.545312 0.446177 0.542187 0.448257 0.542187 0.452417 0.539062 0.454497 0.539062 0.454497 0.537500 0.458657 0.534375 0.458657 0.532812 0.462817 0.529687 0.469058 0.529687 0.469058 0.487500 0.460737 0.487500 0.458657 0.485937 0.458657 0.484375 0.456577 0.482812 0.456577 0.481250 0.454497 0.479687 0.454497 0.478125 0.439936 0.467187 0.437856 0.467187 0.435776 0.465625 0.431616 0.465625 0.429536 0.464062 0.429536 0.459375
2 0.458657 0.259375 0.458657 0.264062 0.454497 0.267187 0.452417 0.267187 0.448257 0.270312 0.446177 0.270312 0.433696 0.279687 0.433696 0.281250 0.425376 0.287500 0.425376 0.289062 0.423296 0.290625 0.423296 0.292187 0.419136 0.295312 0.412896 0.295312 0.412896 0.334375 0.419136 0.334375 0.423296 0.337500 0.423296 0.339062 0.425376 0.340625 0.425376 0.342187 0.429536 0.345312 0.429536 0.346875 0.437856 0.353125 0.439936 0.353125 0.442017 0.354687 0.444097 0.354687 0.446177 0.356250 0.448257 0.356250 0.450337 0.357812 0.452417 0.357812 0.456577 0.360937 0.458657 0.360937 0.462817 0.364062 0.464897 0.364062 0.466978 0.365625 0.469058 0.365625 0.471138 0.367188 0.473218 0.367188 0.475298 0.368750 0.477378 0.368750 0.479458 0.370312 0.481538 0.370312 0.483618 0.371875 0.483618 0.376562 0.504419 0.376562 0.504419 0.371875 0.510659 0.367188 0.512739 0.367188 0.516899 0.364062 0.518979 0.364062 0.525220 0.359375 0.527300 0.359375 0.535620 0.353125 0.537700 0.353125 0.539780 0.351562 0.541860 0.351562 0.554341 0.342187 0.560581 0.342187 0.560581 0.289062 0.552261 0.289062 0.550181 0.287500 0.550181 0.285937 0.548101 0.284375 0.548101 0.282812 0.527300 0.267187 0.525220 0.267187 0.521060 0.264062 0.521060 0.259375
1 0.306812 0.590625 0.306812 0.595312 0.302651 0.598437 0.300571 0.598437 0.298491 0.600000 0.296411 0.600000 0.290171 0.604687 0.288091 0.604687 0.273530 0.615625 0.273530 0.617188 0.267290 0.621875 0.267290 0.623438 0.261050 0.628125 0.254810 0.628125 0.254810 0.673437 0.261050 0.673437 0.265210 0.676562 0.265210 0.678125 0.267290 0.679688 0.267290 0.681250 0.269370 0.682812 0.269370 0.684375 0.275610 0.689062 0.275610 0.690625 0.292251 0.703125 0.294331 0.703125 0.298491 0.706250 0.300571 0.706250 0.302651 0.707812 0.302651 0.714062 0.371294 0.714062 0.371294 0.707812 0.373374 0.706250 0.375454 0.706250 0.377534 0.704687 0.379614 0.704687 0.390015 0.696875 0.392095 0.696875 0.396255 0.693750 0.396255 0.692187 0.402495 0.687500 0.402495 0.685937 0.406655 0.682812 0.406655 0.681250 0.412896 0.676562 0.419136 0.676562 0.419136 0.646875 0.410815 0.646875 0.408735 0.645312 0.408735 0.643750 0.404575 0.640625 0.404575 0.639062 0.402495 0.637500 0.402495 0.635937 0.400415 0.634375 0.400415 0.632812 0.396255 0.629687 0.396255 0.628125 0.390015 0.623438 0.390015 0.621875 0.387935 0.620312 0.387935 0.617188 0.385854 0.615625 0.385854 0.614062 0.383774 0.612500 0.383774 0.610937 0.381694 0.609375 0.381694 0.607813 0.375454 0.603125 0.375454 0.601562 0.371294 0.598437 0.369214 0.598437 0.367134 0.596875 0.367134 0.590625
2 0.882993 0.923437 0.882993 0.929688 0.885073 0.931250 0.885073 0.932812 0.887153 0.932812 0.889233 0.931250 0.889233 0.925000 0.885073 0.921875 0.882993 0.923437 0.770669 0.921875 0.756108 0.923437 0.756108 0.920312 0.751948 0.920312 0.749868 0.918750 0.743628 0.918750 0.741548 0.917187 0.724907 0.917187 0.722827 0.915625 0.718667 0.915625 0.716587 0.914062 0.714507 0.914062 0.710347 0.910937 0.708267 0.910937 0.699946 0.904687 0.695786 0.904687 0.691626 0.901562 0.691626 0.900000 0.689546 0.898438 0.687466 0.898438 0.685386 0.896875 0.685386 0.895312 0.683306 0.893750 0.683306 0.892187 0.681226 0.890625 0.681226 0.884375 0.679145 0.882812 0.679145 0.881250 0.674985 0.878125 0.674985 0.876562 0.672905 0.875000 0.672905 0.870312 0.670825 0.868750 0.670825 0.865625 0.664585 0.860937 0.664585 0.859375 0.652104 0.850000 0.650024 0.850000 0.647944 0.848437 0.645864 0.848437 0.635464 0.840625 0.633384 0.840625 0.622983 0.832812 0.622983 0.821875 0.616743 0.821875 0.616743 0.828125 0.612583 0.831250 0.602183 0.831250 0.598022 0.828125 0.598022 0.821875 0.550181 0.821875 0.550181 0.828125 0.541860 0.834375 0.539780 0.834375 0.537700 0.835938 0.537700 0.837500 0.518979 0.851562 0.518979 0.856250 0.516899 0.857812 0.516899 0.859375 0.514819 0.860937 0.514819 0.862500 0.506499 0.868750 0.504419 0.868750 0.500259 0.871875 0.496099 0.871875 0.494019 0.873437 0.489858 0.873437 0.487778 0.875000 0.485698 0.875000 0.483618 0.876562 0.479458 0.876562 0.477378 0.878125 0.475298 0.878125 0.473218 0.879687 0.471138 0.879687 0.469058 0.881250 0.466978 0.881250 0.464897 0.882812 0.462817 0.882812 0.460737 0.884375 0.458657 0.884375 0.456577 0.885937 0.454497 0.885937 0.452417 0.887500 0.450337 0.887500 0.448257 0.889062 0.446177 0.889062 0.435776 0.896875 0.435776 0.898438 0.431616 0.901562 0.431616 0.903125 0.429536 0.904687 0.429536 0.906250 0.423296 0.910937 0.423296 0.912500 0.419136 0.915625 0.419136 0.917187 0.414976 0.920312 0.414976 0.921875 0.408735 0.926562 0.408735 0.928125 0.400415 0.934375 0.400415 0.935937 0.394175 0.940625 0.394175 0.942187 0.390015 0.945312 0.390015 0.946875 0.383774 0.951562 0.383774 0.953125 0.379614 0.956250 0.379614 0.957812 0.375454 0.960938 0.375454 0.962500 0.373374 0.964062 0.373374 0.965625 0.369214 0.968750 0.369214 0.970312 0.365054 0.973437 0.365054 0.976562 0.356733 0.982812 0.356733 0.984375 0.352573 0.987500 0.346333 0.987500 0.346333 0.998437 0.951636 0.998437 0.951636 0.976562 0.932915 0.976562 0.930835 0.975000 0.924595 0.975000 0.922515 0.976562 0.920435 0.976562 0.912114 0.970312 0.912114 0.968750 0.910034 0.967187 0.907954 0.967187 0.901714 0.962500 0.901714 0.959375 0.895474 0.954687 0.893394 0.954687 0.889233 0.951562 0.887153 0.951562 0.885073 0.950000 0.882993 0.950000 0.880913 0.948437 0.876753 0.948437 0.872593 0.945312 0.868433 0.945312 0.866352 0.943750 0.864272 0.943750 0.862192 0.942187 0.855952 0.942187 0.853872 0.940625 0.851792 0.940625 0.849712 0.939062 0.845552 0.939062 0.843472 0.937500 0.841392 0.937500 0.839311 0.935937 0.837231 0.935937 0.835151 0.934375 0.830991 0.934375 0.828911 0.932812 0.810190 0.932812 0.806030 0.929688 0.806030 0.928125 0.810190 0.925000 0.814351 0.925000 0.820591 0.920312 0.820591 0.915625 0.822671 0.914062 0.822671 0.898438 0.824751 0.896875 0.824751 0.882812 0.822671 0.881250 0.822671 0.873437 0.820591 0.871875 0.820591 0.867188 0.816431 0.864062 0.816431 0.862500 0.814351 0.860937 0.814351 0.857812 0.812270 0.856250 0.812270 0.854687 0.806030 0.850000 0.803950 0.850000 0.801870 0.848437 0.787310 0.848437 0.785229 0.850000 0.783149 0.850000 0.781069 0.851562 0.778989 0.851562 0.781069 0.853125 0.785229 0.853125 0.795630 0.860937 0.797710 0.860937 0.803950 0.865625 0.799790 0.868750 0.799790 0.871875 0.803950 0.875000 0.803950 0.881250 0.801870 0.882812 0.801870 0.884375 0.803950 0.885937 0.803950 0.893750 0.801870 0.895312 0.801870 0.898438 0.803950 0.900000 0.803950 0.903125 0.801870 0.904687 0.801870 0.909375 0.799790 0.910937 0.799790 0.914062 0.791470 0.920312 0.789390 0.920312 0.787310 0.921875 0.787310 0.923437 0.789390 0.925000 0.789390 0.926562 0.793550 0.929688 0.795630 0.929688 0.797710 0.931250 0.801870 0.931250 0.803950 0.932812 0.801870 0.934375 0.795630 0.934375 0.793550 0.935937 0.789390 0.935937 0.787310 0.937500 0.783149 0.937500 0.781069 0.939062 0.776909 0.939062 0.774829 0.937500 0.768589 0.937500 0.766509 0.935937 0.760269 0.935937 0.749868 0.928125 0.749868 0.926562 0.754028 0.923437 0.756108 0.923437 0.770669 0.921875 0.770669 0.921875
1 0.000000 0.471875 0.000000 0.676562 0.021841 0.676562 0.021841 0.671875 0.028081 0.667187 0.030161 0.667187 0.034321 0.664062 0.036401 0.664062 0.057202 0.648438 0.057202 0.646875 0.061362 0.643750 0.061362 0.642187 0.063442 0.640625 0.063442 0.639062 0.065522 0.637500 0.065522 0.634375 0.067603 0.632812 0.067603 0.621875 0.069683 0.620312 0.069683 0.600000 0.071763 0.598437 0.078003 0.598437 0.078003 0.493750 0.069683 0.493750 0.067603 0.492188 0.067603 0.490625 0.063442 0.487500 0.061362 0.487500 0.055122 0.482812 0.053042 0.482812 0.050962 0.481250 0.048882 0.481250 0.046802 0.479687 0.044722 0.479687 0.040562 0.476562 0.040562 0.471875