1 0.580864 0.428125 0.580864 0.432812 0.585024 0.435937 0.589185 0.435937 0.593345 0.439062 0.595425 0.439062 0.599585 0.442187 0.601665 0.442187 0.605825 0.445312 0.607905 0.445312 0.612065 0.448437 0.612065 0.450000 0.614146 0.451562 0.614146 0.453125 0.618306 0.456250 0.618306 0.457812 0.620386 0.459375 0.628706 0.459375 0.628706 0.503125 0.622466 0.503125 0.616226 0.507812 0.616226 0.509375 0.605825 0.517187 0.605825 0.518750 0.599585 0.523437 0.597505 0.523437 0.595425 0.525000 0.593345 0.525000 0.589185 0.528125 0.589185 0.532812 0.533022 0.532812 0.533022 0.528125 0.526782 0.523437 0.524702 0.523437 0.522622 0.521875 0.520542 0.521875 0.516382 0.518750 0.514302 0.518750 0.499741 0.507812 0.499741 0.506250 0.495581 0.503125 0.489341 0.503125 0.489341 0.468750 0.495581 0.468750 0.499741 0.465625 0.499741 0.464062 0.501821 0.462500 0.501821 0.460938 0.503901 0.459375 0.503901 0.457812 0.510142 0.453125 0.510142 0.451562 0.512222 0.450000 0.512222 0.448437 0.516382 0.445312 0.516382 0.443750 0.526782 0.435937 0.528862 0.435937 0.533022 0.432812 0.533022 0.428125
0 0.697349 0.371875 0.697349 0.376562 0.701509 0.379687 0.703589 0.379687 0.705669 0.381250 0.707749 0.381250 0.711909 0.384375 0.713989 0.384375 0.718149 0.387500 0.720230 0.387500 0.741030 0.403125 0.741030 0.406250 0.747271 0.410937 0.753511 0.410937 0.753511 0.451562 0.747271 0.451562 0.743110 0.454687 0.743110 0.456250 0.738950 0.459375 0.738950 0.460938 0.736870 0.460938 0.732710 0.464062 0.732710 0.465625 0.730630 0.467187 0.728550 0.467187 0.718149 0.475000 0.716069 0.475000 0.713989 0.476562 0.713989 0.482812 0.653667 0.482812 0.653667 0.478125 0.649507 0.475000 0.647427 0.475000 0.645347 0.473437 0.643267 0.473437 0.639106 0.470312 0.637026 0.470312 0.622466 0.459375 0.622466 0.457812 0.620386 0.456250 0.620386 0.454687 0.616226 0.451562 0.616226 0.448437 0.612065 0.445312 0.605825 0.445312 0.605825 0.414062 0.612065 0.414062 0.616226 0.410937 0.616226 0.407812 0.618306 0.406250 0.618306 0.404687 0.624546 0.400000 0.624546 0.398438 0.639106 0.387500 0.641187 0.387500 0.647427 0.382812 0.649507 0.382812 0.651587 0.381250 0.653667 0.381250 0.655747 0.379687 0.657827 0.379687 0.661987 0.376562 0.661987 0.371875
0 0.470620 0.390625 0.470620 0.395312 0.474780 0.398438 0.478940 0.398438 0.481021 0.400000 0.483101 0.400000 0.489341 0.404687 0.491421 0.404687 0.493501 0.406250 0.493501 0.407812 0.501821 0.414062 0.501821 0.415625 0.505981 0.418750 0.512222 0.418750 0.512222 0.456250 0.505981 0.456250 0.501821 0.459375 0.501821 0.460938 0.499741 0.462500 0.499741 0.464062 0.497661 0.465625 0.497661 0.468750 0.495581 0.470312 0.495581 0.471875 0.493501 0.473437 0.493501 0.476562 0.489341 0.479687 0.489341 0.481250 0.483101 0.485937 0.481021 0.485937 0.474780 0.490625 0.474780 0.495312 0.410298 0.495312 0.410298 0.490625 0.406138 0.487500 0.404058 0.487500 0.385337 0.473437 0.385337 0.471875 0.383257 0.470312 0.383257 0.468750 0.379097 0.465625 0.372856 0.465625 0.372856 0.421875 0.381177 0.421875 0.385337 0.418750 0.385337 0.417187 0.391577 0.412500 0.391577 0.410937 0.406138 0.400000 0.408218 0.400000 0.412378 0.396875 0.412378 0.390625
2 0.377017 0.321875 0.377017 0.326562 0.381177 0.329687 0.383257 0.329687 0.387417 0.332812 0.389497 0.332812 0.395737 0.337500 0.397817 0.337500 0.399897 0.339062 0.399897 0.340625 0.408218 0.346875 0.408218 0.348437 0.410298 0.350000 0.410298 0.353125 0.414458 0.356250 0.420698 0.356250 0.420698 0.390625 0.414458 0.390625 0.408218 0.395312 0.406138 0.395312 0.404058 0.396875 0.404058 0.398438 0.389497 0.409375 0.389497 0.410937 0.387417 0.412500 0.387417 0.414062 0.377017 0.421875 0.377017 0.426562 0.325015 0.426562 0.325015 0.421875 0.320855 0.418750 0.318774 0.418750 0.316694 0.417187 0.314614 0.417187 0.312534 0.415625 0.310454 0.415625 0.293814 0.403125 0.293814 0.401562 0.291733 0.400000 0.291733 0.398438 0.289653 0.396875 0.281333 0.396875 0.281333 0.351562 0.287573 0.351562 0.291733 0.348437 0.291733 0.346875 0.295894 0.343750 0.295894 0.342187 0.310454 0.331250 0.312534 0.331250 0.314614 0.329687 0.316694 0.329687 0.318774 0.328125 0.318774 0.321875
2 0.703589 0.484375 0.703589 0.489062 0.709829 0.493750 0.711909 0.493750 0.726470 0.504687 0.726470 0.506250 0.732710 0.510937 0.732710 0.512500 0.734790 0.514062 0.734790 0.515625 0.738950 0.518750 0.745190 0.518750 0.745190 0.554687 0.738950 0.554687 0.734790 0.557812 0.734790 0.559375 0.732710 0.560937 0.732710 0.562500 0.730630 0.564062 0.730630 0.565625 0.724390 0.570312 0.724390 0.571875 0.713989 0.579687 0.711909 0.579687 0.705669 0.584375 0.701509 0.584375 0.699429 0.585937 0.695269 0.585937 0.693188 0.587500 0.691108 0.587500 0.686948 0.590625 0.686948 0.595312 0.653667 0.595312 0.653667 0.590625 0.649507 0.587500 0.645347 0.587500 0.643267 0.585937 0.641187 0.585937 0.639106 0.584375 0.637026 0.584375 0.634946 0.582812 0.632866 0.582812 0.630786 0.581250 0.628706 0.581250 0.612065 0.568750 0.612065 0.567187 0.609985 0.565625 0.609985 0.564062 0.605825 0.560937 0.597505 0.560937 0.597505 0.525000 0.603745 0.525000 0.609985 0.520312 0.609985 0.518750 0.614146 0.515625 0.614146 0.514062 0.620386 0.509375 0.620386 0.507812 0.624546 0.504687 0.624546 0.503125 0.632866 0.496875 0.634946 0.496875 0.639106 0.493750 0.641187 0.493750 0.643267 0.492188 0.645347 0.492188 0.649507 0.489062 0.649507 0.484375
2 0.626626 0.303125 0.626626 0.307813 0.630786 0.310937 0.632866 0.310937 0.634946 0.312500 0.637026 0.312500 0.649507 0.321875 0.649507 0.323437 0.657827 0.329687 0.657827 0.331250 0.659907 0.332812 0.659907 0.334375 0.664067 0.337500 0.670308 0.337500 0.670308 0.370312 0.664067 0.370312 0.655747 0.376562 0.653667 0.376562 0.645347 0.382812 0.643267 0.382812 0.634946 0.389062 0.632866 0.389062 0.626626 0.393750 0.624546 0.393750 0.620386 0.396875 0.620386 0.401562 0.553823 0.401562 0.553823 0.395312 0.547583 0.390625 0.547583 0.389062 0.537183 0.381250 0.530942 0.381250 0.530942 0.328125 0.539263 0.328125 0.541343 0.326562 0.541343 0.325000 0.543423 0.323437 0.543423 0.321875 0.555903 0.312500 0.557983 0.312500 0.560064 0.310937 0.562144 0.310937 0.566304 0.307813 0.566304 0.303125
2 0.730630 0.071875 0.730630 0.076562 0.732710 0.078125 0.734790 0.078125 0.736870 0.079687 0.745190 0.079687 0.747271 0.081250 0.753511 0.081250 0.755591 0.082812 0.761831 0.082812 0.763911 0.084375 0.768071 0.084375 0.770151 0.085938 0.774312 0.085938 0.776392 0.087500 0.778472 0.087500 0.784712 0.092187 0.786792 0.092187 0.788872 0.093750 0.793032 0.093750 0.797192 0.096875 0.799272 0.096875 0.801353 0.098437 0.803433 0.098437 0.805513 0.100000 0.807593 0.100000 0.813833 0.104687 0.815913 0.104687 0.820073 0.107812 0.822153 0.107812 0.840874 0.121875 0.840874 0.123437 0.842954 0.125000 0.842954 0.126562 0.847114 0.129687 0.853354 0.129687 0.853354 0.159375 0.847114 0.159375 0.842954 0.162500 0.842954 0.164062 0.840874 0.165625 0.840874 0.167187 0.838794 0.168750 0.838794 0.170312 0.832554 0.175000 0.832554 0.176562 0.822153 0.184375 0.820073 0.184375 0.815913 0.187500 0.811753 0.187500 0.809673 0.189062 0.809673 0.195312 0.751431 0.195312 0.751431 0.190625 0.749351 0.189062 0.747271 0.189062 0.745190 0.187500 0.734790 0.187500 0.732710 0.185937 0.726470 0.185937 0.724390 0.184375 0.718149 0.184375 0.716069 0.182812 0.711909 0.182812 0.709829 0.181250 0.705669 0.181250 0.703589 0.179688 0.695269 0.179688 0.693188 0.178125 0.689028 0.178125 0.686948 0.176562 0.680708 0.176562 0.678628 0.175000 0.668228 0.175000 0.666147 0.173437 0.655747 0.173437 0.653667 0.171875 0.649507 0.171875 0.647427 0.170312 0.645347 0.170312 0.643267 0.168750 0.641187 0.168750 0.639106 0.167187 0.637026 0.167187 0.626626 0.159375 0.626626 0.157812 0.624546 0.156250 0.624546 0.153125 0.622466 0.151562 0.622466 0.150000 0.620386 0.148437 0.614146 0.148437 0.614146 0.118750 0.620386 0.118750 0.622466 0.117188 0.622466 0.115625 0.624546 0.114062 0.624546 0.112500 0.626626 0.110937 0.626626 0.107812 0.628706 0.106250 0.628706 0.104687 0.632866 0.101562 0.632866 0.100000 0.634946 0.098437 0.634946 0.096875 0.641187 0.092187 0.641187 0.090625 0.647427 0.085938 0.649507 0.085938 0.653667 0.082812 0.655747 0.082812 0.657827 0.081250 0.664067 0.081250 0.666147 0.079687 0.674468 0.079687 0.676548 0.078125 0.678628 0.078125 0.680708 0.076562 0.680708 0.071875
2 0.520542 0.515625 0.520542 0.520312 0.522622 0.521875 0.522622 0.523437 0.524702 0.525000 0.526782 0.525000 0.530942 0.528125 0.533022 0.528125 0.535103 0.529687 0.537183 0.529687 0.537183 0.531250 0.543423 0.535937 0.543423 0.537500 0.549663 0.542187 0.549663 0.543750 0.551743 0.545312 0.551743 0.548437 0.555903 0.551562 0.562144 0.551562 0.562144 0.584375 0.555903 0.584375 0.549663 0.589062 0.549663 0.590625 0.547583 0.592187 0.547583 0.593750 0.539263 0.600000 0.539263 0.601562 0.537183 0.603125 0.535103 0.603125 0.526782 0.609375 0.524702 0.609375 0.522622 0.610937 0.518462 0.610937 0.512222 0.615625 0.512222 0.620312 0.474780 0.620312 0.474780 0.615625 0.470620 0.612500 0.468540 0.612500 0.466460 0.610937 0.464380 0.610937 0.462300 0.609375 0.460220 0.609375 0.453979 0.604687 0.451899 0.604687 0.447739 0.601562 0.445659 0.601562 0.445659 0.600000 0.437339 0.593750 0.437339 0.592187 0.435259 0.590625 0.435259 0.589062 0.433179 0.587500 0.433179 0.585937 0.429019 0.582812 0.422778 0.582812 0.422778 0.550000 0.429019 0.550000 0.433179 0.546875 0.433179 0.545312 0.435259 0.543750 0.435259 0.542187 0.437339 0.540625 0.437339 0.539062 0.443579 0.534375 0.443579 0.532812 0.449819 0.528125 0.451899 0.528125 0.456060 0.525000 0.458140 0.525000 0.460220 0.523437 0.462300 0.523437 0.466460 0.520312 0.466460 0.515625
1 0.614146 0.653125 0.614146 0.657812 0.620386 0.662500 0.628706 0.662500 0.628706 0.729687 0.622466 0.729687 0.618306 0.732812 0.618306 0.734375 0.614146 0.737500 0.612065 0.737500 0.609985 0.739062 0.609985 0.740625 0.599585 0.748437 0.597505 0.748437 0.595425 0.750000 0.593345 0.750000 0.589185 0.753125 0.589185 0.757812 0.526782 0.757812 0.526782 0.753125 0.522622 0.750000 0.520542 0.750000 0.518462 0.748437 0.516382 0.748437 0.503901 0.739062 0.503901 0.737500 0.501821 0.735937 0.501821 0.734375 0.499741 0.732812 0.499741 0.731250 0.495581 0.728125 0.489341 0.728125 0.489341 0.681250 0.495581 0.681250 0.499741 0.678125 0.499741 0.676562 0.501821 0.675000 0.501821 0.673437 0.512222 0.665625 0.512222 0.664062 0.516382 0.660937 0.518462 0.660937 0.520542 0.659375 0.520542 0.653125
1 0.112847 0.115625 0.112847 0.120312 0.117007 0.123437 0.119087 0.123437 0.119087 0.125000 0.125327 0.129687 0.127407 0.129687 0.127407 0.131250 0.131567 0.134375 0.133648 0.134375 0.137808 0.137500 0.137808 0.139062 0.139888 0.140625 0.141968 0.140625 0.148208 0.145312 0.150288 0.145312 0.152368 0.146875 0.162769 0.146875 0.162769 0.281250 0.154448 0.281250 0.152368 0.282812 0.148208 0.282812 0.146128 0.281250 0.141968 0.281250 0.137808 0.278125 0.137808 0.275000 0.135728 0.273437 0.135728 0.256250 0.137808 0.254687 0.137808 0.240625 0.139888 0.239062 0.139888 0.232812 0.137808 0.231250 0.137808 0.226562 0.135728 0.225000 0.135728 0.221875 0.133648 0.220312 0.133648 0.215625 0.131567 0.214062 0.131567 0.212500 0.129487 0.210938 0.123247 0.210938 0.117007 0.215625 0.117007 0.218750 0.112847 0.221875 0.104526 0.221875 0.079565 0.240625 0.079565 0.242188 0.077485 0.243750 0.077485 0.246875 0.073325 0.250000 0.073325 0.251562 0.069165 0.254687 0.069165 0.256250 0.065005 0.259375 0.065005 0.260937 0.060845 0.264062 0.060845 0.265625 0.058765 0.267187 0.058765 0.268750 0.052524 0.273437 0.052524 0.275000 0.042124 0.282812 0.042124 0.284375 0.033804 0.290625 0.031724 0.290625 0.023403 0.296875 0.023403 0.301562 0.000000 0.301562 0.000000 0.128125 0.004683 0.128125 0.006763 0.126562 0.004683 0.125000 0.000000 0.125000 0.000000 0.115625 0.006763 0.115625 0.006763 0.120312 0.010923 0.123437 0.025483 0.123437 0.027563 0.121875 0.029644 0.121875 0.031724 0.120312 0.031724 0.115625
2 0.784712 0.303125 0.784712 0.307813 0.788872 0.310937 0.790952 0.310937 0.793032 0.312500 0.795112 0.312500 0.797192 0.314062 0.799272 0.314062 0.815913 0.326562 0.815913 0.328125 0.817993 0.329687 0.817993 0.331250 0.820073 0.332812 0.828394 0.332812 0.828394 0.378125 0.820073 0.378125 0.817993 0.379687 0.817993 0.381250 0.813833 0.384375 0.813833 0.385937 0.803433 0.393750 0.801353 0.393750 0.797192 0.396875 0.795112 0.396875 0.793032 0.398438 0.790952 0.398438 0.784712 0.403125 0.784712 0.407812 0.743110 0.407812 0.743110 0.403125 0.738950 0.400000 0.738950 0.398438 0.728550 0.390625 0.726470 0.390625 0.722310 0.387500 0.720230 0.387500 0.716069 0.384375 0.713989 0.384375 0.705669 0.378125 0.703589 0.378125 0.701509 0.376562 0.697349 0.376562 0.695269 0.375000 0.689028 0.375000 0.689028 0.339062 0.695269 0.339062 0.699429 0.335938 0.699429 0.334375 0.701509 0.332812 0.701509 0.331250 0.703589 0.329687 0.703589 0.328125 0.705669 0.326562 0.705669 0.325000 0.711909 0.320312 0.711909 0.318750 0.718149 0.314062 0.720230 0.314062 0.724390 0.310937 0.726470 0.310937 0.730630 0.307813 0.730630 0.303125
1 0.067085 0.965625 0.067085 0.970312 0.069165 0.971875 0.071245 0.971875 0.073325 0.973437 0.077485 0.973437 0.079565 0.975000 0.085806 0.975000 0.087886 0.976562 0.094126 0.976562 0.096206 0.978125 0.102446 0.978125 0.104526 0.979687 0.108687 0.979687 0.110767 0.981250 0.114927 0.981250 0.117007 0.982812 0.121167 0.982812 0.123247 0.984375 0.131567 0.984375 0.133648 0.985937 0.135728 0.985937 0.137808 0.987500 0.141968 0.987500 0.144048 0.989062 0.150288 0.989062 0.152368 0.990625 0.154448 0.990625 0.156528 0.992188 0.160689 0.992188 0.162769 0.993750 0.169009 0.993750 0.171089 0.995312 0.187730 0.995312 0.187730 0.998437 0.000000 0.998437 0.000000 0.965625