1 0.354136 0.515625 0.354136 0.520312 0.362456 0.526562 0.364536 0.526562 0.366616 0.528125 0.368696 0.528125 0.370776 0.529687 0.385337 0.529687 0.387417 0.531250 0.393657 0.531250 0.395737 0.532812 0.397817 0.532812 0.399897 0.534375 0.401978 0.534375 0.404058 0.535937 0.408218 0.535937 0.435259 0.556250 0.435259 0.557812 0.437339 0.559375 0.445659 0.559375 0.445659 0.606250 0.437339 0.606250 0.435259 0.607813 0.435259 0.609375 0.433179 0.610937 0.433179 0.612500 0.426938 0.617188 0.426938 0.618750 0.422778 0.621875 0.420698 0.621875 0.416538 0.625000 0.414458 0.625000 0.412378 0.626562 0.410298 0.626562 0.408218 0.628125 0.404058 0.628125 0.401978 0.629687 0.399897 0.629687 0.397817 0.631250 0.393657 0.631250 0.389497 0.634375 0.389497 0.639062 0.300054 0.639062 0.300054 0.634375 0.295894 0.631250 0.293814 0.631250 0.291733 0.629687 0.289653 0.629687 0.285493 0.626562 0.283413 0.626562 0.281333 0.625000 0.279253 0.625000 0.277173 0.623438 0.275093 0.623438 0.273013 0.621875 0.270933 0.621875 0.254292 0.609375 0.254292 0.607813 0.252212 0.606250 0.252212 0.604687 0.250132 0.603125 0.250132 0.601562 0.245972 0.598437 0.239731 0.598437 0.239731 0.556250 0.245972 0.556250 0.250132 0.553125 0.250132 0.551562 0.252212 0.550000 0.252212 0.548437 0.254292 0.546875 0.254292 0.545312 0.262612 0.539062 0.262612 0.537500 0.264692 0.537500 0.273013 0.531250 0.275093 0.531250 0.279253 0.528125 0.281333 0.528125 0.285493 0.525000 0.287573 0.525000 0.289653 0.523437 0.291733 0.523437 0.295894 0.520312 0.295894 0.515625
1 0.593345 0.540625 0.593345 0.545312 0.597505 0.548437 0.599585 0.548437 0.601665 0.550000 0.603745 0.550000 0.605825 0.551562 0.607905 0.551562 0.612065 0.554687 0.614146 0.554687 0.616226 0.556250 0.618306 0.556250 0.622466 0.559375 0.624546 0.559375 0.628706 0.562500 0.630786 0.562500 0.634946 0.565625 0.637026 0.565625 0.653667 0.578125 0.661987 0.578125 0.661987 0.643750 0.653667 0.643750 0.632866 0.659375 0.630786 0.659375 0.628706 0.660937 0.626626 0.660937 0.624546 0.662500 0.620386 0.662500 0.618306 0.664062 0.616226 0.664062 0.614146 0.665625 0.614146 0.670312 0.547583 0.670312 0.547583 0.665625 0.543423 0.662500 0.537183 0.662500 0.535103 0.660937 0.530942 0.660937 0.528862 0.659375 0.526782 0.659375 0.522622 0.656250 0.520542 0.656250 0.518462 0.654687 0.516382 0.654687 0.501821 0.643750 0.501821 0.642187 0.495581 0.637500 0.495581 0.635937 0.491421 0.632812 0.491421 0.631250 0.489341 0.629687 0.481021 0.629687 0.481021 0.578125 0.487261 0.578125 0.493501 0.573437 0.493501 0.571875 0.499741 0.567187 0.499741 0.565625 0.510142 0.557812 0.512222 0.557812 0.516382 0.554687 0.518462 0.554687 0.520542 0.553125 0.522622 0.553125 0.526782 0.550000 0.528862 0.550000 0.530942 0.548437 0.533022 0.548437 0.537183 0.545312 0.537183 0.540625
0 0.431099 0.409375 0.431099 0.414062 0.437339 0.418750 0.439419 0.418750 0.443579 0.421875 0.445659 0.421875 0.451899 0.426562 0.453979 0.426562 0.458140 0.429688 0.458140 0.431250 0.468540 0.439062 0.468540 0.440625 0.470620 0.442187 0.478940 0.442187 0.478940 0.506250 0.470620 0.506250 0.468540 0.507812 0.468540 0.510937 0.466460 0.512500 0.466460 0.514062 0.464380 0.515625 0.464380 0.517187 0.462300 0.518750 0.462300 0.520312 0.460220 0.520312 0.458140 0.521875 0.456060 0.521875 0.453979 0.523437 0.451899 0.523437 0.449819 0.525000 0.447739 0.525000 0.443579 0.528125 0.443579 0.532812 0.364536 0.532812 0.364536 0.528125 0.356216 0.521875 0.354136 0.521875 0.352056 0.520312 0.352056 0.518750 0.349976 0.517187 0.347896 0.517187 0.347896 0.515625 0.345815 0.514062 0.343735 0.514062 0.339575 0.510937 0.337495 0.510937 0.318774 0.496875 0.318774 0.495312 0.316694 0.493750 0.316694 0.490625 0.314614 0.489062 0.314614 0.487500 0.312534 0.485937 0.306294 0.485937 0.306294 0.446875 0.312534 0.446875 0.314614 0.445312 0.314614 0.443750 0.316694 0.442187 0.316694 0.440625 0.318774 0.439062 0.318774 0.437500 0.325015 0.432812 0.325015 0.431250 0.337495 0.421875 0.339575 0.421875 0.343735 0.418750 0.345815 0.418750 0.347896 0.417187 0.349976 0.417187 0.354136 0.414062 0.354136 0.409375
1 0.759751 0.365625 0.759751 0.370312 0.763911 0.373437 0.765991 0.373437 0.768071 0.375000 0.772231 0.375000 0.778472 0.379687 0.780552 0.379687 0.786792 0.384375 0.788872 0.384375 0.790952 0.385937 0.790952 0.387500 0.799272 0.393750 0.799272 0.395312 0.801353 0.396875 0.801353 0.398438 0.805513 0.401562 0.811753 0.401562 0.811753 0.448437 0.805513 0.448437 0.801353 0.451562 0.801353 0.453125 0.797192 0.456250 0.797192 0.457812 0.788872 0.464062 0.788872 0.465625 0.786792 0.465625 0.780552 0.470312 0.778472 0.470312 0.776392 0.471875 0.774312 0.471875 0.772231 0.473437 0.770151 0.473437 0.763911 0.478125 0.763911 0.482812 0.711909 0.482812 0.711909 0.478125 0.707749 0.475000 0.705669 0.475000 0.701509 0.471875 0.699429 0.471875 0.697349 0.470312 0.695269 0.470312 0.689028 0.465625 0.686948 0.465625 0.678628 0.459375 0.678628 0.457812 0.670308 0.451562 0.670308 0.450000 0.661987 0.443750 0.655747 0.443750 0.655747 0.414062 0.661987 0.414062 0.664067 0.412500 0.664067 0.410937 0.666147 0.409375 0.666147 0.406250 0.668228 0.404687 0.668228 0.401562 0.670308 0.400000 0.670308 0.398438 0.672388 0.396875 0.672388 0.395312 0.678628 0.390625 0.678628 0.389062 0.693188 0.378125 0.695269 0.378125 0.699429 0.375000 0.701509 0.375000 0.703589 0.373437 0.705669 0.373437 0.707749 0.371875 0.709829 0.371875 0.711909 0.370312 0.711909 0.365625
0 1.000000 0.496875 1.000000 0.614062 0.984399 0.614062 0.984399 0.609375 0.980239 0.606250 0.978159 0.606250 0.971919 0.601562 0.969839 0.601562 0.959438 0.593750 0.959438 0.592187 0.951118 0.585937 0.951118 0.584375 0.949038 0.582812 0.949038 0.581250 0.944878 0.578125 0.944878 0.575000 0.942798 0.573437 0.942798 0.571875 0.940718 0.570312 0.940718 0.568750 0.938638 0.567187 0.938638 0.565625 0.936558 0.564062 0.930317 0.564062 0.930317 0.539062 0.936558 0.539062 0.940718 0.535937 0.940718 0.532812 0.942798 0.531250 0.942798 0.529687 0.944878 0.528125 0.944878 0.526562 0.949038 0.523437 0.949038 0.521875 0.953198 0.518750 0.953198 0.517187 0.961519 0.510937 0.963599 0.510937 0.969839 0.506250 0.971919 0.506250 0.978159 0.501562 0.978159 0.496875
2 0.476860 0.296875 0.476860 0.301562 0.481021 0.304688 0.483101 0.304688 0.485181 0.306250 0.487261 0.306250 0.489341 0.307813 0.491421 0.307813 0.505981 0.318750 0.505981 0.320312 0.508062 0.321875 0.508062 0.323437 0.510142 0.325000 0.510142 0.326562 0.514302 0.329687 0.520542 0.329687 0.520542 0.365625 0.514302 0.365625 0.510142 0.368750 0.510142 0.370312 0.501821 0.376562 0.501821 0.378125 0.499741 0.379687 0.499741 0.382812 0.497661 0.384375 0.497661 0.389062 0.493501 0.392187 0.493501 0.393750 0.491421 0.395312 0.489341 0.395312 0.483101 0.400000 0.481021 0.400000 0.476860 0.403125 0.474780 0.403125 0.470620 0.406250 0.468540 0.406250 0.464380 0.409375 0.464380 0.414062 0.418618 0.414062 0.418618 0.409375 0.416538 0.407812 0.414458 0.407812 0.412378 0.406250 0.410298 0.406250 0.408218 0.404687 0.406138 0.404687 0.401978 0.401562 0.399897 0.401562 0.381177 0.387500 0.381177 0.385937 0.377017 0.382812 0.377017 0.381250 0.374937 0.379687 0.374937 0.378125 0.370776 0.375000 0.364536 0.375000 0.364536 0.332812 0.370776 0.332812 0.374937 0.329687 0.374937 0.328125 0.377017 0.326562 0.377017 0.325000 0.379097 0.323437 0.379097 0.321875 0.385337 0.317187 0.385337 0.315625 0.395737 0.307813 0.397817 0.307813 0.401978 0.304688 0.404058 0.304688 0.406138 0.303125 0.406138 0.296875
1 0.058765 0.571875 0.058765 0.576562 0.062925 0.579687 0.065005 0.579687 0.067085 0.581250 0.069165 0.581250 0.071245 0.582812 0.073325 0.582812 0.077485 0.585937 0.079565 0.585937 0.087886 0.592187 0.089966 0.592187 0.092046 0.593750 0.092046 0.595312 0.102446 0.603125 0.102446 0.604687 0.104526 0.606250 0.104526 0.607813 0.108687 0.610937 0.108687 0.612500 0.110767 0.614062 0.110767 0.617188 0.114927 0.620312 0.121167 0.620312 0.121167 0.668750 0.114927 0.668750 0.112847 0.670312 0.112847 0.671875 0.110767 0.673437 0.110767 0.675000 0.108687 0.676562 0.108687 0.678125 0.106606 0.679688 0.106606 0.681250 0.102446 0.684375 0.102446 0.685937 0.100366 0.687500 0.100366 0.689062 0.098286 0.690625 0.098286 0.692187 0.096206 0.693750 0.096206 0.695312 0.094126 0.696875 0.094126 0.701562 0.100366 0.706250 0.100366 0.707812 0.102446 0.709375 0.102446 0.712500 0.104526 0.714062 0.104526 0.715625 0.108687 0.718750 0.108687 0.720312 0.110767 0.721875 0.110767 0.735937 0.108687 0.737500 0.108687 0.739062 0.098286 0.746875 0.098286 0.751562 0.058765 0.751562 0.058765 0.745312 0.056685 0.743750 0.054605 0.743750 0.052524 0.742188 0.050444 0.742188 0.046284 0.739062 0.044204 0.739062 0.040044 0.735937 0.037964 0.735937 0.033804 0.732812 0.031724 0.732812 0.029644 0.731250 0.025483 0.731250 0.023403 0.729687 0.000000 0.729687 0.000000 0.571875
1 0.329175 0.884375 0.329175 0.890625 0.331255 0.892187 0.333335 0.892187 0.368696 0.918750 0.370776 0.918750 0.374937 0.921875 0.377017 0.921875 0.381177 0.925000 0.383257 0.925000 0.387417 0.928125 0.389497 0.928125 0.397817 0.934375 0.399897 0.934375 0.404058 0.937500 0.406138 0.937500 0.410298 0.940625 0.412378 0.940625 0.414458 0.942187 0.416538 0.942187 0.426938 0.950000 0.429019 0.950000 0.431099 0.951562 0.431099 0.953125 0.435259 0.956250 0.435259 0.957812 0.439419 0.960938 0.439419 0.962500 0.441499 0.964062 0.441499 0.965625 0.443579 0.967187 0.443579 0.968750 0.447739 0.971875 0.453979 0.971875 0.453979 0.998437 0.239731 0.998437 0.239731 0.892187 0.245972 0.892187 0.248052 0.890625 0.248052 0.884375
2 0.865835 0.871875 0.865835 0.876562 0.872075 0.881250 0.874155 0.881250 0.876235 0.882812 0.878315 0.882812 0.880396 0.884375 0.882476 0.884375 0.884556 0.885937 0.886636 0.885937 0.892876 0.890625 0.894956 0.890625 0.901196 0.895312 0.903276 0.895312 0.911597 0.901562 0.913677 0.901562 0.930317 0.914062 0.930317 0.915625 0.932397 0.917187 0.932397 0.918750 0.934478 0.920312 0.934478 0.921875 0.936558 0.923437 0.936558 0.925000 0.938638 0.926562 0.944878 0.926562 0.944878 0.998437 0.747271 0.998437 0.747271 0.965625 0.753511 0.965625 0.757671 0.962500 0.757671 0.957812 0.759751 0.956250 0.759751 0.951562 0.761831 0.950000 0.761831 0.946875 0.763911 0.945312 0.763911 0.942187 0.765991 0.940625 0.765991 0.935937 0.768071 0.934375 0.768071 0.926562 0.770151 0.925000 0.770151 0.920312 0.772231 0.918750 0.772231 0.915625 0.774312 0.914062 0.774312 0.909375 0.776392 0.907812 0.776392 0.903125 0.778472 0.901562 0.778472 0.898438 0.780552 0.896875 0.780552 0.895312 0.782632 0.893750 0.782632 0.892187 0.786792 0.889062 0.786792 0.887500 0.795112 0.881250 0.795112 0.879687 0.797192 0.879687 0.801353 0.876562 0.801353 0.871875
2 0.632866 0.334375 0.632866 0.339062 0.637026 0.342187 0.639106 0.342187 0.641187 0.343750 0.643267 0.343750 0.649507 0.348437 0.651587 0.348437 0.664067 0.357812 0.664067 0.359375 0.666147 0.360937 0.666147 0.362500 0.672388 0.367188 0.678628 0.367188 0.678628 0.396875 0.672388 0.396875 0.668228 0.400000 0.668228 0.401562 0.666147 0.403125 0.666147 0.404687 0.664067 0.406250 0.664067 0.407812 0.661987 0.409375 0.661987 0.410937 0.659907 0.412500 0.659907 0.415625 0.657827 0.417187 0.657827 0.418750 0.655747 0.420312 0.655747 0.421875 0.653667 0.423437 0.653667 0.425000 0.651587 0.426562 0.651587 0.428125 0.649507 0.429688 0.647427 0.429688 0.639106 0.435937 0.637026 0.435937 0.634946 0.437500 0.632866 0.437500 0.628706 0.440625 0.626626 0.440625 0.624546 0.442187 0.622466 0.442187 0.620386 0.443750 0.616226 0.443750 0.614146 0.445312 0.612065 0.445312 0.609985 0.446875 0.609985 0.451562 0.570464 0.451562 0.570464 0.446875 0.566304 0.443750 0.564224 0.443750 0.562144 0.442187 0.560064 0.442187 0.557983 0.440625 0.555903 0.440625 0.553823 0.439062 0.551743 0.439062 0.535103 0.426562 0.535103 0.425000 0.530942 0.421875 0.522622 0.421875 0.522622 0.382812 0.528862 0.382812 0.530942 0.381250 0.530942 0.376562 0.533022 0.375000 0.533022 0.370312 0.535103 0.368750 0.535103 0.364062 0.537183 0.362500 0.537183 0.360937 0.541343 0.357812 0.541343 0.356250 0.545503 0.353125 0.545503 0.351562 0.553823 0.345312 0.555903 0.345312 0.560064 0.342187 0.562144 0.342187 0.566304 0.339062 0.566304 0.334375
2 0.672388 0.453125 0.672388 0.459375 0.674468 0.460938 0.676548 0.460938 0.678628 0.462500 0.680708 0.462500 0.691108 0.470312 0.693188 0.470312 0.701509 0.476562 0.703589 0.476562 0.707749 0.479687 0.707749 0.481250 0.718149 0.489062 0.718149 0.490625 0.722310 0.493750 0.724390 0.493750 0.726470 0.495312 0.726470 0.496875 0.730630 0.500000 0.736870 0.500000 0.738950 0.498437 0.738950 0.489062 0.741030 0.489062 0.743110 0.487500 0.753511 0.487500 0.753511 0.548437 0.747271 0.548437 0.745190 0.550000 0.745190 0.551562 0.743110 0.553125 0.743110 0.554687 0.741030 0.556250 0.741030 0.557812 0.722310 0.571875 0.720230 0.571875 0.718149 0.573437 0.716069 0.573437 0.713989 0.575000 0.711909 0.575000 0.707749 0.578125 0.707749 0.582812 0.664067 0.582812 0.664067 0.578125 0.661987 0.576562 0.659907 0.576562 0.657827 0.575000 0.655747 0.575000 0.651587 0.571875 0.649507 0.571875 0.641187 0.565625 0.639106 0.565625 0.634946 0.562500 0.632866 0.562500 0.628706 0.559375 0.626626 0.559375 0.624546 0.557812 0.622466 0.557812 0.616226 0.553125 0.614146 0.553125 0.612065 0.551562 0.609985 0.551562 0.607905 0.550000 0.605825 0.550000 0.603745 0.548437 0.601665 0.548437 0.599585 0.546875 0.597505 0.546875 0.595425 0.545312 0.593345 0.545312 0.589185 0.542187 0.587104 0.542187 0.580864 0.537500 0.572544 0.537500 0.572544 0.493750 0.578784 0.493750 0.582944 0.490625 0.582944 0.489062 0.585024 0.487500 0.585024 0.485937 0.589185 0.482812 0.589185 0.481250 0.614146 0.462500 0.616226 0.462500 0.620386 0.459375 0.620386 0.453125
2 0.144048 0.871875 0.144048 0.876562 0.148208 0.879687 0.150288 0.879687 0.162769 0.889062 0.162769 0.890625 0.169009 0.895312 0.169009 0.896875 0.175249 0.901562 0.175249 0.903125 0.177329 0.904687 0.177329 0.907812 0.179409 0.909375 0.179409 0.910937 0.181489 0.912500 0.187730 0.912500 0.187730 0.998437 0.000000 0.998437 0.000000 0.896875 0.006763 0.896875 0.010923 0.893750 0.015083 0.893750 0.017163 0.892187 0.019243 0.892187 0.021323 0.890625 0.023403 0.890625 0.025483 0.889062 0.029644 0.889062 0.031724 0.887500 0.040044 0.887500 0.042124 0.885937 0.050444 0.885937 0.052524 0.884375 0.056685 0.884375 0.058765 0.882812 0.060845 0.882812 0.062925 0.881250 0.067085 0.881250 0.069165 0.879687 0.073325 0.879687 0.077485 0.876562 0.077485 0.871875