1 0.362974 0.346875 0.362974 0.351562 0.358813 0.354687 0.356733 0.354687 0.354653 0.356250 0.352573 0.356250 0.350493 0.357812 0.348413 0.357812 0.344253 0.360937 0.342173 0.360937 0.338013 0.364062 0.335933 0.364062 0.325532 0.371875 0.325532 0.373437 0.317212 0.379687 0.317212 0.381250 0.315132 0.382812 0.315132 0.384375 0.313052 0.385937 0.313052 0.387500 0.310972 0.389062 0.304731 0.389062 0.304731 0.431250 0.310972 0.431250 0.313052 0.432812 0.315132 0.432812 0.317212 0.434375 0.319292 0.434375 0.323452 0.437500 0.323452 0.439062 0.338013 0.450000 0.340093 0.450000 0.344253 0.453125 0.346333 0.453125 0.348413 0.454687 0.352573 0.454687 0.354653 0.456250 0.356733 0.456250 0.358813 0.457812 0.360894 0.457812 0.362974 0.459375 0.362974 0.464062 0.414976 0.464062 0.414976 0.459375 0.419136 0.456250 0.423296 0.456250 0.425376 0.454687 0.427456 0.454687 0.429536 0.453125 0.431616 0.453125 0.437856 0.448437 0.439936 0.448437 0.444097 0.445312 0.444097 0.443750 0.450337 0.439062 0.450337 0.437500 0.454497 0.434375 0.460737 0.434375 0.460737 0.381250 0.454497 0.381250 0.450337 0.378125 0.450337 0.376562 0.446177 0.373437 0.446177 0.371875 0.444097 0.370312 0.442017 0.370312 0.431616 0.362500 0.429536 0.362500 0.427456 0.360937 0.425376 0.360937 0.421216 0.357812 0.417056 0.357812 0.414976 0.356250 0.412896 0.356250 0.410815 0.354687 0.408735 0.354687 0.404575 0.351562 0.404575 0.346875
1 0.516899 0.459375 0.516899 0.464062 0.512739 0.467187 0.510659 0.467187 0.508579 0.468750 0.506499 0.468750 0.496099 0.476562 0.496099 0.478125 0.494019 0.479687 0.494019 0.481250 0.489858 0.484375 0.489858 0.485937 0.487778 0.487500 0.479458 0.487500 0.479458 0.539062 0.485698 0.539062 0.521060 0.565625 0.521060 0.570312 0.579302 0.570312 0.579302 0.564062 0.581382 0.562500 0.583462 0.562500 0.585542 0.560937 0.587622 0.560937 0.589702 0.559375 0.591782 0.559375 0.595942 0.556250 0.598022 0.556250 0.600103 0.554687 0.600103 0.553125 0.606343 0.548437 0.606343 0.546875 0.612583 0.542187 0.612583 0.540625 0.620903 0.534375 0.627144 0.534375 0.627144 0.489062 0.620903 0.489062 0.616743 0.485937 0.616743 0.484375 0.614663 0.482812 0.614663 0.481250 0.602183 0.471875 0.600103 0.471875 0.595942 0.468750 0.593862 0.468750 0.587622 0.464062 0.587622 0.459375
0 0.421216 0.534375 0.421216 0.539062 0.410815 0.546875 0.408735 0.546875 0.404575 0.550000 0.402495 0.550000 0.400415 0.551562 0.398335 0.551562 0.390015 0.557812 0.387935 0.557812 0.377534 0.565625 0.371294 0.565625 0.371294 0.620312 0.379614 0.620312 0.381694 0.621875 0.381694 0.625000 0.402495 0.640625 0.404575 0.640625 0.408735 0.643750 0.410815 0.643750 0.412896 0.645312 0.414976 0.645312 0.417056 0.646875 0.419136 0.646875 0.421216 0.648438 0.425376 0.648438 0.427456 0.650000 0.431616 0.650000 0.435776 0.653125 0.435776 0.657812 0.464897 0.657812 0.464897 0.653125 0.466978 0.651562 0.469058 0.651562 0.471138 0.650000 0.477378 0.650000 0.479458 0.648438 0.483618 0.648438 0.485698 0.646875 0.487778 0.646875 0.491938 0.643750 0.494019 0.643750 0.506499 0.634375 0.506499 0.632812 0.510659 0.629687 0.510659 0.628125 0.512739 0.626562 0.512739 0.625000 0.514819 0.623438 0.514819 0.621875 0.516899 0.620312 0.516899 0.617188 0.521060 0.614062 0.527300 0.614062 0.527300 0.575000 0.521060 0.575000 0.516899 0.571875 0.516899 0.568750 0.510659 0.564062 0.510659 0.562500 0.483618 0.542187 0.481538 0.542187 0.477378 0.539062 0.477378 0.534375
0 0.502339 0.346875 0.502339 0.351562 0.494019 0.357812 0.491938 0.357812 0.487778 0.360937 0.485698 0.360937 0.481538 0.364062 0.479458 0.364062 0.464897 0.375000 0.464897 0.376562 0.462817 0.378125 0.454497 0.378125 0.454497 0.434375 0.460737 0.434375 0.464897 0.437500 0.464897 0.439062 0.466978 0.440625 0.466978 0.442187 0.479458 0.451562 0.481538 0.451562 0.485698 0.454687 0.487778 0.454687 0.494019 0.459375 0.494019 0.464062 0.562661 0.464062 0.562661 0.459375 0.566821 0.456250 0.568901 0.456250 0.570981 0.454687 0.573062 0.454687 0.589702 0.442187 0.589702 0.440625 0.591782 0.439062 0.591782 0.437500 0.593862 0.435937 0.602183 0.435937 0.602183 0.379687 0.595942 0.379687 0.591782 0.376562 0.591782 0.375000 0.587622 0.371875 0.587622 0.370312 0.575142 0.360937 0.573062 0.360937 0.568901 0.357812 0.566821 0.357812 0.564741 0.356250 0.562661 0.356250 0.560581 0.354687 0.558501 0.354687 0.554341 0.351562 0.554341 0.346875
1 0.660425 0.421875 0.660425 0.426562 0.656265 0.429688 0.654185 0.429688 0.650024 0.432812 0.647944 0.432812 0.631304 0.445312 0.631304 0.446875 0.625063 0.451562 0.625063 0.453125 0.622983 0.454687 0.622983 0.456250 0.618823 0.459375 0.612583 0.459375 0.612583 0.490625 0.618823 0.490625 0.620903 0.492188 0.620903 0.493750 0.622983 0.495312 0.622983 0.496875 0.625063 0.498437 0.625063 0.500000 0.627144 0.501562 0.627144 0.506250 0.629224 0.507812 0.629224 0.514062 0.631304 0.515625 0.631304 0.517187 0.633384 0.518750 0.633384 0.520312 0.637544 0.523437 0.639624 0.523437 0.645864 0.528125 0.647944 0.528125 0.656265 0.534375 0.656265 0.539062 0.724907 0.539062 0.724907 0.534375 0.729067 0.531250 0.731147 0.531250 0.733227 0.529687 0.735308 0.529687 0.737388 0.528125 0.739468 0.528125 0.745708 0.523437 0.747788 0.523437 0.749868 0.521875 0.749868 0.520312 0.762349 0.510937 0.762349 0.509375 0.764429 0.507812 0.764429 0.506250 0.766509 0.504687 0.766509 0.501562 0.770669 0.498437 0.776909 0.498437 0.776909 0.468750 0.770669 0.468750 0.768589 0.467187 0.768589 0.465625 0.766509 0.464062 0.766509 0.462500 0.764429 0.460938 0.764429 0.457812 0.760269 0.454687 0.760269 0.453125 0.756108 0.450000 0.756108 0.448437 0.735308 0.432812 0.733227 0.432812 0.731147 0.431250 0.729067 0.431250 0.722827 0.426562 0.722827 0.421875
1 0.845552 0.496875 0.845552 0.501562 0.839311 0.506250 0.837231 0.506250 0.830991 0.510937 0.828911 0.510937 0.820591 0.517187 0.818511 0.517187 0.806030 0.526562 0.806030 0.528125 0.799790 0.532812 0.799790 0.535937 0.797710 0.537500 0.797710 0.539062 0.793550 0.542187 0.787310 0.542187 0.787310 0.581250 0.793550 0.581250 0.797710 0.584375 0.797710 0.585937 0.799790 0.587500 0.799790 0.589062 0.806030 0.593750 0.806030 0.595312 0.810190 0.598437 0.810190 0.600000 0.820591 0.607813 0.822671 0.607813 0.828911 0.612500 0.830991 0.612500 0.835151 0.615625 0.837231 0.615625 0.841392 0.618750 0.843472 0.618750 0.847632 0.621875 0.849712 0.621875 0.851792 0.623438 0.855952 0.623438 0.858032 0.625000 0.860112 0.625000 0.862192 0.626562 0.864272 0.626562 0.866352 0.628125 0.866352 0.632812 0.893394 0.632812 0.893394 0.628125 0.895474 0.626562 0.899634 0.626562 0.901714 0.625000 0.907954 0.625000 0.910034 0.623438 0.914194 0.623438 0.916274 0.621875 0.918354 0.621875 0.922515 0.618750 0.924595 0.618750 0.926675 0.617188 0.928755 0.617188 0.941235 0.607813 0.941235 0.606250 0.945395 0.603125 0.945395 0.601562 0.949556 0.598437 0.949556 0.596875 0.953716 0.593750 0.953716 0.592187 0.955796 0.590625 0.955796 0.587500 0.957876 0.585937 0.957876 0.584375 0.959956 0.582812 0.959956 0.581250 0.962036 0.579687 0.968276 0.579687 0.968276 0.543750 0.962036 0.543750 0.957876 0.540625 0.957876 0.537500 0.955796 0.535937 0.955796 0.534375 0.953716 0.532812 0.953716 0.531250 0.949556 0.528125 0.949556 0.526562 0.947476 0.525000 0.947476 0.523437 0.930835 0.510937 0.928755 0.510937 0.922515 0.506250 0.920435 0.506250 0.914194 0.501562 0.914194 0.496875
2 0.321372 0.459375 0.321372 0.464062 0.313052 0.470312 0.310972 0.470312 0.310972 0.471875 0.302651 0.478125 0.302651 0.479687 0.300571 0.481250 0.300571 0.482812 0.298491 0.484375 0.298491 0.485937 0.294331 0.489062 0.288091 0.489062 0.288091 0.529687 0.294331 0.529687 0.298491 0.532812 0.298491 0.534375 0.302651 0.537500 0.302651 0.539062 0.306812 0.542187 0.306812 0.543750 0.319292 0.553125 0.321372 0.553125 0.325532 0.556250 0.327612 0.556250 0.329692 0.557812 0.329692 0.564062 0.381694 0.564062 0.381694 0.559375 0.383774 0.557812 0.385854 0.557812 0.392095 0.553125 0.394175 0.553125 0.396255 0.551562 0.398335 0.551562 0.404575 0.546875 0.406655 0.546875 0.408735 0.545312 0.410815 0.545312 0.417056 0.540625 0.419136 0.540625 0.433696 0.529687 0.433696 0.528125 0.437856 0.525000 0.444097 0.525000 0.444097 0.492188 0.437856 0.492188 0.433696 0.489062 0.433696 0.487500 0.431616 0.485937 0.431616 0.484375 0.429536 0.482812 0.429536 0.481250 0.427456 0.479687 0.427456 0.478125 0.421216 0.473437 0.421216 0.471875 0.417056 0.468750 0.414976 0.468750 0.412896 0.467187 0.410815 0.467187 0.406655 0.464062 0.406655 0.459375
2 0.298491 0.584375 0.298491 0.589062 0.294331 0.592187 0.292251 0.592187 0.290171 0.593750 0.288091 0.593750 0.283931 0.596875 0.281851 0.596875 0.277690 0.600000 0.275610 0.600000 0.258970 0.612500 0.258970 0.614062 0.256890 0.615625 0.256890 0.617188 0.252729 0.620312 0.246489 0.620312 0.246489 0.667187 0.252729 0.667187 0.258970 0.671875 0.258970 0.673437 0.261050 0.675000 0.261050 0.676562 0.269370 0.682812 0.269370 0.684375 0.271450 0.684375 0.279770 0.690625 0.281851 0.690625 0.283931 0.692187 0.286011 0.692187 0.288091 0.693750 0.290171 0.693750 0.294331 0.696875 0.294331 0.701562 0.350493 0.701562 0.350493 0.695312 0.352573 0.693750 0.354653 0.693750 0.356733 0.692187 0.358813 0.692187 0.360894 0.690625 0.362974 0.690625 0.381694 0.676562 0.381694 0.675000 0.387935 0.670312 0.394175 0.670312 0.394175 0.628125 0.387935 0.628125 0.377534 0.620312 0.377534 0.618750 0.373374 0.615625 0.373374 0.614062 0.371294 0.612500 0.371294 0.610937 0.369214 0.609375 0.369214 0.607813 0.365054 0.604687 0.365054 0.603125 0.352573 0.593750 0.350493 0.593750 0.344253 0.589062 0.344253 0.584375
1 0.417056 0.259375 0.417056 0.265625 0.414976 0.267187 0.412896 0.267187 0.408735 0.270312 0.406655 0.270312 0.406655 0.271875 0.404575 0.273437 0.402495 0.273437 0.398335 0.276562 0.398335 0.278125 0.396255 0.279687 0.394175 0.279687 0.392095 0.281250 0.392095 0.282812 0.390015 0.284375 0.390015 0.285937 0.385854 0.289062 0.379614 0.289062 0.379614 0.337500 0.385854 0.337500 0.390015 0.340625 0.390015 0.342187 0.398335 0.348437 0.400415 0.348437 0.404575 0.351562 0.406655 0.351562 0.408735 0.353125 0.412896 0.353125 0.414976 0.354687 0.417056 0.354687 0.419136 0.356250 0.421216 0.356250 0.423296 0.357812 0.425376 0.357812 0.427456 0.359375 0.429536 0.359375 0.437856 0.365625 0.437856 0.370312 0.475298 0.370312 0.475298 0.365625 0.481538 0.360937 0.483618 0.360937 0.485698 0.359375 0.487778 0.359375 0.494019 0.354687 0.496099 0.354687 0.498179 0.353125 0.500259 0.353125 0.502339 0.351562 0.504419 0.351562 0.504419 0.350000 0.512739 0.343750 0.512739 0.342187 0.514819 0.340625 0.514819 0.339062 0.516899 0.337500 0.516899 0.335938 0.521060 0.332812 0.527300 0.332812 0.527300 0.296875 0.521060 0.296875 0.516899 0.293750 0.516899 0.292187 0.514819 0.290625 0.514819 0.289062 0.512739 0.287500 0.512739 0.285937 0.508579 0.282812 0.508579 0.281250 0.494019 0.270312 0.491938 0.270312 0.487778 0.267187 0.485698 0.267187 0.481538 0.264062 0.481538 0.259375
1 0.593862 0.553125 0.593862 0.557812 0.589702 0.560937 0.587622 0.560937 0.583462 0.564062 0.579302 0.564062 0.575142 0.567187 0.573062 0.567187 0.568901 0.570312 0.566821 0.570312 0.560581 0.575000 0.558501 0.575000 0.558501 0.576562 0.552261 0.581250 0.552261 0.582812 0.548101 0.585937 0.548101 0.587500 0.541860 0.592187 0.541860 0.593750 0.535620 0.598437 0.529380 0.598437 0.529380 0.637500 0.535620 0.637500 0.539780 0.640625 0.539780 0.642187 0.541860 0.643750 0.541860 0.645312 0.548101 0.650000 0.548101 0.651562 0.558501 0.659375 0.560581 0.659375 0.568901 0.665625 0.570981 0.665625 0.573062 0.667187 0.575142 0.667187 0.577222 0.668750 0.579302 0.668750 0.583462 0.671875 0.583462 0.676562 0.633384 0.676562 0.633384 0.671875 0.639624 0.667187 0.643784 0.667187 0.645864 0.665625 0.647944 0.665625 0.652104 0.662500 0.654185 0.662500 0.660425 0.657812 0.662505 0.657812 0.662505 0.656250 0.672905 0.648438 0.672905 0.646875 0.674985 0.645312 0.674985 0.643750 0.677065 0.642187 0.685386 0.642187 0.685386 0.587500 0.679145 0.587500 0.672905 0.582812 0.672905 0.581250 0.654185 0.567187 0.652104 0.567187 0.647944 0.564062 0.645864 0.564062 0.643784 0.562500 0.641704 0.562500 0.639624 0.560937 0.635464 0.560937 0.633384 0.559375 0.631304 0.559375 0.629224 0.557812 0.629224 0.553125
2 0.017681 0.934375 0.017681 0.939062 0.015601 0.940625 0.013521 0.940625 0.003120 0.948437 0.000000 0.948437 0.000000 0.998437 0.111284 0.998437 0.111284 0.981250 0.096724 0.981250 0.094644 0.979687 0.094644 0.978125 0.092563 0.976562 0.092563 0.975000 0.090483 0.973437 0.090483 0.971875 0.088403 0.970312 0.088403 0.968750 0.084243 0.965625 0.084243 0.964062 0.078003 0.959375 0.078003 0.957812 0.069683 0.951562 0.067603 0.951562 0.055122 0.942187 0.053042 0.942187 0.050962 0.940625 0.048882 0.940625 0.046802 0.939062 0.046802 0.934375
1 0.300571 0.584375 0.300571 0.589062 0.298491 0.590625 0.296411 0.590625 0.294331 0.592187 0.292251 0.592187 0.290171 0.593750 0.288091 0.593750 0.283931 0.596875 0.281851 0.596875 0.277690 0.600000 0.275610 0.600000 0.256890 0.614062 0.256890 0.617188 0.252729 0.620312 0.246489 0.620312 0.246489 0.667187 0.252729 0.667187 0.258970 0.671875 0.258970 0.673437 0.261050 0.675000 0.261050 0.676562 0.269370 0.682812 0.269370 0.684375 0.271450 0.684375 0.279770 0.690625 0.281851 0.690625 0.283931 0.692187 0.286011 0.692187 0.288091 0.693750 0.290171 0.693750 0.294331 0.696875 0.294331 0.701562 0.350493 0.701562 0.350493 0.695312 0.352573 0.693750 0.354653 0.693750 0.356733 0.692187 0.358813 0.692187 0.360894 0.690625 0.362974 0.690625 0.381694 0.676562 0.381694 0.675000 0.387935 0.670312 0.394175 0.670312 0.394175 0.629687 0.387935 0.629687 0.381694 0.625000 0.381694 0.623438 0.375454 0.618750 0.375454 0.617188 0.373374 0.615625 0.373374 0.614062 0.369214 0.610937 0.369214 0.609375 0.367134 0.607813 0.367134 0.606250 0.365054 0.604687 0.365054 0.603125 0.352573 0.593750 0.350493 0.593750 0.344253 0.589062 0.344253 0.584375
2 0.595942 0.553125 0.595942 0.557812 0.593862 0.559375 0.591782 0.559375 0.589702 0.560937 0.587622 0.560937 0.583462 0.564062 0.581382 0.564062 0.579302 0.565625 0.577222 0.565625 0.575142 0.567187 0.573062 0.567187 0.568901 0.570312 0.566821 0.570312 0.560581 0.575000 0.558501 0.575000 0.558501 0.576562 0.552261 0.581250 0.552261 0.582812 0.548101 0.585937 0.548101 0.587500 0.543940 0.590625 0.537700 0.590625 0.537700 0.648438 0.546021 0.648438 0.548101 0.650000 0.548101 0.651562 0.560581 0.660937 0.562661 0.660937 0.568901 0.665625 0.570981 0.665625 0.573062 0.667187 0.575142 0.667187 0.577222 0.668750 0.579302 0.668750 0.583462 0.671875 0.583462 0.676562 0.633384 0.676562 0.633384 0.671875 0.639624 0.667187 0.643784 0.667187 0.645864 0.665625 0.647944 0.665625 0.652104 0.662500 0.654185 0.662500 0.660425 0.657812 0.662505 0.657812 0.662505 0.656250 0.672905 0.648438 0.672905 0.646875 0.674985 0.645312 0.674985 0.643750 0.679145 0.640625 0.679145 0.639062 0.681226 0.637500 0.681226 0.634375 0.683306 0.632812 0.683306 0.629687 0.687466 0.626562 0.693706 0.626562 0.693706 0.603125 0.687466 0.603125 0.683306 0.600000 0.683306 0.596875 0.681226 0.595312 0.681226 0.590625 0.677065 0.587500 0.677065 0.585937 0.672905 0.582812 0.672905 0.581250 0.668745 0.578125 0.668745 0.576562 0.666665 0.575000 0.664585 0.575000 0.654185 0.567187 0.652104 0.567187 0.645864 0.562500 0.641704 0.562500 0.639624 0.560937 0.635464 0.560937 0.633384 0.559375 0.631304 0.559375 0.629224 0.557812 0.629224 0.553125
2 0.993237 0.815625 0.995317 0.815625 0.995317 0.790625 0.984917 0.790625 0.984917 0.796875 0.986997 0.798437 0.986997 0.804688 0.989077 0.806250 0.989077 0.807812 0.991157 0.809375 0.991157 0.812500 0.993237 0.814062 0.993237 0.815625 0.993237 0.850000 0.993237 0.851562 0.989077 0.854687 0.980757 0.854687 0.978677 0.856250 0.976597 0.854687 0.966196 0.854687 0.964116 0.853125 0.962036 0.853125 0.959956 0.851562 0.957876 0.851562 0.955796 0.850000 0.949556 0.850000 0.947476 0.848437 0.922515 0.848437 0.920435 0.850000 0.916274 0.850000 0.914194 0.851562 0.910034 0.851562 0.910034 0.854687 0.912114 0.856250 0.912114 0.857812 0.914194 0.859375 0.914194 0.864062 0.912114 0.865625 0.899634 0.865625 0.897554 0.864062 0.895474 0.864062 0.891313 0.860937 0.887153 0.860937 0.885073 0.859375 0.878833 0.859375 0.872593 0.854687 0.870513 0.854687 0.868433 0.853125 0.860112 0.853125 0.858032 0.851562 0.855952 0.851562 0.853872 0.850000 0.849712 0.850000 0.847632 0.848437 0.843472 0.848437 0.841392 0.846875 0.837231 0.846875 0.833071 0.843750 0.830991 0.843750 0.828911 0.842187 0.826831 0.842187 0.820591 0.837500 0.808110 0.837500 0.806030 0.835938 0.795630 0.835938 0.793550 0.834375 0.793550 0.829687 0.795630 0.828125 0.795630 0.818750 0.793550 0.817187 0.793550 0.814062 0.795630 0.812500 0.795630 0.806250 0.793550 0.804688 0.791470 0.804688 0.789390 0.803125 0.789390 0.790625 0.662505 0.790625 0.662505 0.796875 0.664585 0.798437 0.664585 0.803125 0.662505 0.804688 0.662505 0.806250 0.660425 0.807812 0.660425 0.810937 0.662505 0.812500 0.662505 0.815625 0.664585 0.817187 0.664585 0.820312 0.666665 0.821875 0.666665 0.823437 0.670825 0.826562 0.677065 0.826562 0.679145 0.828125 0.677065 0.829687 0.677065 0.832812 0.672905 0.835938 0.668745 0.835938 0.664585 0.839062 0.664585 0.840625 0.662505 0.842187 0.650024 0.842187 0.647944 0.840625 0.645864 0.840625 0.641704 0.837500 0.641704 0.835938 0.633384 0.829687 0.633384 0.828125 0.631304 0.826562 0.631304 0.823437 0.629224 0.821875 0.629224 0.818750 0.627144 0.817187 0.627144 0.815625 0.620903 0.810937 0.618823 0.810937 0.616743 0.809375 0.610503 0.809375 0.606343 0.806250 0.604263 0.806250 0.595942 0.800000 0.595942 0.798437 0.591782 0.795312 0.591782 0.790625 0.496099 0.790625 0.496099 0.795312 0.489858 0.800000 0.487778 0.800000 0.485698 0.801562 0.483618 0.801562 0.479458 0.804688 0.477378 0.804688 0.475298 0.806250 0.471138 0.806250 0.469058 0.807812 0.466978 0.807812 0.464897 0.809375 0.462817 0.809375 0.460737 0.810937 0.458657 0.810937 0.456577 0.812500 0.454497 0.812500 0.452417 0.814062 0.450337 0.814062 0.448257 0.815625 0.446177 0.815625 0.442017 0.818750 0.439936 0.818750 0.433696 0.823437 0.433696 0.825000 0.423296 0.832812 0.423296 0.834375 0.419136 0.837500 0.419136 0.839062 0.406655 0.848437 0.406655 0.850000 0.398335 0.856250 0.398335 0.857812 0.387935 0.865625 0.387935 0.867188 0.381694 0.871875 0.381694 0.873437 0.375454 0.878125 0.375454 0.879687 0.373374 0.881250 0.373374 0.882812 0.371294 0.884375 0.371294 0.885937 0.365054 0.890625 0.365054 0.892187 0.362974 0.893750 0.362974 0.895312 0.358813 0.898438 0.358813 0.900000 0.356733 0.901562 0.356733 0.903125 0.354653 0.904687 0.354653 0.907812 0.352573 0.909375 0.352573 0.910937 0.350493 0.912500 0.350493 0.914062 0.348413 0.915625 0.348413 0.917187 0.346333 0.918750 0.346333 0.920312 0.342173 0.923437 0.342173 0.925000 0.340093 0.926562 0.340093 0.929688 0.338013 0.931250 0.338013 0.932812 0.335933 0.934375 0.335933 0.937500 0.333853 0.939062 0.333853 0.942187 0.331772 0.943750 0.331772 0.946875 0.329692 0.948437 0.329692 0.950000 0.327612 0.951562 0.327612 0.957812 0.325532 0.959375 0.325532 0.960938 0.323452 0.962500 0.323452 0.965625 0.319292 0.968750 0.313052 0.968750 0.313052 0.998437 0.997397 0.998437 0.997397 0.982812 0.999478 0.981250 0.999478 0.898438 0.997397 0.896875 0.997397 0.895312 0.999478 0.893750 0.999478 0.881250 0.997397 0.879687 0.997397 0.864062 0.995317 0.862500 0.995317 0.854687 0.993237 0.853125 0.993237 0.850000
1 0.163286 0.168750 0.161206 0.168750 0.161206 0.170312 0.159126 0.171875 0.159126 0.176562 0.165366 0.176562 0.165366 0.170312 0.163286 0.168750 0.177847 0.154687 0.179927 0.154687 0.186167 0.159375 0.192407 0.159375 0.194487 0.160937 0.196567 0.159375 0.200728 0.159375 0.202808 0.157812 0.213208 0.157812 0.217368 0.160937 0.219448 0.160937 0.221528 0.162500 0.223608 0.162500 0.229849 0.167187 0.231929 0.167187 0.234009 0.168750 0.236089 0.168750 0.240249 0.171875 0.240249 0.176562 0.302651 0.176562 0.302651 0.171875 0.304731 0.170312 0.306812 0.170312 0.308892 0.168750 0.329692 0.168750 0.333853 0.171875 0.333853 0.176562 0.373374 0.176562 0.373374 0.157812 0.375454 0.156250 0.375454 0.139062 0.373374 0.137500 0.373374 0.117188 0.371294 0.115625 0.371294 0.107812 0.362974 0.101562 0.360894 0.101562 0.358813 0.100000 0.358813 0.098437 0.356733 0.096875 0.356733 0.082812 0.358813 0.081250 0.358813 0.070312 0.360894 0.068750 0.362974 0.068750 0.371294 0.062500 0.373374 0.062500 0.387935 0.051562 0.390015 0.051562 0.392095 0.050000 0.394175 0.050000 0.402495 0.043750 0.404575 0.043750 0.406655 0.042187 0.408735 0.042187 0.429536 0.026562 0.429536 0.025000 0.433696 0.021875 0.433696 0.020312 0.437856 0.017187 0.444097 0.017187 0.444097 0.000000 0.138325 0.000000 0.138325 0.093750 0.144565 0.093750 0.148726 0.096875 0.148726 0.098437 0.150806 0.100000 0.150806 0.101562 0.157046 0.106250 0.157046 0.107812 0.159126 0.109375 0.159126 0.110937 0.161206 0.112500 0.161206 0.117188 0.163286 0.118750 0.163286 0.123437 0.165366 0.125000 0.165366 0.128125 0.171606 0.132812 0.171606 0.135937 0.173687 0.137500 0.173687 0.148437 0.175767 0.150000 0.175767 0.153125 0.177847 0.154687