1 0.352573 0.528125 0.352573 0.532812 0.348413 0.535937 0.346333 0.535937 0.340093 0.540625 0.338013 0.540625 0.325532 0.550000 0.325532 0.551562 0.323452 0.553125 0.323452 0.554687 0.321372 0.556250 0.321372 0.557812 0.319292 0.559375 0.313052 0.559375 0.313052 0.598437 0.319292 0.598437 0.325532 0.603125 0.325532 0.604687 0.327612 0.606250 0.329692 0.606250 0.331772 0.607813 0.331772 0.609375 0.338013 0.614062 0.340093 0.614062 0.346333 0.618750 0.348413 0.618750 0.352573 0.621875 0.352573 0.626562 0.412896 0.626562 0.412896 0.621875 0.417056 0.618750 0.419136 0.618750 0.421216 0.617188 0.425376 0.617188 0.427456 0.615625 0.429536 0.615625 0.446177 0.603125 0.452417 0.603125 0.452417 0.554687 0.444097 0.554687 0.435776 0.548437 0.431616 0.548437 0.429536 0.546875 0.427456 0.546875 0.423296 0.543750 0.419136 0.543750 0.410815 0.537500 0.408735 0.537500 0.406655 0.535937 0.404575 0.535937 0.400415 0.532812 0.400415 0.528125
0 0.283931 0.615625 0.283931 0.620312 0.281851 0.621875 0.279770 0.621875 0.277690 0.623438 0.275610 0.623438 0.273530 0.625000 0.271450 0.625000 0.265210 0.629687 0.263130 0.629687 0.258970 0.632812 0.258970 0.634375 0.252729 0.639062 0.252729 0.640625 0.250649 0.642187 0.250649 0.643750 0.248569 0.645312 0.248569 0.646875 0.244409 0.650000 0.238169 0.650000 0.238169 0.693750 0.244409 0.693750 0.248569 0.696875 0.248569 0.698437 0.250649 0.700000 0.250649 0.703125 0.254810 0.706250 0.254810 0.707812 0.273530 0.721875 0.273530 0.726562 0.344253 0.726562 0.344253 0.721875 0.348413 0.718750 0.350493 0.718750 0.352573 0.717187 0.354653 0.717187 0.360894 0.712500 0.362974 0.712500 0.373374 0.704687 0.373374 0.703125 0.381694 0.696875 0.381694 0.693750 0.383774 0.692187 0.383774 0.690625 0.387935 0.687500 0.394175 0.687500 0.394175 0.656250 0.387935 0.656250 0.383774 0.653125 0.383774 0.650000 0.381694 0.648438 0.381694 0.646875 0.375454 0.642187 0.375454 0.640625 0.360894 0.629687 0.358813 0.629687 0.350493 0.623438 0.346333 0.623438 0.342173 0.620312 0.342173 0.615625
0 0.585542 0.396875 0.585542 0.401562 0.583462 0.403125 0.581382 0.403125 0.579302 0.404687 0.575142 0.404687 0.573062 0.406250 0.570981 0.406250 0.568901 0.407812 0.566821 0.407812 0.564741 0.409375 0.562661 0.409375 0.541860 0.425000 0.541860 0.426562 0.539780 0.428125 0.539780 0.429688 0.535620 0.432812 0.529380 0.432812 0.529380 0.465625 0.537700 0.465625 0.546021 0.471875 0.546021 0.475000 0.556421 0.482812 0.558501 0.482812 0.564741 0.487500 0.564741 0.489062 0.566821 0.490625 0.566821 0.495312 0.629224 0.495312 0.629224 0.490625 0.633384 0.487500 0.635464 0.487500 0.647944 0.478125 0.647944 0.476562 0.650024 0.475000 0.650024 0.473437 0.654185 0.470312 0.660425 0.470312 0.660425 0.426562 0.654185 0.426562 0.650024 0.423437 0.650024 0.421875 0.635464 0.410937 0.633384 0.410937 0.627144 0.406250 0.625063 0.406250 0.622983 0.404687 0.620903 0.404687 0.616743 0.401562 0.616743 0.396875
0 0.310972 0.409375 0.310972 0.415625 0.308892 0.417187 0.306812 0.417187 0.304731 0.418750 0.302651 0.418750 0.300571 0.420312 0.298491 0.420312 0.294331 0.423437 0.292251 0.423437 0.281851 0.431250 0.281851 0.432812 0.275610 0.437500 0.275610 0.439062 0.273530 0.440625 0.273530 0.442187 0.271450 0.443750 0.271450 0.445312 0.269370 0.446875 0.263130 0.446875 0.263130 0.479687 0.269370 0.479687 0.273530 0.482812 0.273530 0.484375 0.275610 0.485937 0.275610 0.487500 0.279770 0.490625 0.279770 0.492188 0.294331 0.503125 0.296411 0.503125 0.300571 0.506250 0.302651 0.506250 0.306812 0.509375 0.306812 0.514062 0.371294 0.514062 0.371294 0.509375 0.377534 0.504687 0.379614 0.504687 0.394175 0.493750 0.394175 0.492188 0.398335 0.489062 0.398335 0.487500 0.400415 0.485937 0.400415 0.482812 0.404575 0.479687 0.410815 0.479687 0.410815 0.442187 0.404575 0.442187 0.400415 0.439062 0.400415 0.437500 0.398335 0.435937 0.398335 0.434375 0.392095 0.429688 0.392095 0.428125 0.387935 0.425000 0.385854 0.425000 0.379614 0.420312 0.377534 0.420312 0.375454 0.418750 0.373374 0.418750 0.371294 0.417187 0.369214 0.417187 0.365054 0.414062 0.365054 0.409375
1 0.583462 0.496875 0.583462 0.501562 0.579302 0.504687 0.575142 0.504687 0.568901 0.509375 0.564741 0.509375 0.550181 0.520312 0.550181 0.521875 0.543940 0.526562 0.543940 0.528125 0.539780 0.531250 0.539780 0.532812 0.537700 0.534375 0.529380 0.534375 0.529380 0.570312 0.535620 0.570312 0.546021 0.578125 0.548101 0.578125 0.552261 0.581250 0.554341 0.581250 0.556421 0.582812 0.558501 0.582812 0.560581 0.584375 0.562661 0.584375 0.566821 0.587500 0.570981 0.587500 0.573062 0.589062 0.575142 0.589062 0.577222 0.590625 0.577222 0.595312 0.635464 0.595312 0.635464 0.590625 0.639624 0.587500 0.643784 0.587500 0.645864 0.585937 0.647944 0.585937 0.650024 0.584375 0.652104 0.584375 0.656265 0.581250 0.658345 0.581250 0.668745 0.573437 0.677065 0.573437 0.677065 0.534375 0.670825 0.534375 0.666665 0.531250 0.666665 0.529687 0.664585 0.528125 0.664585 0.526562 0.662505 0.525000 0.662505 0.523437 0.658345 0.520312 0.658345 0.518750 0.645864 0.509375 0.643784 0.509375 0.639624 0.506250 0.637544 0.506250 0.631304 0.501562 0.631304 0.496875
1 0.431616 0.371875 0.431616 0.378125 0.427456 0.381250 0.425376 0.381250 0.423296 0.382812 0.423296 0.384375 0.421216 0.385937 0.421216 0.387500 0.419136 0.389062 0.419136 0.390625 0.417056 0.392187 0.417056 0.393750 0.414976 0.395312 0.414976 0.396875 0.410815 0.400000 0.404575 0.400000 0.404575 0.434375 0.410815 0.434375 0.414976 0.437500 0.414976 0.440625 0.419136 0.443750 0.421216 0.443750 0.423296 0.445312 0.423296 0.446875 0.425376 0.448437 0.427456 0.448437 0.435776 0.454687 0.437856 0.454687 0.439936 0.456250 0.442017 0.456250 0.444097 0.457812 0.446177 0.457812 0.448257 0.459375 0.448257 0.464062 0.481538 0.464062 0.481538 0.459375 0.483618 0.457812 0.485698 0.457812 0.487778 0.456250 0.491938 0.456250 0.494019 0.454687 0.496099 0.454687 0.498179 0.453125 0.500259 0.453125 0.504419 0.450000 0.506499 0.450000 0.516899 0.442187 0.516899 0.440625 0.518979 0.439062 0.527300 0.439062 0.527300 0.393750 0.521060 0.393750 0.514819 0.389062 0.514819 0.387500 0.506499 0.381250 0.506499 0.379687 0.504419 0.378125 0.504419 0.371875
0 0.454497 0.259375 0.454497 0.264062 0.450337 0.267187 0.448257 0.267187 0.444097 0.270312 0.442017 0.270312 0.433696 0.276562 0.433696 0.278125 0.431616 0.279687 0.431616 0.281250 0.429536 0.282812 0.421216 0.282812 0.421216 0.331250 0.427456 0.331250 0.433696 0.335938 0.433696 0.337500 0.444097 0.345312 0.446177 0.345312 0.450337 0.348437 0.452417 0.348437 0.454497 0.350000 0.458657 0.350000 0.462817 0.353125 0.462817 0.357812 0.500259 0.357812 0.500259 0.353125 0.506499 0.348437 0.508579 0.348437 0.518979 0.340625 0.518979 0.339062 0.521060 0.337500 0.521060 0.335938 0.525220 0.332812 0.525220 0.331250 0.529380 0.328125 0.529380 0.326562 0.537700 0.320312 0.543940 0.320312 0.543940 0.285937 0.537700 0.285937 0.533540 0.282812 0.533540 0.281250 0.529380 0.278125 0.529380 0.276562 0.527300 0.275000 0.525220 0.275000 0.516899 0.268750 0.514819 0.268750 0.512739 0.267187 0.510659 0.267187 0.506499 0.264062 0.506499 0.259375
1 0.679145 0.309375 0.679145 0.314062 0.674985 0.317187 0.672905 0.317187 0.668745 0.320312 0.666665 0.320312 0.658345 0.326562 0.658345 0.328125 0.656265 0.329687 0.656265 0.331250 0.652104 0.334375 0.652104 0.335938 0.650024 0.337500 0.650024 0.340625 0.647944 0.342187 0.647944 0.343750 0.643784 0.346875 0.637544 0.346875 0.637544 0.371875 0.643784 0.371875 0.647944 0.375000 0.647944 0.378125 0.650024 0.379687 0.650024 0.381250 0.670825 0.396875 0.672905 0.396875 0.674985 0.398438 0.679145 0.398438 0.681226 0.400000 0.683306 0.400000 0.687466 0.403125 0.687466 0.407812 0.712427 0.407812 0.712427 0.403125 0.716587 0.400000 0.718667 0.400000 0.720747 0.398438 0.724907 0.398438 0.726987 0.396875 0.731147 0.396875 0.735308 0.393750 0.737388 0.393750 0.741548 0.390625 0.743628 0.390625 0.745708 0.389062 0.745708 0.387500 0.754028 0.381250 0.760269 0.381250 0.760269 0.332812 0.754028 0.332812 0.751948 0.331250 0.751948 0.329687 0.749868 0.328125 0.749868 0.326562 0.739468 0.318750 0.737388 0.318750 0.735308 0.317187 0.733227 0.317187 0.731147 0.315625 0.731147 0.309375
2 0.702026 0.453125 0.702026 0.457812 0.697866 0.460938 0.695786 0.460938 0.693706 0.462500 0.691626 0.462500 0.689546 0.464062 0.687466 0.464062 0.679145 0.470312 0.677065 0.470312 0.677065 0.471875 0.672905 0.475000 0.672905 0.476562 0.670825 0.478125 0.662505 0.478125 0.662505 0.531250 0.668745 0.531250 0.672905 0.534375 0.672905 0.535937 0.674985 0.537500 0.674985 0.539062 0.679145 0.542187 0.679145 0.543750 0.691626 0.553125 0.693706 0.553125 0.695786 0.554687 0.697866 0.554687 0.699946 0.556250 0.702026 0.556250 0.704106 0.557812 0.706186 0.557812 0.708267 0.559375 0.708267 0.564062 0.739468 0.564062 0.739468 0.559375 0.741548 0.557812 0.743628 0.557812 0.745708 0.556250 0.749868 0.556250 0.751948 0.554687 0.756108 0.554687 0.758188 0.553125 0.760269 0.553125 0.762349 0.551562 0.764429 0.551562 0.770669 0.546875 0.772749 0.546875 0.774829 0.545312 0.774829 0.543750 0.776909 0.542187 0.778989 0.542187 0.781069 0.540625 0.781069 0.539062 0.787310 0.534375 0.793550 0.534375 0.793550 0.484375 0.787310 0.484375 0.781069 0.479687 0.781069 0.478125 0.774829 0.473437 0.774829 0.471875 0.764429 0.464062 0.762349 0.464062 0.760269 0.462500 0.758188 0.462500 0.756108 0.460938 0.754028 0.460938 0.749868 0.457812 0.749868 0.453125
2 0.521060 0.303125 0.521060 0.376562 0.527300 0.376562 0.533540 0.381250 0.533540 0.382812 0.543940 0.390625 0.546021 0.390625 0.548101 0.392187 0.550181 0.392187 0.552261 0.393750 0.554341 0.393750 0.558501 0.396875 0.558501 0.401562 0.602183 0.401562 0.602183 0.396875 0.606343 0.393750 0.608423 0.393750 0.610503 0.392187 0.612583 0.392187 0.614663 0.390625 0.616743 0.390625 0.625063 0.384375 0.625063 0.382812 0.629224 0.379687 0.629224 0.378125 0.631304 0.376562 0.631304 0.375000 0.637544 0.370312 0.643784 0.370312 0.643784 0.335938 0.637544 0.335938 0.633384 0.332812 0.633384 0.331250 0.631304 0.329687 0.631304 0.328125 0.629224 0.326562 0.629224 0.325000 0.612583 0.312500 0.610503 0.312500 0.608423 0.310937 0.606343 0.310937 0.602183 0.307813 0.602183 0.303125 0.566821 0.303125 0.566821 0.307813 0.562661 0.310937 0.558501 0.310937 0.556421 0.312500 0.554341 0.312500 0.552261 0.314062 0.550181 0.314062 0.543940 0.318750 0.537700 0.318750 0.533540 0.315625 0.533540 0.314062 0.537700 0.310937 0.537700 0.303125
1 0.980757 0.590625 0.980757 0.595312 0.976597 0.598437 0.972437 0.598437 0.970356 0.600000 0.968276 0.600000 0.964116 0.603125 0.962036 0.603125 0.951636 0.610937 0.949556 0.610937 0.949556 0.612500 0.943315 0.617188 0.943315 0.618750 0.939155 0.621875 0.939155 0.623438 0.932915 0.628125 0.932915 0.629687 0.930835 0.631250 0.930835 0.632812 0.926675 0.635937 0.920435 0.635937 0.920435 0.703125 0.926675 0.703125 0.930835 0.706250 0.930835 0.707812 0.937075 0.712500 0.937075 0.714062 0.945395 0.720312 0.945395 0.721875 0.949556 0.725000 0.951636 0.725000 0.966196 0.735937 0.968276 0.735937 0.974517 0.740625 0.976597 0.740625 0.978677 0.742188 0.982837 0.742188 0.984917 0.743750 0.986997 0.743750 0.991157 0.746875 0.991157 0.751562 1.000000 0.751562 1.000000 0.590625
1 0.000000 0.471875 0.000000 0.601562 0.059282 0.601562 0.059282 0.596875 0.063442 0.593750 0.065522 0.593750 0.067603 0.592187 0.069683 0.592187 0.071763 0.590625 0.073843 0.590625 0.075923 0.589062 0.086323 0.589062 0.086323 0.496875 0.080083 0.496875 0.075923 0.493750 0.075923 0.492188 0.073843 0.490625 0.073843 0.489062 0.065522 0.482812 0.065522 0.481250 0.059282 0.476562 0.059282 0.471875
1 0.824751 0.590625 0.824751 0.595312 0.818511 0.600000 0.816431 0.600000 0.803950 0.609375 0.801870 0.609375 0.789390 0.618750 0.787310 0.618750 0.764429 0.635937 0.764429 0.637500 0.762349 0.639062 0.754028 0.639062 0.754028 0.687500 0.760269 0.687500 0.762349 0.689062 0.762349 0.690625 0.764429 0.692187 0.764429 0.693750 0.766509 0.695312 0.766509 0.696875 0.764429 0.698437 0.764429 0.701562 0.762349 0.703125 0.754028 0.703125 0.754028 0.718750 0.760269 0.718750 0.772749 0.728125 0.774829 0.728125 0.776909 0.729687 0.801870 0.729687 0.803950 0.728125 0.806030 0.729687 0.822671 0.729687 0.824751 0.731250 0.833071 0.731250 0.835151 0.732812 0.841392 0.732812 0.843472 0.734375 0.851792 0.734375 0.853872 0.735937 0.855952 0.735937 0.862192 0.740625 0.864272 0.740625 0.868433 0.743750 0.868433 0.745312 0.870513 0.746875 0.870513 0.751562 0.914194 0.751562 0.914194 0.745312 0.916274 0.743750 0.918354 0.743750 0.920435 0.742188 0.926675 0.742188 0.926675 0.637500 0.920435 0.637500 0.916274 0.634375 0.916274 0.631250 0.914194 0.629687 0.914194 0.628125 0.912114 0.626562 0.912114 0.625000 0.905874 0.620312 0.905874 0.618750 0.899634 0.614062 0.899634 0.612500 0.897554 0.610937 0.897554 0.609375 0.893394 0.606250 0.893394 0.604687 0.891313 0.603125 0.891313 0.601562 0.882993 0.595312 0.882993 0.590625
0 0.521060 0.704687 0.512739 0.704687 0.508579 0.701562 0.508579 0.700000 0.504419 0.696875 0.496099 0.696875 0.496099 0.714062 0.523140 0.714062 0.523140 0.709375 0.521060 0.707812 0.521060 0.704687 0.521060 0.700000 0.527300 0.700000 0.533540 0.704687 0.537700 0.704687 0.539780 0.706250 0.548101 0.706250 0.550181 0.707812 0.554341 0.707812 0.556421 0.709375 0.556421 0.714062 0.593862 0.714062 0.593862 0.709375 0.598022 0.706250 0.602183 0.706250 0.604263 0.704687 0.606343 0.704687 0.608423 0.703125 0.610503 0.703125 0.612583 0.701562 0.614663 0.701562 0.618823 0.698437 0.620903 0.698437 0.639624 0.684375 0.639624 0.682812 0.643784 0.679688 0.643784 0.678125 0.645864 0.676562 0.645864 0.675000 0.650024 0.671875 0.650024 0.670312 0.654185 0.667187 0.654185 0.665625 0.656265 0.664062 0.656265 0.662500 0.658345 0.660937 0.658345 0.657812 0.662505 0.654687 0.668745 0.654687 0.668745 0.629687 0.662505 0.629687 0.660425 0.628125 0.660425 0.626562 0.658345 0.625000 0.658345 0.621875 0.656265 0.620312 0.656265 0.618750 0.654185 0.617188 0.654185 0.615625 0.652104 0.614062 0.652104 0.612500 0.645864 0.607813 0.645864 0.606250 0.643784 0.606250 0.633384 0.598437 0.631304 0.598437 0.627144 0.595312 0.627144 0.590625 0.539780 0.590625 0.539780 0.595312 0.535620 0.598437 0.533540 0.598437 0.531460 0.600000 0.529380 0.600000 0.525220 0.603125 0.523140 0.603125 0.518979 0.606250 0.516899 0.606250 0.510659 0.610937 0.510659 0.612500 0.506499 0.615625 0.506499 0.617188 0.502339 0.620312 0.496099 0.620312 0.496099 0.681250 0.502339 0.681250 0.506499 0.684375 0.506499 0.685937 0.508579 0.687500 0.510659 0.687500 0.514819 0.690625 0.514819 0.692187 0.516899 0.693750 0.516899 0.695312 0.521060 0.698437 0.521060 0.700000
2 0.204888 0.509375 0.204888 0.514062 0.200728 0.517187 0.198647 0.517187 0.194487 0.520312 0.192407 0.520312 0.175767 0.532812 0.175767 0.534375 0.171606 0.537500 0.163286 0.537500 0.163286 0.589062 0.169526 0.589062 0.175767 0.593750 0.175767 0.595312 0.190327 0.606250 0.192407 0.606250 0.196567 0.609375 0.198647 0.609375 0.202808 0.612500 0.206968 0.612500 0.211128 0.615625 0.211128 0.620312 0.263130 0.620312 0.263130 0.615625 0.267290 0.612500 0.271450 0.612500 0.294331 0.595312 0.294331 0.593750 0.298491 0.590625 0.298491 0.589062 0.304731 0.584375 0.310972 0.584375 0.310972 0.545312 0.304731 0.545312 0.298491 0.540625 0.298491 0.539062 0.296411 0.537500 0.296411 0.535937 0.279770 0.523437 0.277690 0.523437 0.273530 0.520312 0.271450 0.520312 0.269370 0.518750 0.267290 0.518750 0.261050 0.514062 0.261050 0.509375
1 0.105044 0.215625 0.105044 0.220312 0.100884 0.223437 0.098804 0.223437 0.096724 0.225000 0.094644 0.225000 0.092563 0.226562 0.092563 0.228125 0.090483 0.229687 0.088403 0.229687 0.084243 0.232812 0.084243 0.234375 0.080083 0.237500 0.071763 0.237500 0.071763 0.281250 0.080083 0.281250 0.086323 0.285937 0.086323 0.287500 0.107124 0.303125 0.115444 0.303125 0.117524 0.301562 0.119604 0.301562 0.121685 0.300000 0.123765 0.301562 0.125845 0.301562 0.130005 0.304688 0.132085 0.304688 0.136245 0.307813 0.136245 0.314062 0.163286 0.314062 0.163286 0.307813 0.165366 0.306250 0.167446 0.306250 0.169526 0.304688 0.171606 0.304688 0.179927 0.298437 0.182007 0.298437 0.184087 0.296875 0.184087 0.295312 0.188247 0.292187 0.194487 0.292187 0.194487 0.248437 0.186167 0.248437 0.184087 0.246875 0.184087 0.245312 0.179927 0.242188 0.179927 0.240625 0.165366 0.229687 0.163286 0.229687 0.154966 0.223437 0.152886 0.223437 0.148726 0.220312 0.148726 0.215625
2 0.352573 0.315625 0.352573 0.320312 0.350493 0.321875 0.348413 0.321875 0.346333 0.323437 0.342173 0.323437 0.340093 0.325000 0.338013 0.325000 0.335933 0.326562 0.333853 0.326562 0.329692 0.329687 0.327612 0.329687 0.308892 0.343750 0.308892 0.345312 0.306812 0.346875 0.306812 0.348437 0.302651 0.351562 0.296411 0.351562 0.296411 0.381250 0.302651 0.381250 0.308892 0.385937 0.308892 0.387500 0.310972 0.387500 0.313052 0.389062 0.313052 0.390625 0.315132 0.392187 0.315132 0.395312 0.325532 0.403125 0.327612 0.403125 0.329692 0.404687 0.331772 0.404687 0.333853 0.406250 0.335933 0.406250 0.338013 0.407812 0.340093 0.407812 0.342173 0.409375 0.342173 0.414062 0.392095 0.414062 0.392095 0.409375 0.414976 0.392187 0.414976 0.390625 0.417056 0.389062 0.417056 0.385937 0.421216 0.382812 0.427456 0.382812 0.427456 0.346875 0.421216 0.346875 0.414976 0.342187 0.414976 0.340625 0.406655 0.334375 0.406655 0.332812 0.398335 0.326562 0.396255 0.326562 0.394175 0.325000 0.390015 0.325000 0.387935 0.323437 0.385854 0.323437 0.381694 0.320312 0.381694 0.315625
1 0.862192 0.909375 0.862192 0.920312 0.860112 0.921875 0.860112 0.932812 0.851792 0.939062 0.845552 0.939062 0.845552 0.998437 1.000000 0.998437 1.000000 0.909375
2 0.460737 0.615625 0.460737 0.620312 0.458657 0.621875 0.456577 0.621875 0.454497 0.623438 0.452417 0.623438 0.450337 0.625000 0.448257 0.625000 0.446177 0.626562 0.439936 0.626562 0.437856 0.628125 0.435776 0.628125 0.433696 0.629687 0.431616 0.629687 0.427456 0.632812 0.425376 0.632812 0.417056 0.639062 0.414976 0.639062 0.414976 0.640625 0.406655 0.646875 0.406655 0.648438 0.402495 0.651562 0.402495 0.653125 0.400415 0.654687 0.400415 0.657812 0.398335 0.659375 0.398335 0.668750 0.396255 0.670312 0.396255 0.682812 0.398335 0.684375 0.398335 0.689062 0.400415 0.690625 0.400415 0.701562 0.402495 0.703125 0.402495 0.704687 0.404575 0.706250 0.404575 0.707812 0.408735 0.710938 0.408735 0.712500 0.410815 0.714062 0.410815 0.715625 0.412896 0.715625 0.417056 0.718750 0.417056 0.720312 0.419136 0.721875 0.421216 0.721875 0.429536 0.728125 0.433696 0.728125 0.435776 0.729687 0.437856 0.729687 0.439936 0.731250 0.442017 0.731250 0.444097 0.732812 0.444097 0.739062 0.512739 0.739062 0.512739 0.734375 0.518979 0.729687 0.521060 0.729687 0.523140 0.728125 0.525220 0.728125 0.537700 0.718750 0.543940 0.718750 0.543940 0.690625 0.535620 0.690625 0.533540 0.689062 0.535620 0.687500 0.543940 0.687500 0.543940 0.615625 0.502339 0.615625 0.502339 0.621875 0.498179 0.625000 0.494019 0.625000 0.491938 0.623438 0.489858 0.623438 0.487778 0.621875 0.487778 0.615625
1 0.789390 0.959375 0.789390 0.965625 0.787310 0.967187 0.783149 0.967187 0.778989 0.970312 0.776909 0.970312 0.772749 0.973437 0.770669 0.973437 0.768589 0.975000 0.766509 0.975000 0.756108 0.982812 0.754028 0.982812 0.751948 0.984375 0.751948 0.985937 0.747788 0.989062 0.745708 0.989062 0.743628 0.990625 0.737388 0.990625 0.737388 0.998437 0.876753 0.998437 0.876753 0.959375
2 0.481538 0.453125 0.481538 0.457812 0.475298 0.462500 0.473218 0.462500 0.466978 0.467187 0.462817 0.467187 0.458657 0.470312 0.454497 0.470312 0.452417 0.471875 0.446177 0.471875 0.444097 0.473437 0.442017 0.473437 0.439936 0.475000 0.437856 0.475000 0.419136 0.489062 0.412896 0.489062 0.412896 0.525000 0.419136 0.525000 0.427456 0.531250 0.429536 0.531250 0.435776 0.535937 0.439936 0.535937 0.442017 0.537500 0.450337 0.537500 0.452417 0.539062 0.454497 0.539062 0.462817 0.545312 0.462817 0.551562 0.523140 0.551562 0.523140 0.546875 0.537700 0.535937 0.537700 0.534375 0.541860 0.531250 0.541860 0.529687 0.548101 0.525000 0.548101 0.523437 0.554341 0.518750 0.554341 0.515625 0.562661 0.509375 0.568901 0.509375 0.568901 0.471875 0.552261 0.471875 0.550181 0.470312 0.546021 0.470312 0.541860 0.467187 0.539780 0.467187 0.535620 0.464062 0.523140 0.464062 0.521060 0.462500 0.504419 0.462500 0.502339 0.460938 0.500259 0.460938 0.496099 0.457812 0.496099 0.453125
1 0.991157 0.259375 0.991157 0.265625 0.986997 0.268750 0.986997 0.270312 0.980757 0.275000 0.980757 0.276562 0.972437 0.282812 0.972437 0.284375 0.970356 0.285937 0.968276 0.285937 0.951636 0.298437 0.951636 0.300000 0.941235 0.307813 0.941235 0.309375 0.939155 0.310937 0.939155 0.312500 0.934995 0.315625 0.928755 0.315625 0.928755 0.342187 0.934995 0.342187 0.939155 0.345312 0.939155 0.346875 0.941235 0.348437 0.941235 0.350000 0.943315 0.351562 0.943315 0.353125 0.947476 0.356250 0.947476 0.357812 0.949556 0.359375 0.949556 0.360937 0.955796 0.365625 0.955796 0.367188 0.957876 0.368750 0.957876 0.370312 0.976597 0.384375 0.978677 0.384375 0.980757 0.385937 0.982837 0.385937 0.986997 0.389062 0.989077 0.389062 0.991157 0.390625 0.991157 0.395312 1.000000 0.395312 1.000000 0.259375