1 0.562144 0.496875 0.562144 0.503125 0.568384 0.507812 0.568384 0.509375 0.593345 0.528125 0.593345 0.529687 0.595425 0.531250 0.603745 0.531250 0.603745 0.587500 0.597505 0.587500 0.593345 0.590625 0.593345 0.593750 0.591265 0.595312 0.591265 0.596875 0.572544 0.610937 0.570464 0.610937 0.566304 0.614062 0.564224 0.614062 0.560064 0.617188 0.557983 0.617188 0.555903 0.618750 0.553823 0.618750 0.549663 0.621875 0.549663 0.626562 0.495581 0.626562 0.495581 0.621875 0.491421 0.618750 0.489341 0.618750 0.487261 0.617188 0.485181 0.617188 0.483101 0.615625 0.481021 0.615625 0.478940 0.614062 0.476860 0.614062 0.474780 0.612500 0.472700 0.612500 0.468540 0.609375 0.466460 0.609375 0.449819 0.596875 0.449819 0.595312 0.445659 0.592187 0.445659 0.590625 0.441499 0.587500 0.441499 0.585937 0.437339 0.582812 0.431099 0.582812 0.431099 0.534375 0.437339 0.534375 0.441499 0.531250 0.441499 0.529687 0.443579 0.528125 0.443579 0.526562 0.449819 0.521875 0.449819 0.520312 0.462300 0.510937 0.464380 0.510937 0.472700 0.504687 0.474780 0.504687 0.478940 0.501562 0.478940 0.496875
0 0.349976 0.496875 0.349976 0.501562 0.354136 0.504687 0.356216 0.504687 0.358296 0.506250 0.360376 0.506250 0.362456 0.507812 0.364536 0.507812 0.366616 0.509375 0.368696 0.509375 0.370776 0.510937 0.372856 0.510937 0.377017 0.514062 0.379097 0.514062 0.395737 0.526562 0.395737 0.528125 0.399897 0.531250 0.399897 0.532812 0.406138 0.537500 0.412378 0.537500 0.412378 0.595312 0.404058 0.595312 0.401978 0.596875 0.401978 0.598437 0.399897 0.600000 0.399897 0.601562 0.395737 0.604687 0.395737 0.606250 0.374937 0.621875 0.372856 0.621875 0.368696 0.625000 0.366616 0.625000 0.364536 0.626562 0.364536 0.632812 0.289653 0.632812 0.289653 0.626562 0.287573 0.625000 0.285493 0.625000 0.283413 0.623438 0.281333 0.623438 0.277173 0.620312 0.275093 0.620312 0.266773 0.614062 0.264692 0.614062 0.252212 0.604687 0.252212 0.603125 0.248052 0.600000 0.248052 0.598437 0.243892 0.595312 0.243892 0.593750 0.241812 0.592187 0.241812 0.589062 0.237651 0.585937 0.231411 0.585937 0.231411 0.550000 0.237651 0.550000 0.239731 0.548437 0.239731 0.546875 0.241812 0.545312 0.241812 0.542187 0.243892 0.540625 0.243892 0.539062 0.245972 0.537500 0.245972 0.535937 0.248052 0.534375 0.248052 0.532812 0.250132 0.531250 0.250132 0.529687 0.254292 0.526562 0.254292 0.525000 0.268853 0.514062 0.270933 0.514062 0.275093 0.510937 0.277173 0.510937 0.283413 0.506250 0.285493 0.506250 0.287573 0.504687 0.291733 0.504687 0.293814 0.503125 0.295894 0.503125 0.297974 0.501562 0.297974 0.496875
0 0.358296 0.365625 0.358296 0.370312 0.360376 0.371875 0.362456 0.371875 0.364536 0.373437 0.368696 0.373437 0.370776 0.375000 0.372856 0.375000 0.381177 0.381250 0.383257 0.381250 0.393657 0.389062 0.393657 0.390625 0.397817 0.393750 0.397817 0.395312 0.399897 0.396875 0.399897 0.398438 0.401978 0.400000 0.401978 0.403125 0.406138 0.406250 0.412378 0.406250 0.412378 0.440625 0.406138 0.440625 0.401978 0.443750 0.401978 0.445312 0.399897 0.446875 0.399897 0.448437 0.395737 0.451562 0.395737 0.453125 0.389497 0.457812 0.389497 0.459375 0.387417 0.460938 0.385337 0.460938 0.374937 0.468750 0.372856 0.468750 0.368696 0.471875 0.368696 0.476562 0.300054 0.476562 0.300054 0.471875 0.295894 0.468750 0.293814 0.468750 0.289653 0.465625 0.287573 0.465625 0.277173 0.457812 0.277173 0.456250 0.270933 0.451562 0.270933 0.450000 0.268853 0.448437 0.268853 0.446875 0.266773 0.445312 0.266773 0.442187 0.264692 0.440625 0.264692 0.439062 0.262612 0.437500 0.256372 0.437500 0.256372 0.406250 0.262612 0.406250 0.266773 0.403125 0.266773 0.401562 0.268853 0.400000 0.268853 0.396875 0.275093 0.392187 0.275093 0.390625 0.283413 0.384375 0.283413 0.382812 0.285493 0.381250 0.287573 0.381250 0.293814 0.376562 0.295894 0.376562 0.297974 0.375000 0.300054 0.375000 0.306294 0.370312 0.306294 0.365625
0 0.655747 0.803125 0.655747 0.807812 0.659907 0.810937 0.664067 0.810937 0.666147 0.812500 0.670308 0.812500 0.672388 0.814062 0.674468 0.814062 0.678628 0.817187 0.682788 0.817187 0.684868 0.818750 0.686948 0.818750 0.691108 0.821875 0.693188 0.821875 0.697349 0.825000 0.699429 0.825000 0.718149 0.839062 0.718149 0.840625 0.724390 0.845312 0.724390 0.846875 0.728550 0.850000 0.728550 0.851562 0.732710 0.854687 0.732710 0.856250 0.734790 0.857812 0.734790 0.859375 0.738950 0.862500 0.738950 0.864062 0.741030 0.865625 0.741030 0.867188 0.743110 0.868750 0.743110 0.871875 0.747271 0.875000 0.753511 0.875000 0.753511 0.948437 0.747271 0.948437 0.745190 0.950000 0.745190 0.951562 0.743110 0.953125 0.743110 0.956250 0.741030 0.957812 0.741030 0.959375 0.734790 0.964062 0.734790 0.965625 0.726470 0.971875 0.726470 0.973437 0.705669 0.989062 0.703589 0.989062 0.699429 0.992188 0.697349 0.992188 0.695269 0.993750 0.693188 0.993750 0.689028 0.996875 0.689028 0.998437 0.591265 0.998437 0.591265 0.996875 0.589185 0.995312 0.587104 0.995312 0.585024 0.993750 0.582944 0.993750 0.574624 0.987500 0.572544 0.987500 0.551743 0.971875 0.551743 0.970312 0.545503 0.965625 0.545503 0.964062 0.541343 0.960938 0.541343 0.959375 0.539263 0.957812 0.539263 0.956250 0.537183 0.954687 0.537183 0.953125 0.535103 0.951562 0.535103 0.950000 0.533022 0.948437 0.533022 0.946875 0.530942 0.945312 0.530942 0.943750 0.528862 0.942187 0.528862 0.940625 0.526782 0.939062 0.526782 0.937500 0.524702 0.935937 0.524702 0.931250 0.522622 0.929688 0.522622 0.928125 0.520542 0.926562 0.514302 0.926562 0.514302 0.875000 0.520542 0.875000 0.524702 0.871875 0.524702 0.868750 0.526782 0.867188 0.526782 0.864062 0.528862 0.862500 0.528862 0.860937 0.530942 0.859375 0.530942 0.856250 0.533022 0.854687 0.533022 0.853125 0.535103 0.851562 0.535103 0.850000 0.539263 0.846875 0.539263 0.845312 0.541343 0.843750 0.541343 0.842187 0.545503 0.839062 0.545503 0.837500 0.549663 0.834375 0.549663 0.832812 0.553823 0.829687 0.555903 0.829687 0.562144 0.825000 0.564224 0.825000 0.568384 0.821875 0.570464 0.821875 0.574624 0.818750 0.576704 0.818750 0.578784 0.817187 0.580864 0.817187 0.582944 0.815625 0.585024 0.815625 0.587104 0.814062 0.589185 0.814062 0.591265 0.812500 0.593345 0.812500 0.595425 0.810937 0.599585 0.810937 0.603745 0.807812 0.603745 0.803125
1 0.705669 0.578125 0.705669 0.582812 0.709829 0.585937 0.711909 0.585937 0.713989 0.587500 0.716069 0.587500 0.720230 0.590625 0.722310 0.590625 0.726470 0.593750 0.728550 0.593750 0.743110 0.604687 0.743110 0.606250 0.747271 0.609375 0.747271 0.610937 0.751431 0.614062 0.751431 0.615625 0.755591 0.618750 0.761831 0.618750 0.761831 0.676562 0.755591 0.676562 0.749351 0.681250 0.749351 0.682812 0.747271 0.684375 0.747271 0.685937 0.722310 0.704687 0.720230 0.704687 0.718149 0.706250 0.716069 0.706250 0.713989 0.707812 0.713989 0.714062 0.634946 0.714062 0.634946 0.709375 0.630786 0.706250 0.628706 0.706250 0.626626 0.704687 0.624546 0.704687 0.616226 0.698437 0.614146 0.698437 0.603745 0.690625 0.603745 0.689062 0.597505 0.684375 0.597505 0.682812 0.593345 0.679688 0.593345 0.676562 0.587104 0.671875 0.580864 0.671875 0.580864 0.621875 0.587104 0.621875 0.595425 0.615625 0.595425 0.612500 0.597505 0.610937 0.597505 0.609375 0.601665 0.606250 0.601665 0.603125 0.620386 0.589062 0.622466 0.589062 0.624546 0.587500 0.626626 0.587500 0.632866 0.582812 0.632866 0.578125
2 0.651587 0.409375 0.651587 0.414062 0.655747 0.417187 0.657827 0.417187 0.659907 0.418750 0.661987 0.418750 0.666147 0.421875 0.668228 0.421875 0.672388 0.425000 0.674468 0.425000 0.684868 0.432812 0.684868 0.434375 0.691108 0.439062 0.691108 0.440625 0.693188 0.442187 0.693188 0.443750 0.695269 0.445312 0.703589 0.445312 0.703589 0.485937 0.697349 0.485937 0.693188 0.489062 0.693188 0.492188 0.689028 0.495312 0.689028 0.496875 0.682788 0.501562 0.682788 0.503125 0.672388 0.510937 0.670308 0.510937 0.664067 0.515625 0.661987 0.515625 0.659907 0.517187 0.657827 0.517187 0.655747 0.518750 0.651587 0.518750 0.647427 0.521875 0.647427 0.526562 0.603745 0.526562 0.603745 0.521875 0.597505 0.517187 0.591265 0.517187 0.589185 0.515625 0.587104 0.515625 0.585024 0.514062 0.582944 0.514062 0.566304 0.501562 0.566304 0.500000 0.562144 0.496875 0.562144 0.495312 0.560064 0.493750 0.560064 0.492188 0.553823 0.487500 0.547583 0.487500 0.547583 0.445312 0.555903 0.445312 0.557983 0.443750 0.557983 0.442187 0.562144 0.439062 0.562144 0.437500 0.566304 0.434375 0.566304 0.432812 0.578784 0.423437 0.580864 0.423437 0.587104 0.418750 0.589185 0.418750 0.591265 0.417187 0.593345 0.417187 0.595425 0.415625 0.595425 0.409375
1 0.198130 0.434375 0.198130 0.439062 0.202290 0.442187 0.204370 0.442187 0.206450 0.443750 0.208530 0.443750 0.210610 0.445312 0.212690 0.445312 0.216851 0.448437 0.218931 0.448437 0.227251 0.454687 0.229331 0.454687 0.243892 0.465625 0.243892 0.467187 0.245972 0.468750 0.254292 0.468750 0.254292 0.531250 0.248052 0.531250 0.245972 0.532812 0.245972 0.534375 0.243892 0.535937 0.243892 0.537500 0.239731 0.540625 0.239731 0.543750 0.237651 0.545312 0.237651 0.550000 0.235571 0.551562 0.235571 0.554687 0.233491 0.556250 0.233491 0.557812 0.231411 0.559375 0.231411 0.560937 0.229331 0.562500 0.229331 0.565625 0.227251 0.567187 0.227251 0.571875 0.225171 0.573437 0.225171 0.575000 0.223091 0.576562 0.223091 0.578125 0.218931 0.581250 0.218931 0.582812 0.210610 0.589062 0.210610 0.590625 0.183569 0.610937 0.181489 0.610937 0.173169 0.617188 0.171089 0.617188 0.169009 0.618750 0.166929 0.618750 0.164849 0.620312 0.160689 0.620312 0.158608 0.618750 0.139888 0.618750 0.135728 0.621875 0.135728 0.626562 0.098286 0.626562 0.098286 0.554687 0.104526 0.554687 0.110767 0.559375 0.110767 0.562500 0.114927 0.565625 0.117007 0.565625 0.119087 0.564062 0.119087 0.562500 0.121167 0.560937 0.121167 0.550000 0.123247 0.548437 0.123247 0.529687 0.121167 0.528125 0.121167 0.518750 0.119087 0.517187 0.119087 0.507812 0.117007 0.506250 0.117007 0.501562 0.112847 0.498437 0.108687 0.501562 0.108687 0.503125 0.106606 0.503125 0.104526 0.504687 0.098286 0.504687 0.098286 0.434375 0.106606 0.434375 0.106606 0.439062 0.112847 0.443750 0.114927 0.443750 0.117007 0.442187 0.121167 0.442187 0.125327 0.439062 0.125327 0.434375
1 0.651587 0.409375 0.651587 0.414062 0.655747 0.417187 0.657827 0.417187 0.659907 0.418750 0.661987 0.418750 0.668228 0.423437 0.670308 0.423437 0.674468 0.426562 0.676548 0.426562 0.676548 0.428125 0.678628 0.429688 0.680708 0.429688 0.682788 0.431250 0.682788 0.432812 0.689028 0.437500 0.689028 0.439062 0.691108 0.440625 0.691108 0.442187 0.697349 0.446875 0.703589 0.446875 0.703589 0.485937 0.697349 0.485937 0.693188 0.489062 0.693188 0.490625 0.691108 0.492188 0.691108 0.493750 0.689028 0.495312 0.689028 0.496875 0.682788 0.501562 0.682788 0.503125 0.670308 0.512500 0.668228 0.512500 0.664067 0.515625 0.661987 0.515625 0.659907 0.517187 0.657827 0.517187 0.655747 0.518750 0.653667 0.518750 0.651587 0.520312 0.649507 0.520312 0.647427 0.521875 0.647427 0.526562 0.603745 0.526562 0.603745 0.520312 0.601665 0.518750 0.599585 0.518750 0.597505 0.517187 0.591265 0.517187 0.589185 0.515625 0.587104 0.515625 0.585024 0.514062 0.582944 0.514062 0.572544 0.506250 0.572544 0.504687 0.568384 0.501562 0.566304 0.501562 0.566304 0.500000 0.562144 0.496875 0.562144 0.495312 0.560064 0.493750 0.560064 0.492188 0.553823 0.487500 0.547583 0.487500 0.547583 0.446875 0.553823 0.446875 0.560064 0.442187 0.560064 0.440625 0.562144 0.439062 0.562144 0.437500 0.568384 0.432812 0.568384 0.431250 0.578784 0.423437 0.580864 0.423437 0.587104 0.418750 0.589185 0.418750 0.591265 0.417187 0.593345 0.417187 0.597505 0.414062 0.597505 0.409375
2 0.705669 0.578125 0.705669 0.582812 0.709829 0.585937 0.711909 0.585937 0.713989 0.587500 0.716069 0.587500 0.720230 0.590625 0.722310 0.590625 0.726470 0.593750 0.728550 0.593750 0.743110 0.604687 0.743110 0.606250 0.747271 0.609375 0.747271 0.610937 0.751431 0.614062 0.751431 0.615625 0.755591 0.618750 0.761831 0.618750 0.761831 0.676562 0.755591 0.676562 0.749351 0.681250 0.749351 0.682812 0.747271 0.684375 0.747271 0.685937 0.722310 0.704687 0.720230 0.704687 0.718149 0.706250 0.716069 0.706250 0.713989 0.707812 0.713989 0.714062 0.634946 0.714062 0.634946 0.709375 0.630786 0.706250 0.628706 0.706250 0.624546 0.703125 0.622466 0.703125 0.614146 0.696875 0.612065 0.696875 0.603745 0.690625 0.603745 0.689062 0.599585 0.685937 0.599585 0.684375 0.595425 0.681250 0.595425 0.679688 0.593345 0.678125 0.593345 0.676562 0.591265 0.675000 0.591265 0.673437 0.589185 0.671875 0.580864 0.671875 0.580864 0.623438 0.591265 0.623438 0.595425 0.626562 0.597505 0.626562 0.599585 0.625000 0.599585 0.623438 0.603745 0.620312 0.603745 0.617188 0.601665 0.615625 0.603745 0.614062 0.603745 0.612500 0.605825 0.612500 0.607905 0.610937 0.612065 0.610937 0.614146 0.609375 0.609985 0.606250 0.605825 0.606250 0.603745 0.604687 0.603745 0.603125 0.605825 0.601562 0.607905 0.601562 0.612065 0.598437 0.612065 0.595312 0.614146 0.595312 0.624546 0.587500 0.626626 0.587500 0.628706 0.585937 0.630786 0.585937 0.632866 0.584375 0.632866 0.578125
1 0.029644 0.509375 0.029644 0.514062 0.031724 0.515625 0.035884 0.515625 0.037964 0.517187 0.042124 0.517187 0.044204 0.518750 0.046284 0.518750 0.048364 0.520312 0.050444 0.520312 0.052524 0.521875 0.054605 0.521875 0.056685 0.523437 0.060845 0.523437 0.062925 0.525000 0.065005 0.525000 0.071245 0.529687 0.073325 0.529687 0.081646 0.535937 0.083726 0.535937 0.094126 0.543750 0.094126 0.545312 0.106606 0.554687 0.106606 0.556250 0.110767 0.559375 0.110767 0.560937 0.112847 0.562500 0.112847 0.564062 0.119087 0.568750 0.119087 0.570312 0.121167 0.571875 0.121167 0.575000 0.125327 0.578125 0.127407 0.578125 0.127407 0.579687 0.129487 0.581250 0.129487 0.582812 0.131567 0.584375 0.137808 0.584375 0.137808 0.667187 0.131567 0.667187 0.127407 0.670312 0.127407 0.673437 0.123247 0.676562 0.123247 0.679688 0.121167 0.681250 0.121167 0.682812 0.119087 0.684375 0.119087 0.685937 0.114927 0.689062 0.114927 0.690625 0.110767 0.693750 0.110767 0.695312 0.096206 0.706250 0.094126 0.706250 0.008843 0.770312 0.008843 0.776562 0.000000 0.776562 0.000000 0.509375
2 0.193970 0.928125 0.193970 0.932812 0.198130 0.935937 0.198130 0.937500 0.200210 0.939062 0.200210 0.943750 0.202290 0.945312 0.202290 0.948437 0.204370 0.950000 0.204370 0.951562 0.206450 0.953125 0.206450 0.954687 0.208530 0.956250 0.208530 0.960938 0.210610 0.962500 0.210610 0.970312 0.214771 0.973437 0.221011 0.973437 0.221011 0.998437 0.152368 0.998437 0.152368 0.995312 0.150288 0.993750 0.150288 0.984375 0.148208 0.982812 0.148208 0.979687 0.146128 0.978125 0.139888 0.978125 0.139888 0.950000 0.146128 0.950000 0.150288 0.946875 0.150288 0.943750 0.152368 0.942187 0.152368 0.940625 0.162769 0.932812 0.162769 0.928125