0 0.699429 0.496875 0.699429 0.501562 0.703589 0.504687 0.707749 0.504687 0.709829 0.506250 0.711909 0.506250 0.713989 0.507812 0.716069 0.507812 0.720230 0.510937 0.722310 0.510937 0.724390 0.512500 0.726470 0.512500 0.734790 0.518750 0.736870 0.518750 0.741030 0.521875 0.741030 0.523437 0.747271 0.528125 0.753511 0.528125 0.753511 0.584375 0.745190 0.584375 0.743110 0.585937 0.743110 0.587500 0.732710 0.595312 0.732710 0.596875 0.730630 0.596875 0.724390 0.601562 0.722310 0.601562 0.718149 0.604687 0.713989 0.604687 0.711909 0.606250 0.709829 0.606250 0.705669 0.609375 0.705669 0.614062 0.659907 0.614062 0.659907 0.609375 0.655747 0.606250 0.653667 0.606250 0.651587 0.604687 0.647427 0.604687 0.643267 0.601562 0.641187 0.601562 0.634946 0.596875 0.632866 0.596875 0.628706 0.593750 0.628706 0.592187 0.620386 0.585937 0.620386 0.584375 0.618306 0.582812 0.618306 0.581250 0.616226 0.579687 0.616226 0.578125 0.612065 0.575000 0.605825 0.575000 0.605825 0.532812 0.612065 0.532812 0.618306 0.528125 0.618306 0.526562 0.639106 0.510937 0.641187 0.510937 0.645347 0.507812 0.647427 0.507812 0.649507 0.506250 0.651587 0.506250 0.653667 0.504687 0.655747 0.504687 0.657827 0.503125 0.659907 0.503125 0.661987 0.501562 0.661987 0.496875
0 0.618306 0.315625 0.618306 0.320312 0.622466 0.323437 0.624546 0.323437 0.626626 0.325000 0.628706 0.325000 0.639106 0.332812 0.639106 0.334375 0.643267 0.337500 0.643267 0.339062 0.647427 0.342187 0.653667 0.342187 0.653667 0.376562 0.647427 0.376562 0.643267 0.379687 0.643267 0.381250 0.641187 0.382812 0.641187 0.384375 0.628706 0.393750 0.628706 0.395312 0.626626 0.395312 0.622466 0.398438 0.620386 0.398438 0.618306 0.400000 0.616226 0.400000 0.612065 0.403125 0.612065 0.407812 0.572544 0.407812 0.572544 0.403125 0.568384 0.400000 0.566304 0.400000 0.564224 0.398438 0.562144 0.398438 0.557983 0.395312 0.555903 0.395312 0.549663 0.390625 0.549663 0.389062 0.545503 0.385937 0.545503 0.384375 0.543423 0.382812 0.543423 0.381250 0.541343 0.379687 0.541343 0.378125 0.537183 0.375000 0.530942 0.375000 0.530942 0.348437 0.537183 0.348437 0.541343 0.345312 0.541343 0.343750 0.543423 0.342187 0.543423 0.340625 0.545503 0.339062 0.545503 0.337500 0.551743 0.332812 0.551743 0.331250 0.553823 0.329687 0.555903 0.329687 0.564224 0.323437 0.566304 0.323437 0.570464 0.320312 0.570464 0.315625
0 0.474780 0.478125 0.474780 0.482812 0.478940 0.485937 0.481021 0.485937 0.489341 0.492188 0.491421 0.492188 0.495581 0.495312 0.495581 0.496875 0.499741 0.500000 0.499741 0.501562 0.501821 0.503125 0.501821 0.504687 0.505981 0.507812 0.512222 0.507812 0.512222 0.535937 0.505981 0.535937 0.501821 0.539062 0.501821 0.540625 0.493501 0.546875 0.493501 0.548437 0.491421 0.550000 0.491421 0.551562 0.489341 0.553125 0.489341 0.556250 0.485181 0.559375 0.485181 0.560937 0.483101 0.560937 0.478940 0.564062 0.476860 0.564062 0.474780 0.565625 0.474780 0.570312 0.420698 0.570312 0.420698 0.565625 0.416538 0.562500 0.414458 0.562500 0.412378 0.560937 0.410298 0.560937 0.395737 0.550000 0.389497 0.550000 0.389497 0.500000 0.395737 0.500000 0.414458 0.485937 0.416538 0.485937 0.420698 0.482812 0.420698 0.478125
1 0.060845 0.646875 0.060845 0.651562 0.065005 0.654687 0.067085 0.654687 0.071245 0.657812 0.073325 0.657812 0.077485 0.660937 0.079565 0.660937 0.083726 0.664062 0.085806 0.664062 0.094126 0.670312 0.094126 0.671875 0.100366 0.676562 0.100366 0.678125 0.102446 0.679688 0.102446 0.682812 0.106606 0.685937 0.112847 0.685937 0.112847 0.753125 0.106606 0.753125 0.104526 0.754687 0.104526 0.756250 0.102446 0.757812 0.102446 0.760937 0.100366 0.762500 0.100366 0.764062 0.098286 0.765625 0.098286 0.767187 0.096206 0.768750 0.096206 0.770312 0.094126 0.771875 0.094126 0.773438 0.087886 0.778125 0.087886 0.779687 0.075405 0.789062 0.073325 0.789062 0.071245 0.790625 0.069165 0.790625 0.062925 0.795312 0.060845 0.795312 0.058765 0.796875 0.056685 0.796875 0.054605 0.798437 0.052524 0.798437 0.048364 0.801562 0.046284 0.801562 0.044204 0.803125 0.042124 0.803125 0.040044 0.804688 0.033804 0.804688 0.031724 0.806250 0.029644 0.806250 0.027563 0.807812 0.025483 0.807812 0.023403 0.809375 0.023403 0.814062 0.000000 0.814062 0.000000 0.646875
1 0.470620 0.571875 0.470620 0.576562 0.474780 0.579687 0.476860 0.579687 0.485181 0.585937 0.487261 0.585937 0.489341 0.587500 0.489341 0.589062 0.495581 0.593750 0.495581 0.595312 0.499741 0.598437 0.499741 0.600000 0.505981 0.604687 0.512222 0.604687 0.512222 0.654687 0.505981 0.654687 0.497661 0.660937 0.497661 0.662500 0.483101 0.673437 0.481021 0.673437 0.476860 0.676562 0.476860 0.682812 0.406138 0.682812 0.406138 0.676562 0.404058 0.675000 0.404058 0.673437 0.399897 0.670312 0.397817 0.670312 0.395737 0.668750 0.395737 0.667187 0.379097 0.654687 0.379097 0.653125 0.370776 0.646875 0.364536 0.646875 0.364536 0.604687 0.370776 0.604687 0.374937 0.601562 0.374937 0.600000 0.377017 0.598437 0.377017 0.596875 0.383257 0.592187 0.383257 0.590625 0.397817 0.579687 0.399897 0.579687 0.401978 0.578125 0.401978 0.571875
2 0.343735 0.903125 0.343735 0.907812 0.349976 0.912500 0.352056 0.912500 0.366616 0.923437 0.366616 0.925000 0.368696 0.926562 0.368696 0.928125 0.370776 0.929688 0.370776 0.931250 0.374937 0.934375 0.374937 0.937500 0.377017 0.939062 0.377017 0.943750 0.379097 0.945312 0.379097 0.946875 0.381177 0.948437 0.381177 0.951562 0.383257 0.953125 0.383257 0.956250 0.385337 0.957812 0.385337 0.960938 0.387417 0.962500 0.387417 0.964062 0.389497 0.965625 0.395737 0.965625 0.395737 0.998437 0.131567 0.998437 0.131567 0.995312 0.137808 0.995312 0.139888 0.993750 0.141968 0.993750 0.148208 0.989062 0.150288 0.989062 0.152368 0.987500 0.154448 0.987500 0.158608 0.984375 0.160689 0.984375 0.162769 0.982812 0.166929 0.982812 0.169009 0.981250 0.171089 0.981250 0.179409 0.975000 0.181489 0.975000 0.185649 0.971875 0.185649 0.970312 0.193970 0.964062 0.193970 0.962500 0.200210 0.957812 0.200210 0.956250 0.204370 0.953125 0.204370 0.951562 0.210610 0.946875 0.210610 0.945312 0.216851 0.940625 0.216851 0.939062 0.225171 0.932812 0.225171 0.931250 0.239731 0.920312 0.241812 0.920312 0.245972 0.917187 0.248052 0.917187 0.250132 0.915625 0.252212 0.915625 0.254292 0.914062 0.256372 0.914062 0.258452 0.912500 0.262612 0.912500 0.264692 0.910937 0.268853 0.910937 0.273013 0.907812 0.273013 0.903125
2 0.497661 0.384375 0.497661 0.389062 0.501821 0.392187 0.503901 0.392187 0.508062 0.395312 0.510142 0.395312 0.524702 0.406250 0.524702 0.407812 0.530942 0.412500 0.537183 0.412500 0.537183 0.443750 0.530942 0.443750 0.526782 0.446875 0.526782 0.448437 0.524702 0.450000 0.524702 0.451562 0.520542 0.454687 0.520542 0.456250 0.516382 0.459375 0.516382 0.460938 0.514302 0.460938 0.510142 0.464062 0.510142 0.470312 0.437339 0.470312 0.437339 0.464062 0.424858 0.454687 0.424858 0.451562 0.416538 0.445312 0.416538 0.443750 0.414458 0.442187 0.414458 0.440625 0.412378 0.439062 0.406138 0.439062 0.406138 0.415625 0.412378 0.415625 0.416538 0.412500 0.416538 0.410937 0.418618 0.409375 0.418618 0.407812 0.424858 0.403125 0.424858 0.401562 0.435259 0.393750 0.437339 0.393750 0.443579 0.389062 0.443579 0.384375
2 0.335415 0.521875 0.335415 0.526562 0.339575 0.529687 0.341655 0.529687 0.345815 0.532812 0.347896 0.532812 0.354136 0.537500 0.356216 0.537500 0.360376 0.540625 0.360376 0.542187 0.366616 0.546875 0.366616 0.548437 0.368696 0.550000 0.368696 0.551562 0.372856 0.554687 0.379097 0.554687 0.379097 0.595312 0.372856 0.595312 0.368696 0.598437 0.368696 0.600000 0.345815 0.617188 0.343735 0.617188 0.341655 0.618750 0.339575 0.618750 0.335415 0.621875 0.335415 0.626562 0.287573 0.626562 0.287573 0.621875 0.283413 0.618750 0.281333 0.618750 0.277173 0.615625 0.275093 0.615625 0.262612 0.606250 0.262612 0.604687 0.258452 0.601562 0.258452 0.600000 0.254292 0.596875 0.248052 0.596875 0.248052 0.560937 0.254292 0.560937 0.258452 0.557812 0.258452 0.556250 0.260532 0.554687 0.260532 0.553125 0.262612 0.551562 0.262612 0.550000 0.268853 0.545312 0.268853 0.543750 0.279253 0.535937 0.281333 0.535937 0.287573 0.531250 0.289653 0.531250 0.291733 0.529687 0.293814 0.529687 0.297974 0.526562 0.297974 0.521875
1 0.614146 0.428125 0.614146 0.432812 0.618306 0.435937 0.622466 0.435937 0.624546 0.437500 0.626626 0.437500 0.630786 0.440625 0.632866 0.440625 0.637026 0.443750 0.639106 0.443750 0.645347 0.448437 0.645347 0.450000 0.649507 0.453125 0.649507 0.456250 0.653667 0.459375 0.653667 0.462500 0.655747 0.464062 0.661987 0.464062 0.661987 0.465625 0.655747 0.465625 0.651587 0.468750 0.651587 0.470312 0.649507 0.471875 0.649507 0.481250 0.651587 0.482812 0.651587 0.493750 0.649507 0.495312 0.649507 0.496875 0.630786 0.510937 0.628706 0.510937 0.626626 0.512500 0.622466 0.512500 0.620386 0.514062 0.618306 0.514062 0.616226 0.515625 0.616226 0.520312 0.576704 0.520312 0.576704 0.515625 0.572544 0.512500 0.570464 0.512500 0.568384 0.510937 0.566304 0.510937 0.562144 0.507812 0.560064 0.507812 0.549663 0.500000 0.549663 0.498437 0.545503 0.495312 0.539263 0.495312 0.539263 0.456250 0.545503 0.456250 0.549663 0.453125 0.549663 0.451562 0.562144 0.442187 0.564224 0.442187 0.568384 0.439062 0.570464 0.439062 0.572544 0.437500 0.574624 0.437500 0.576704 0.435937 0.578784 0.435937 0.580864 0.434375 0.582944 0.434375 0.585024 0.432812 0.585024 0.428125
1 0.360376 0.384375 0.360376 0.389062 0.364536 0.392187 0.368696 0.392187 0.370776 0.393750 0.372856 0.393750 0.374937 0.395312 0.377017 0.395312 0.383257 0.400000 0.385337 0.400000 0.393657 0.406250 0.393657 0.407812 0.397817 0.410937 0.397817 0.412500 0.401978 0.415625 0.401978 0.418750 0.406138 0.421875 0.412378 0.421875 0.412378 0.442187 0.406138 0.442187 0.401978 0.445312 0.401978 0.448437 0.399897 0.450000 0.399897 0.454687 0.397817 0.456250 0.397817 0.457812 0.393657 0.460938 0.393657 0.462500 0.389497 0.465625 0.387417 0.465625 0.385337 0.467187 0.383257 0.467187 0.381177 0.468750 0.379097 0.468750 0.374937 0.471875 0.374937 0.476562 0.333335 0.476562 0.333335 0.471875 0.329175 0.468750 0.322935 0.468750 0.320855 0.467187 0.316694 0.467187 0.314614 0.465625 0.312534 0.465625 0.302134 0.457812 0.302134 0.456250 0.295894 0.451562 0.289653 0.451562 0.289653 0.414062 0.295894 0.414062 0.302134 0.409375 0.302134 0.407812 0.312534 0.400000 0.314614 0.400000 0.320855 0.395312 0.322935 0.395312 0.325015 0.393750 0.327095 0.393750 0.329175 0.392187 0.333335 0.392187 0.337495 0.389062 0.337495 0.384375
1 0.491421 0.878125 0.491421 0.882812 0.495581 0.885937 0.497661 0.885937 0.499741 0.887500 0.501821 0.887500 0.505981 0.890625 0.508062 0.890625 0.512222 0.893750 0.514302 0.893750 0.518462 0.896875 0.520542 0.896875 0.522622 0.898438 0.524702 0.898438 0.528862 0.901562 0.530942 0.901562 0.533022 0.903125 0.535103 0.903125 0.537183 0.904687 0.541343 0.904687 0.543423 0.906250 0.549663 0.906250 0.551743 0.907812 0.553823 0.907812 0.555903 0.909375 0.557983 0.909375 0.560064 0.910937 0.562144 0.910937 0.564224 0.912500 0.568384 0.912500 0.570464 0.914062 0.572544 0.914062 0.574624 0.915625 0.576704 0.915625 0.578784 0.917187 0.582944 0.917187 0.585024 0.918750 0.587104 0.918750 0.595425 0.925000 0.597505 0.925000 0.597505 0.926562 0.614146 0.939062 0.620386 0.939062 0.620386 0.998437 0.364536 0.998437 0.364536 0.931250 0.372856 0.931250 0.374937 0.932812 0.374937 0.935937 0.377017 0.937500 0.377017 0.940625 0.381177 0.943750 0.383257 0.943750 0.385337 0.942187 0.387417 0.942187 0.389497 0.940625 0.389497 0.931250 0.391577 0.929688 0.391577 0.928125 0.393657 0.926562 0.393657 0.925000 0.395737 0.923437 0.395737 0.921875 0.399897 0.918750 0.399897 0.917187 0.401978 0.915625 0.399897 0.914062 0.399897 0.912500 0.395737 0.909375 0.395737 0.907812 0.399897 0.904687 0.399897 0.903125 0.401978 0.901562 0.404058 0.901562 0.410298 0.896875 0.412378 0.896875 0.414458 0.895312 0.416538 0.895312 0.418618 0.893750 0.420698 0.893750 0.422778 0.892187 0.424858 0.892187 0.429019 0.889062 0.433179 0.889062 0.435259 0.887500 0.439419 0.887500 0.441499 0.885937 0.445659 0.885937 0.447739 0.884375 0.449819 0.884375 0.451899 0.882812 0.451899 0.878125
2 0.597505 0.562500 0.597505 0.579687 0.599585 0.581250 0.599585 0.585937 0.601665 0.587500 0.601665 0.590625 0.599585 0.592187 0.599585 0.593750 0.597505 0.595312 0.597505 0.603125 0.599585 0.604687 0.601665 0.604687 0.603745 0.606250 0.605825 0.606250 0.607905 0.607813 0.607905 0.610937 0.605825 0.612500 0.605825 0.615625 0.595425 0.623438 0.593345 0.623438 0.587104 0.628125 0.587104 0.632812 0.528862 0.632812 0.528862 0.628125 0.522622 0.623438 0.518462 0.623438 0.512222 0.618750 0.512222 0.617188 0.510142 0.615625 0.510142 0.614062 0.508062 0.612500 0.508062 0.610937 0.503901 0.607813 0.501821 0.609375 0.499741 0.609375 0.497661 0.610937 0.497661 0.612500 0.495581 0.614062 0.489341 0.614062 0.489341 0.590625 0.497661 0.590625 0.503901 0.585937 0.503901 0.581250 0.499741 0.578125 0.499741 0.568750 0.497661 0.567187 0.497661 0.550000 0.499741 0.548437 0.499741 0.545312 0.501821 0.545312 0.510142 0.539062 0.510142 0.534375 0.562144 0.534375 0.562144 0.539062 0.568384 0.543750 0.570464 0.543750 0.576704 0.548437 0.578784 0.548437 0.582944 0.551562 0.585024 0.551562 0.585024 0.553125 0.589185 0.556250 0.591265 0.556250 0.595425 0.559375 0.595425 0.560937 0.597505 0.562500 0.607905 0.567187 0.607905 0.551562 0.609985 0.550000 0.609985 0.542187 0.612065 0.540625 0.612065 0.534375 0.620386 0.534375 0.620386 0.575000 0.612065 0.575000 0.612065 0.573437 0.609985 0.571875 0.609985 0.568750 0.607905 0.567187
1 0.741030 0.965625 0.741030 0.970312 0.747271 0.975000 0.753511 0.975000 0.753511 0.998437 0.593345 0.998437 0.593345 0.995312 0.595425 0.993750 0.597505 0.993750 0.612065 0.982812 0.614146 0.982812 0.618306 0.979687 0.620386 0.979687 0.622466 0.978125 0.624546 0.978125 0.626626 0.976562 0.628706 0.976562 0.630786 0.975000 0.634946 0.975000 0.637026 0.973437 0.639106 0.973437 0.641187 0.971875 0.643267 0.971875 0.645347 0.970312 0.645347 0.965625
1 1.000000 0.565625 1.000000 0.701562 0.984399 0.701562 0.984399 0.696875 0.978159 0.692187 0.976079 0.692187 0.969839 0.687500 0.965679 0.687500 0.963599 0.685937 0.959438 0.685937 0.957358 0.684375 0.946958 0.684375 0.946958 0.642187 0.953198 0.642187 0.955278 0.640625 0.955278 0.626562 0.953198 0.625000 0.946958 0.625000 0.946958 0.596875 0.953198 0.596875 0.957358 0.593750 0.957358 0.590625 0.959438 0.589062 0.959438 0.587500 0.961519 0.585937 0.961519 0.584375 0.973999 0.575000 0.976079 0.575000 0.982319 0.570312 0.982319 0.565625