0 0.610938 0.520833 0.610938 0.527083 0.615625 0.533333 0.617188 0.533333 0.623437 0.541667 0.628125 0.541667 0.628125 0.629167 0.623437 0.629167 0.618750 0.635417 0.618750 0.637500 0.617188 0.637500 0.610938 0.645833 0.610938 0.652083 0.565625 0.652083 0.565625 0.643750 0.564063 0.641667 0.562500 0.641667 0.551562 0.627083 0.551562 0.625000 0.546875 0.618750 0.542188 0.618750 0.542188 0.558333 0.546875 0.558333 0.550000 0.554167 0.550000 0.552083 0.565625 0.531250 0.567187 0.531250 0.570312 0.527083 0.570312 0.520833
2 0.473437 0.370833 0.473437 0.377083 0.478125 0.383333 0.479688 0.383333 0.487500 0.393750 0.489062 0.393750 0.489062 0.395833 0.495313 0.404167 0.495313 0.406250 0.498438 0.410417 0.503125 0.410417 0.503125 0.460417 0.498438 0.460417 0.493750 0.466667 0.493750 0.468750 0.492188 0.470833 0.492188 0.472917 0.490625 0.475000 0.490625 0.477083 0.485937 0.483333 0.485937 0.485417 0.484375 0.487500 0.484375 0.489583 0.479688 0.495833 0.478125 0.495833 0.476562 0.497917 0.471875 0.497917 0.470312 0.500000 0.465625 0.500000 0.462500 0.504167 0.462500 0.510417 0.440625 0.510417 0.440625 0.504167 0.437500 0.500000 0.435938 0.500000 0.434375 0.497917 0.431250 0.497917 0.429688 0.495833 0.426562 0.495833 0.423437 0.491667 0.421875 0.491667 0.417188 0.485417 0.415625 0.485417 0.410937 0.479167 0.410937 0.477083 0.407812 0.472917 0.407812 0.470833 0.406250 0.468750 0.406250 0.466667 0.403125 0.462500 0.398438 0.462500 0.398438 0.414583 0.403125 0.414583 0.406250 0.410417 0.406250 0.408333 0.407812 0.406250 0.407812 0.404167 0.414062 0.395833 0.414062 0.393750 0.415625 0.391667 0.417188 0.391667 0.423437 0.383333 0.425000 0.383333 0.429688 0.377083 0.429688 0.370833
0 0.565625 0.304167 0.565625 0.310417 0.567187 0.312500 0.571875 0.312500 0.573438 0.314583 0.576562 0.314583 0.585938 0.327083 0.587500 0.327083 0.595313 0.337500 0.595313 0.339583 0.596875 0.341667 0.603125 0.341667 0.603125 0.397917 0.598437 0.397917 0.596875 0.400000 0.596875 0.402083 0.585938 0.416667 0.584375 0.416667 0.578125 0.425000 0.576562 0.425000 0.573438 0.429167 0.573438 0.435417 0.539062 0.435417 0.539062 0.429167 0.537500 0.427083 0.535937 0.427083 0.534375 0.425000 0.532813 0.425000 0.531250 0.422917 0.529687 0.422917 0.526563 0.418750 0.525000 0.418750 0.514062 0.404167 0.514062 0.402083 0.512500 0.400000 0.512500 0.397917 0.509375 0.393750 0.504687 0.393750 0.504687 0.345833 0.509375 0.345833 0.512500 0.341667 0.512500 0.339583 0.514062 0.337500 0.514062 0.335417 0.526563 0.318750 0.528125 0.318750 0.531250 0.314583 0.532813 0.314583 0.535937 0.310417 0.535937 0.304167
2 0.696875 0.579167 0.696875 0.585417 0.703125 0.593750 0.704688 0.593750 0.712500 0.604167 0.712500 0.606250 0.717187 0.612500 0.721875 0.612500 0.721875 0.679167 0.717187 0.679167 0.712500 0.685417 0.712500 0.687500 0.693750 0.712500 0.692187 0.712500 0.690625 0.714583 0.689063 0.714583 0.684375 0.720833 0.684375 0.727083 0.659375 0.727083 0.659375 0.718750 0.657813 0.716667 0.656250 0.716667 0.654687 0.714583 0.653125 0.714583 0.651563 0.712500 0.648438 0.712500 0.643750 0.706250 0.642188 0.706250 0.632812 0.693750 0.632812 0.691667 0.628125 0.685417 0.628125 0.683333 0.626563 0.681250 0.626563 0.679167 0.625000 0.677083 0.625000 0.675000 0.621875 0.670833 0.617188 0.670833 0.617188 0.637500 0.621875 0.637500 0.625000 0.633333 0.625000 0.631250 0.631250 0.622917 0.631250 0.620833 0.640625 0.608333 0.642188 0.608333 0.659375 0.585417 0.659375 0.579167
2 0.678125 0.429167 0.678125 0.435417 0.681250 0.439583 0.682813 0.439583 0.685937 0.443750 0.687500 0.443750 0.687500 0.445833 0.689063 0.447917 0.690625 0.447917 0.693750 0.452083 0.693750 0.454167 0.698438 0.460417 0.703125 0.460417 0.703125 0.504167 0.698438 0.504167 0.695312 0.508333 0.695312 0.512500 0.693750 0.514583 0.693750 0.516667 0.690625 0.520833 0.690625 0.522917 0.687500 0.527083 0.687500 0.529167 0.685937 0.531250 0.684375 0.531250 0.681250 0.535417 0.681250 0.537500 0.679688 0.539583 0.678125 0.539583 0.676562 0.541667 0.675000 0.541667 0.671875 0.545833 0.671875 0.552083 0.629687 0.552083 0.629687 0.545833 0.617188 0.529167 0.615625 0.529167 0.614062 0.527083 0.614062 0.525000 0.609375 0.518750 0.604688 0.518750 0.604688 0.464583 0.610938 0.464583 0.612500 0.462500 0.612500 0.460417 0.614062 0.458333 0.614062 0.456250 0.621875 0.445833 0.621875 0.443750 0.623437 0.441667 0.625000 0.441667 0.626563 0.439583 0.628125 0.439583 0.631250 0.435417 0.631250 0.429167
2 0.625000 0.195833 0.625000 0.202083 0.628125 0.206250 0.629687 0.206250 0.631250 0.208333 0.634375 0.208333 0.635938 0.210417 0.637500 0.210417 0.639062 0.212500 0.640625 0.212500 0.643750 0.216667 0.645312 0.216667 0.657813 0.233333 0.657813 0.235417 0.659375 0.237500 0.665625 0.237500 0.665625 0.293750 0.660937 0.293750 0.654687 0.302083 0.654687 0.304167 0.653125 0.304167 0.645312 0.314583 0.643750 0.314583 0.642188 0.316667 0.640625 0.316667 0.637500 0.320833 0.637500 0.327083 0.587500 0.327083 0.587500 0.320833 0.584375 0.316667 0.582812 0.316667 0.571875 0.302083 0.571875 0.300000 0.570312 0.297917 0.570312 0.293750 0.568750 0.291667 0.568750 0.289583 0.565625 0.285417 0.560937 0.285417 0.560937 0.254167 0.565625 0.254167 0.567187 0.252083 0.567187 0.250000 0.568750 0.247917 0.568750 0.243750 0.570312 0.241667 0.570312 0.237500 0.575000 0.231250 0.575000 0.229167 0.578125 0.225000 0.578125 0.222917 0.579688 0.222917 0.589063 0.210417 0.590625 0.210417 0.592187 0.208333 0.593750 0.208333 0.595313 0.206250 0.596875 0.206250 0.600000 0.202083 0.600000 0.195833
1 0.346875 0.454167 0.346875 0.460417 0.348437 0.462500 0.350000 0.462500 0.351562 0.464583 0.353125 0.464583 0.360937 0.475000 0.362500 0.475000 0.362500 0.477083 0.370313 0.487500 0.370313 0.489583 0.373438 0.493750 0.378125 0.493750 0.378125 0.554167 0.373438 0.554167 0.371875 0.556250 0.367188 0.556250 0.364062 0.560417 0.362500 0.560417 0.360937 0.562500 0.359375 0.562500 0.354688 0.568750 0.353125 0.568750 0.350000 0.572917 0.348437 0.572917 0.346875 0.575000 0.345312 0.575000 0.342188 0.579167 0.342188 0.585417 0.312500 0.585417 0.312500 0.579167 0.310938 0.577083 0.309375 0.577083 0.307813 0.575000 0.306250 0.575000 0.304688 0.572917 0.303125 0.572917 0.296875 0.564583 0.295313 0.564583 0.287500 0.554167 0.287500 0.552083 0.285937 0.550000 0.279688 0.550000 0.279688 0.485417 0.284375 0.485417 0.290625 0.477083 0.292188 0.477083 0.300000 0.466667 0.301562 0.466667 0.303125 0.464583 0.306250 0.464583 0.309375 0.460417 0.309375 0.454167
1 0.651563 0.320833 0.651563 0.327083 0.653125 0.329167 0.660937 0.329167 0.662500 0.331250 0.667188 0.331250 0.668750 0.333333 0.671875 0.333333 0.675000 0.337500 0.676562 0.337500 0.682813 0.345833 0.682813 0.347917 0.687500 0.354167 0.687500 0.356250 0.689063 0.358333 0.689063 0.360417 0.692187 0.364583 0.696875 0.364583 0.696875 0.408333 0.692187 0.408333 0.689063 0.412500 0.687500 0.412500 0.685937 0.414583 0.684375 0.414583 0.682813 0.416667 0.679688 0.416667 0.678125 0.418750 0.675000 0.418750 0.671875 0.422917 0.670312 0.422917 0.668750 0.425000 0.667188 0.425000 0.664062 0.429167 0.664062 0.435417 0.618750 0.435417 0.618750 0.429167 0.614062 0.422917 0.612500 0.422917 0.606250 0.414583 0.606250 0.412500 0.604688 0.410417 0.598437 0.410417 0.598437 0.352083 0.604688 0.352083 0.606250 0.350000 0.606250 0.347917 0.607812 0.345833 0.607812 0.343750 0.617188 0.331250 0.618750 0.331250 0.621875 0.327083 0.621875 0.320833
2 0.510938 0.520833 0.510938 0.527083 0.520312 0.539583 0.520312 0.541667 0.526563 0.550000 0.526563 0.552083 0.529687 0.556250 0.534375 0.556250 0.534375 0.612500 0.529687 0.612500 0.526563 0.616667 0.526563 0.618750 0.523438 0.622917 0.523438 0.625000 0.520312 0.629167 0.520312 0.631250 0.515625 0.637500 0.515625 0.639583 0.512500 0.643750 0.512500 0.645833 0.509375 0.650000 0.507812 0.650000 0.506250 0.652083 0.506250 0.660417 0.465625 0.660417 0.465625 0.654167 0.460938 0.647917 0.459375 0.647917 0.453125 0.639583 0.451563 0.639583 0.445312 0.631250 0.445312 0.629167 0.440625 0.622917 0.440625 0.620833 0.439062 0.618750 0.439062 0.616667 0.437500 0.614583 0.437500 0.612500 0.434375 0.608333 0.429688 0.608333 0.429688 0.568750 0.434375 0.568750 0.437500 0.564583 0.437500 0.560417 0.439062 0.558333 0.439062 0.556250 0.440625 0.554167 0.440625 0.552083 0.451563 0.537500 0.451563 0.535417 0.453125 0.533333 0.454687 0.533333 0.459375 0.527083 0.459375 0.520833
2 0.943750 0.487500 0.943750 0.493750 0.945312 0.495833 0.946875 0.495833 0.948438 0.497917 0.950000 0.497917 0.951563 0.500000 0.954687 0.500000 0.957812 0.504167 0.959375 0.504167 0.960938 0.506250 0.962500 0.506250 0.967188 0.512500 0.967188 0.514583 0.970313 0.518750 0.970313 0.520833 0.971875 0.522917 0.971875 0.525000 0.973437 0.527083 0.973437 0.529167 0.975000 0.531250 0.975000 0.535417 0.976562 0.537500 0.976562 0.541667 0.979688 0.545833 0.984375 0.545833 0.984375 0.639583 0.979688 0.639583 0.978125 0.641667 0.978125 0.643750 0.976562 0.645833 0.976562 0.647917 0.975000 0.650000 0.975000 0.656250 0.973437 0.658333 0.973437 0.662500 0.971875 0.664583 0.971875 0.668750 0.970313 0.670833 0.970313 0.681250 0.968750 0.683333 0.968750 0.689583 0.967188 0.691667 0.967188 0.695833 0.965625 0.697917 0.965625 0.700000 0.964063 0.702083 0.964063 0.704167 0.962500 0.706250 0.962500 0.708333 0.960938 0.710417 0.960938 0.712500 0.954687 0.720833 0.953125 0.720833 0.950000 0.725000 0.948438 0.725000 0.945312 0.729167 0.945312 0.735417 0.907812 0.735417 0.907812 0.729167 0.904688 0.725000 0.903125 0.725000 0.901562 0.722917 0.898438 0.722917 0.896875 0.720833 0.895313 0.720833 0.892187 0.716667 0.890625 0.716667 0.885937 0.710417 0.884375 0.710417 0.878125 0.702083 0.878125 0.700000 0.871875 0.691667 0.867188 0.691667 0.867188 0.520833 0.871875 0.520833 0.875000 0.516667 0.875000 0.512500 0.876562 0.510417 0.876562 0.508333 0.878125 0.506250 0.878125 0.504167 0.885937 0.493750 0.885937 0.487500
1 0.128125 0.000000 0.128125 0.064583 0.123438 0.064583 0.121875 0.066667 0.121875 0.070833 0.120313 0.072917 0.120313 0.081250 0.118750 0.083333 0.118750 0.087500 0.117188 0.089583 0.117188 0.095833 0.115625 0.097917 0.115625 0.104167 0.114062 0.106250 0.114062 0.112500 0.112500 0.114583 0.112500 0.120833 0.110937 0.122917 0.110937 0.131250 0.109375 0.133333 0.109375 0.139583 0.107813 0.141667 0.107813 0.150000 0.106250 0.152083 0.106250 0.158333 0.104688 0.160417 0.104688 0.168750 0.001562 0.168750 0.001562 0.156250 0.003125 0.156250 0.006250 0.152083 0.006250 0.145833 0.004687 0.143750 0.001562 0.143750 0.001562 0.000000
1 1.000000 0.137500 1.000000 0.412500 0.996875 0.412500 0.995312 0.410417 0.990625 0.410417 0.989063 0.412500 0.987500 0.412500 0.985938 0.414583 0.982812 0.414583 0.981250 0.416667 0.979688 0.416667 0.976562 0.420833 0.975000 0.420833 0.973437 0.422917 0.971875 0.422917 0.970313 0.425000 0.967188 0.425000 0.964063 0.429167 0.964063 0.435417 0.903125 0.435417 0.903125 0.429167 0.895313 0.418750 0.895313 0.416667 0.893750 0.414583 0.893750 0.412500 0.892187 0.410417 0.892187 0.408333 0.890625 0.406250 0.890625 0.404167 0.887500 0.400000 0.887500 0.397917 0.882812 0.391667 0.879688 0.391667 0.878125 0.389583 0.875000 0.389583 0.873437 0.387500 0.871875 0.387500 0.868750 0.383333 0.867188 0.383333 0.865625 0.381250 0.864063 0.381250 0.853125 0.366667 0.853125 0.364583 0.850000 0.360417 0.850000 0.358333 0.846875 0.354167 0.846875 0.352083 0.845313 0.350000 0.845313 0.347917 0.843750 0.345833 0.843750 0.343750 0.842187 0.341667 0.842187 0.339583 0.840625 0.337500 0.835938 0.337500 0.835938 0.229167 0.840625 0.229167 0.843750 0.225000 0.843750 0.218750 0.845313 0.216667 0.845313 0.212500 0.846875 0.210417 0.846875 0.208333 0.851562 0.202083 0.851562 0.200000 0.859375 0.189583 0.859375 0.187500 0.860938 0.185417 0.860938 0.164583 0.862500 0.162500 0.862500 0.160417 0.865625 0.156250 0.865625 0.154167 0.870312 0.147917 0.871875 0.147917 0.873437 0.145833 0.873437 0.137500
1 0.570312 0.420833 0.570312 0.427083 0.568750 0.429167 0.565625 0.429167 0.564063 0.431250 0.559375 0.431250 0.557813 0.433333 0.554688 0.433333 0.553125 0.435417 0.556250 0.439583 0.559375 0.439583 0.560937 0.441667 0.562500 0.441667 0.568750 0.450000 0.568750 0.452083 0.570312 0.454167 0.570312 0.456250 0.571875 0.458333 0.571875 0.460417 0.573438 0.462500 0.573438 0.464583 0.575000 0.466667 0.575000 0.468750 0.576562 0.470833 0.576562 0.472917 0.579688 0.477083 0.584375 0.477083 0.584375 0.497917 0.578125 0.497917 0.576562 0.500000 0.575000 0.500000 0.573438 0.502083 0.573438 0.506250 0.576562 0.510417 0.578125 0.510417 0.579688 0.512500 0.584375 0.512500 0.584375 0.520833 0.578125 0.520833 0.573438 0.527083 0.570312 0.527083 0.568750 0.525000 0.564063 0.525000 0.560937 0.529167 0.553125 0.529167 0.551562 0.527083 0.550000 0.527083 0.548438 0.525000 0.537500 0.525000 0.534375 0.529167 0.534375 0.533333 0.532813 0.535417 0.532813 0.543750 0.526563 0.543750 0.526563 0.537500 0.523438 0.533333 0.521875 0.533333 0.520312 0.531250 0.518750 0.531250 0.517188 0.529167 0.514062 0.529167 0.512500 0.527083 0.509375 0.527083 0.509375 0.525000 0.501563 0.514583 0.501563 0.512500 0.496875 0.506250 0.495313 0.506250 0.495313 0.504167 0.493750 0.502083 0.493750 0.493750 0.492188 0.491667 0.492188 0.487500 0.490625 0.485417 0.485937 0.485417 0.485937 0.477083 0.492188 0.477083 0.493750 0.475000 0.493750 0.472917 0.495313 0.470833 0.495313 0.468750 0.496875 0.466667 0.496875 0.460417 0.498438 0.458333 0.498438 0.452083 0.500000 0.450000 0.500000 0.445833 0.501563 0.443750 0.501563 0.441667 0.503125 0.439583 0.503125 0.437500 0.504687 0.435417 0.506250 0.435417 0.507812 0.433333 0.509375 0.433333 0.510938 0.431250 0.520312 0.431250 0.521875 0.429167 0.526563 0.429167 0.528125 0.427083 0.528125 0.420833
2 0.553125 0.887500 0.553125 0.893750 0.554688 0.895833 0.556250 0.895833 0.557813 0.897917 0.559375 0.897917 0.560937 0.900000 0.562500 0.900000 0.564063 0.902083 0.565625 0.902083 0.567187 0.904167 0.568750 0.904167 0.571875 0.908333 0.573438 0.908333 0.575000 0.910417 0.576562 0.910417 0.579688 0.914583 0.581250 0.914583 0.582812 0.916667 0.584375 0.916667 0.585938 0.918750 0.587500 0.918750 0.589063 0.920833 0.590625 0.920833 0.595313 0.927083 0.596875 0.927083 0.601562 0.933333 0.603125 0.933333 0.604688 0.935417 0.609375 0.935417 0.609375 0.966667 0.604688 0.966667 0.603125 0.968750 0.603125 0.977083 0.601562 0.979167 0.601562 0.987500 0.604688 0.991667 0.609375 0.991667 0.609375 0.997917 0.498438 0.997917 0.498438 0.933333 0.504687 0.933333 0.507812 0.929167 0.507812 0.927083 0.512500 0.920833 0.512500 0.918750 0.514062 0.916667 0.514062 0.914583 0.517188 0.910417 0.517188 0.897917 0.518750 0.895833 0.518750 0.887500