0 0.329692 0.396875 0.329692 0.401562 0.325532 0.404687 0.323452 0.404687 0.321372 0.406250 0.317212 0.406250 0.315132 0.407812 0.313052 0.407812 0.310972 0.409375 0.308892 0.409375 0.304731 0.412500 0.302651 0.412500 0.298491 0.415625 0.296411 0.415625 0.290171 0.420312 0.290171 0.421875 0.286011 0.425000 0.286011 0.426562 0.281851 0.429688 0.281851 0.431250 0.277690 0.434375 0.271450 0.434375 0.271450 0.476562 0.279770 0.476562 0.281851 0.478125 0.281851 0.479687 0.283931 0.481250 0.283931 0.482812 0.286011 0.484375 0.286011 0.485937 0.296411 0.493750 0.296411 0.495312 0.302651 0.500000 0.304731 0.500000 0.308892 0.503125 0.310972 0.503125 0.313052 0.504687 0.315132 0.504687 0.321372 0.509375 0.321372 0.514062 0.367134 0.514062 0.367134 0.509375 0.369214 0.507812 0.371294 0.507812 0.373374 0.506250 0.375454 0.506250 0.377534 0.504687 0.379614 0.504687 0.381694 0.503125 0.383774 0.503125 0.385854 0.501562 0.387935 0.501562 0.402495 0.490625 0.402495 0.489062 0.406655 0.485937 0.406655 0.484375 0.410815 0.481250 0.410815 0.479687 0.414976 0.476562 0.414976 0.475000 0.417056 0.473437 0.417056 0.471875 0.419136 0.470312 0.419136 0.468750 0.421216 0.467187 0.427456 0.467187 0.427456 0.442187 0.421216 0.442187 0.419136 0.440625 0.419136 0.439062 0.417056 0.437500 0.417056 0.435937 0.414976 0.434375 0.414976 0.432812 0.412896 0.431250 0.412896 0.429688 0.410815 0.428125 0.410815 0.426562 0.392095 0.412500 0.390015 0.412500 0.383774 0.407812 0.381694 0.407812 0.379614 0.406250 0.377534 0.406250 0.371294 0.401562 0.371294 0.396875
1 0.279770 0.503125 0.279770 0.507812 0.277690 0.509375 0.275610 0.509375 0.273530 0.510937 0.269370 0.510937 0.267290 0.512500 0.265210 0.512500 0.261050 0.515625 0.258970 0.515625 0.242329 0.528125 0.242329 0.529687 0.236089 0.534375 0.229849 0.534375 0.229849 0.585937 0.236089 0.585937 0.240249 0.589062 0.240249 0.590625 0.244409 0.593750 0.244409 0.595312 0.256890 0.604687 0.258970 0.604687 0.265210 0.609375 0.267290 0.609375 0.269370 0.610937 0.271450 0.610937 0.273530 0.612500 0.275610 0.612500 0.277690 0.614062 0.277690 0.620312 0.315132 0.620312 0.315132 0.615625 0.319292 0.612500 0.321372 0.612500 0.323452 0.610937 0.325532 0.610937 0.327612 0.609375 0.331772 0.609375 0.333853 0.607813 0.335933 0.607813 0.338013 0.606250 0.340093 0.606250 0.344253 0.603125 0.346333 0.603125 0.348413 0.601562 0.350493 0.601562 0.356733 0.596875 0.356733 0.595312 0.362974 0.590625 0.362974 0.589062 0.365054 0.587500 0.365054 0.585937 0.371294 0.581250 0.377534 0.581250 0.377534 0.542187 0.371294 0.542187 0.367134 0.539062 0.367134 0.537500 0.365054 0.535937 0.365054 0.534375 0.362974 0.532812 0.362974 0.531250 0.346333 0.518750 0.344253 0.518750 0.340093 0.515625 0.338013 0.515625 0.333853 0.512500 0.329692 0.512500 0.327612 0.510937 0.325532 0.510937 0.323452 0.509375 0.321372 0.509375 0.319292 0.507812 0.319292 0.503125
1 0.529380 0.378125 0.529380 0.382812 0.527300 0.384375 0.525220 0.384375 0.523140 0.385937 0.518979 0.385937 0.516899 0.387500 0.512739 0.387500 0.510659 0.389062 0.504419 0.389062 0.502339 0.390625 0.500259 0.390625 0.483618 0.403125 0.483618 0.404687 0.479458 0.407812 0.471138 0.407812 0.471138 0.456250 0.477378 0.456250 0.485698 0.462500 0.485698 0.464062 0.487778 0.465625 0.489858 0.465625 0.498179 0.471875 0.500259 0.471875 0.504419 0.475000 0.508579 0.475000 0.510659 0.476562 0.512739 0.476562 0.514819 0.478125 0.514819 0.482812 0.568901 0.482812 0.568901 0.476562 0.570981 0.475000 0.573062 0.475000 0.575142 0.473437 0.577222 0.473437 0.579302 0.471875 0.583462 0.471875 0.585542 0.470312 0.587622 0.470312 0.589702 0.468750 0.591782 0.468750 0.595942 0.465625 0.598022 0.465625 0.600103 0.464062 0.602183 0.464062 0.606343 0.460938 0.606343 0.459375 0.608423 0.457812 0.608423 0.454687 0.612583 0.451562 0.618823 0.451562 0.618823 0.418750 0.612583 0.418750 0.610503 0.417187 0.610503 0.415625 0.608423 0.414062 0.608423 0.412500 0.606343 0.410937 0.606343 0.407812 0.604263 0.406250 0.604263 0.404687 0.600103 0.401562 0.600103 0.400000 0.598022 0.398438 0.598022 0.396875 0.591782 0.392187 0.589702 0.392187 0.583462 0.387500 0.581382 0.387500 0.577222 0.384375 0.575142 0.384375 0.573062 0.382812 0.573062 0.378125
0 0.585542 0.465625 0.585542 0.470312 0.581382 0.473437 0.579302 0.473437 0.577222 0.475000 0.575142 0.475000 0.573062 0.476562 0.570981 0.476562 0.568901 0.478125 0.566821 0.478125 0.562661 0.481250 0.560581 0.481250 0.558501 0.482812 0.556421 0.482812 0.552261 0.485937 0.550181 0.485937 0.543940 0.490625 0.543940 0.492188 0.539780 0.495312 0.539780 0.496875 0.535620 0.500000 0.529380 0.500000 0.529380 0.551562 0.535620 0.551562 0.539780 0.554687 0.539780 0.556250 0.550181 0.564062 0.552261 0.564062 0.560581 0.570312 0.562661 0.570312 0.564741 0.571875 0.566821 0.571875 0.568901 0.573437 0.570981 0.573437 0.573062 0.575000 0.575142 0.575000 0.579302 0.578125 0.579302 0.582812 0.631304 0.582812 0.631304 0.578125 0.635464 0.575000 0.637544 0.575000 0.639624 0.573437 0.641704 0.573437 0.643784 0.571875 0.645864 0.571875 0.647944 0.570312 0.650024 0.570312 0.670825 0.554687 0.670825 0.553125 0.672905 0.551562 0.672905 0.550000 0.674985 0.548437 0.674985 0.546875 0.679145 0.543750 0.685386 0.543750 0.685386 0.503125 0.679145 0.503125 0.674985 0.500000 0.674985 0.498437 0.672905 0.496875 0.672905 0.495312 0.670825 0.493750 0.670825 0.492188 0.664585 0.487500 0.664585 0.485937 0.658345 0.481250 0.656265 0.481250 0.647944 0.475000 0.645864 0.475000 0.643784 0.473437 0.641704 0.473437 0.637544 0.470312 0.637544 0.465625
1 0.481538 0.553125 0.481538 0.557812 0.479458 0.559375 0.477378 0.559375 0.473218 0.562500 0.471138 0.562500 0.469058 0.564062 0.466978 0.564062 0.462817 0.567187 0.460737 0.567187 0.444097 0.579687 0.444097 0.581250 0.439936 0.584375 0.439936 0.585937 0.435776 0.589062 0.429536 0.589062 0.429536 0.639062 0.437856 0.639062 0.439936 0.640625 0.439936 0.642187 0.442017 0.643750 0.442017 0.645312 0.456577 0.656250 0.458657 0.656250 0.462817 0.659375 0.464897 0.659375 0.466978 0.660937 0.469058 0.660937 0.471138 0.662500 0.473218 0.662500 0.475298 0.664062 0.475298 0.670312 0.531460 0.670312 0.531460 0.665625 0.535620 0.662500 0.537700 0.662500 0.541860 0.659375 0.543940 0.659375 0.552261 0.653125 0.552261 0.651562 0.556421 0.648438 0.556421 0.646875 0.558501 0.645312 0.558501 0.643750 0.560581 0.642187 0.560581 0.639062 0.562661 0.637500 0.562661 0.634375 0.564741 0.632812 0.564741 0.631250 0.566821 0.629687 0.566821 0.628125 0.570981 0.625000 0.577222 0.625000 0.577222 0.590625 0.568901 0.590625 0.554341 0.579687 0.554341 0.576562 0.550181 0.573437 0.550181 0.571875 0.537700 0.562500 0.535620 0.562500 0.533540 0.560937 0.529380 0.560937 0.527300 0.559375 0.525220 0.559375 0.523140 0.557812 0.523140 0.553125
2 0.398335 0.321875 0.398335 0.326562 0.392095 0.331250 0.390015 0.331250 0.387935 0.332812 0.385854 0.332812 0.373374 0.342187 0.373374 0.343750 0.367134 0.348437 0.367134 0.350000 0.365054 0.351562 0.365054 0.353125 0.360894 0.356250 0.354653 0.356250 0.354653 0.390625 0.360894 0.390625 0.367134 0.395312 0.367134 0.396875 0.373374 0.401562 0.375454 0.401562 0.377534 0.403125 0.379614 0.403125 0.390015 0.410937 0.392095 0.410937 0.394175 0.412500 0.394175 0.414062 0.396255 0.414062 0.404575 0.420312 0.412896 0.420312 0.414976 0.421875 0.414976 0.426562 0.458657 0.426562 0.458657 0.420312 0.460737 0.418750 0.462817 0.418750 0.473218 0.410937 0.473218 0.409375 0.475298 0.407812 0.477378 0.407812 0.477378 0.406250 0.485698 0.400000 0.485698 0.398438 0.489858 0.395312 0.489858 0.393750 0.500259 0.385937 0.500259 0.384375 0.502339 0.382812 0.502339 0.381250 0.504419 0.379687 0.510659 0.379687 0.510659 0.365625 0.504419 0.365625 0.502339 0.364062 0.502339 0.360937 0.500259 0.359375 0.500259 0.356250 0.498179 0.354687 0.498179 0.351562 0.494019 0.348437 0.494019 0.346875 0.489858 0.343750 0.489858 0.342187 0.483618 0.337500 0.481538 0.337500 0.475298 0.332812 0.473218 0.332812 0.471138 0.331250 0.469058 0.331250 0.462817 0.326562 0.462817 0.321875
2 0.654185 0.353125 0.654185 0.357812 0.650024 0.360937 0.647944 0.360937 0.645864 0.362500 0.643784 0.362500 0.639624 0.365625 0.637544 0.365625 0.633384 0.368750 0.631304 0.368750 0.625063 0.373437 0.625063 0.375000 0.618823 0.379687 0.612583 0.379687 0.612583 0.425000 0.618823 0.425000 0.620903 0.426562 0.620903 0.428125 0.622983 0.429688 0.622983 0.432812 0.625063 0.434375 0.625063 0.437500 0.627144 0.439062 0.627144 0.440625 0.629224 0.442187 0.629224 0.443750 0.639624 0.451562 0.641704 0.451562 0.645864 0.454687 0.647944 0.454687 0.654185 0.459375 0.654185 0.464062 0.712427 0.464062 0.712427 0.459375 0.716587 0.456250 0.718667 0.456250 0.724907 0.451562 0.726987 0.451562 0.737388 0.443750 0.737388 0.442187 0.741548 0.439062 0.741548 0.437500 0.743628 0.435937 0.751948 0.435937 0.751948 0.382812 0.743628 0.382812 0.741548 0.381250 0.741548 0.379687 0.739468 0.378125 0.739468 0.376562 0.726987 0.367188 0.724907 0.367188 0.718667 0.362500 0.716587 0.362500 0.714507 0.360937 0.712427 0.360937 0.708267 0.357812 0.708267 0.353125
2 0.427456 0.465625 0.427456 0.470312 0.421216 0.475000 0.421216 0.476562 0.417056 0.479687 0.414976 0.479687 0.412896 0.481250 0.412896 0.482812 0.394175 0.496875 0.387935 0.496875 0.387935 0.528125 0.394175 0.528125 0.396255 0.529687 0.396255 0.531250 0.398335 0.532812 0.398335 0.534375 0.406655 0.540625 0.406655 0.542187 0.414976 0.548437 0.417056 0.548437 0.423296 0.553125 0.425376 0.553125 0.429536 0.556250 0.433696 0.556250 0.437856 0.559375 0.437856 0.564062 0.485698 0.564062 0.485698 0.559375 0.489858 0.556250 0.491938 0.556250 0.494019 0.554687 0.496099 0.554687 0.498179 0.553125 0.500259 0.553125 0.502339 0.551562 0.504419 0.551562 0.512739 0.545312 0.512739 0.543750 0.516899 0.540625 0.516899 0.539062 0.521060 0.535937 0.527300 0.535937 0.527300 0.507812 0.521060 0.507812 0.518979 0.506250 0.518979 0.504687 0.516899 0.503125 0.516899 0.498437 0.514819 0.496875 0.514819 0.493750 0.512739 0.492188 0.512739 0.490625 0.504419 0.484375 0.504419 0.482812 0.494019 0.475000 0.491938 0.475000 0.485698 0.470312 0.485698 0.465625
1 0.096724 0.103125 0.096724 0.109375 0.094644 0.110937 0.092563 0.110937 0.090483 0.112500 0.086323 0.112500 0.084243 0.114062 0.082163 0.114062 0.078003 0.117188 0.075923 0.117188 0.071763 0.120312 0.069683 0.120312 0.065522 0.123437 0.063442 0.123437 0.061362 0.125000 0.057202 0.125000 0.055122 0.126562 0.053042 0.126562 0.048882 0.129687 0.046802 0.129687 0.044722 0.131250 0.042642 0.131250 0.040562 0.132812 0.036401 0.132812 0.032241 0.135937 0.030161 0.135937 0.028081 0.137500 0.026001 0.137500 0.021841 0.140625 0.019761 0.140625 0.013521 0.145312 0.011440 0.145312 0.003120 0.151562 0.003120 0.153125 0.001040 0.154687 0.001040 0.156250 0.000000 0.157812 0.000000 0.162500 0.000000 0.164062 0.000000 0.167187 0.000000 0.168750 0.000000 0.168750 0.000000 0.298437 0.000000 0.298437 0.000000 0.300000 0.000000 0.304688 0.000000 0.306250 0.000000 0.317187 0.001040 0.318750 0.001040 0.321875 0.003120 0.323437 0.003120 0.326562 0.005200 0.328125 0.005200 0.339062 0.200728 0.339062 0.200728 0.332812 0.202808 0.331250 0.202808 0.329687 0.204888 0.328125 0.204888 0.325000 0.206968 0.323437 0.206968 0.321875 0.209048 0.320312 0.209048 0.318750 0.211128 0.317187 0.211128 0.314062 0.209048 0.314062 0.202808 0.309375 0.202808 0.307813 0.200728 0.306250 0.198647 0.306250 0.196567 0.304688 0.194487 0.304688 0.192407 0.306250 0.184087 0.306250 0.182007 0.307813 0.177847 0.307813 0.167446 0.300000 0.165366 0.300000 0.159126 0.295312 0.161206 0.293750 0.161206 0.289062 0.152886 0.282812 0.150806 0.282812 0.134165 0.270312 0.136245 0.268750 0.136245 0.257812 0.138325 0.256250 0.138325 0.254687 0.140405 0.253125 0.140405 0.251562 0.142485 0.250000 0.142485 0.248437 0.144565 0.246875 0.144565 0.245312 0.152886 0.239062 0.152886 0.237500 0.154966 0.235937 0.154966 0.234375 0.157046 0.232812 0.157046 0.229687 0.159126 0.228125 0.159126 0.225000 0.161206 0.223437 0.163286 0.223437 0.165366 0.221875 0.167446 0.221875 0.169526 0.220312 0.173687 0.220312 0.175767 0.218750 0.182007 0.218750 0.184087 0.217187 0.186167 0.217187 0.188247 0.215625 0.190327 0.215625 0.192407 0.214062 0.194487 0.214062 0.196567 0.212500 0.198647 0.212500 0.209048 0.204687 0.209048 0.203125 0.215288 0.198437 0.215288 0.196875 0.217368 0.195312 0.217368 0.193750 0.221528 0.190625 0.227769 0.190625 0.227769 0.156250 0.221528 0.156250 0.217368 0.153125 0.217368 0.150000 0.215288 0.148437 0.215288 0.145312 0.213208 0.143750 0.213208 0.142187 0.211128 0.140625 0.211128 0.139062 0.206968 0.135937 0.206968 0.134375 0.198647 0.128125 0.198647 0.126562 0.196567 0.125000 0.194487 0.125000 0.188247 0.120312 0.186167 0.120312 0.184087 0.118750 0.182007 0.118750 0.179927 0.117188 0.177847 0.117188 0.173687 0.114062 0.171606 0.114062 0.169526 0.112500 0.165366 0.112500 0.163286 0.110937 0.157046 0.110937 0.154966 0.109375 0.152886 0.109375 0.150806 0.107812 0.150806 0.103125
2 0.333853 0.603125 0.333853 0.607813 0.331772 0.609375 0.329692 0.609375 0.325532 0.612500 0.323452 0.612500 0.319292 0.615625 0.317212 0.615625 0.313052 0.618750 0.310972 0.618750 0.308892 0.620312 0.308892 0.621875 0.304731 0.625000 0.302651 0.625000 0.302651 0.626562 0.296411 0.631250 0.296411 0.632812 0.292251 0.635937 0.292251 0.637500 0.290171 0.639062 0.290171 0.642187 0.286011 0.645312 0.279770 0.645312 0.279770 0.676562 0.286011 0.676562 0.290171 0.679688 0.290171 0.681250 0.292251 0.682812 0.292251 0.684375 0.294331 0.685937 0.294331 0.687500 0.296411 0.689062 0.296411 0.690625 0.302651 0.695312 0.302651 0.696875 0.304731 0.698437 0.306812 0.698437 0.310972 0.701562 0.310972 0.703125 0.313052 0.703125 0.321372 0.709375 0.321372 0.714062 0.385854 0.714062 0.385854 0.709375 0.392095 0.704687 0.394175 0.704687 0.402495 0.698437 0.404575 0.698437 0.408735 0.695312 0.408735 0.693750 0.414976 0.689062 0.414976 0.687500 0.417056 0.685937 0.417056 0.684375 0.421216 0.681250 0.427456 0.681250 0.427456 0.635937 0.421216 0.635937 0.417056 0.632812 0.417056 0.631250 0.412896 0.628125 0.412896 0.626562 0.404575 0.620312 0.404575 0.618750 0.402495 0.618750 0.396255 0.614062 0.394175 0.614062 0.392095 0.612500 0.390015 0.612500 0.387935 0.610937 0.383774 0.610937 0.381694 0.609375 0.379614 0.609375 0.377534 0.607813 0.377534 0.603125
1 0.304731 0.415625 0.302651 0.415625 0.290171 0.425000 0.288091 0.425000 0.283931 0.428125 0.283931 0.429688 0.277690 0.434375 0.277690 0.435937 0.275610 0.437500 0.275610 0.440625 0.273530 0.442187 0.273530 0.445312 0.271450 0.446875 0.271450 0.448437 0.267290 0.451562 0.267290 0.457812 0.271450 0.460938 0.271450 0.462500 0.273530 0.464062 0.273530 0.465625 0.277690 0.468750 0.277690 0.476562 0.319292 0.476562 0.319292 0.443750 0.310972 0.443750 0.308892 0.442187 0.306812 0.442187 0.302651 0.439062 0.302651 0.437500 0.300571 0.435937 0.300571 0.432812 0.304731 0.429688 0.304731 0.428125 0.306812 0.426562 0.306812 0.417187 0.304731 0.415625 0.298491 0.387500 0.296411 0.385937 0.286011 0.385937 0.283931 0.384375 0.281851 0.384375 0.277690 0.381250 0.271450 0.381250 0.271450 0.378125 0.258970 0.381250 0.256890 0.379687 0.256890 0.378125 0.254810 0.378125 0.252729 0.376562 0.250649 0.376562 0.248569 0.375000 0.246489 0.375000 0.244409 0.373437 0.242329 0.373437 0.238169 0.370312 0.236089 0.370312 0.234009 0.371875 0.217368 0.371875 0.215288 0.370312 0.213208 0.370312 0.206968 0.365625 0.206968 0.364062 0.202808 0.360937 0.202808 0.359375 0.200728 0.357812 0.200728 0.346875 0.202808 0.345312 0.202808 0.342187 0.204888 0.340625 0.204888 0.332812 0.206968 0.331250 0.206968 0.329687 0.209048 0.328125 0.209048 0.326562 0.211128 0.325000 0.211128 0.321875 0.213208 0.320312 0.213208 0.317187 0.215288 0.315625 0.215288 0.314062 0.213208 0.314062 0.211128 0.312500 0.209048 0.312500 0.204888 0.309375 0.204888 0.296875 0.055122 0.296875 0.055122 0.401562 0.061362 0.401562 0.065522 0.404687 0.065522 0.407812 0.069683 0.410937 0.069683 0.412500 0.075923 0.417187 0.075923 0.418750 0.100884 0.437500 0.102964 0.437500 0.115444 0.446875 0.117524 0.446875 0.127925 0.454687 0.130005 0.454687 0.134165 0.457812 0.136245 0.457812 0.138325 0.459375 0.140405 0.459375 0.142485 0.460938 0.144565 0.460938 0.146646 0.462500 0.148726 0.462500 0.150806 0.464062 0.152886 0.464062 0.154966 0.465625 0.157046 0.465625 0.159126 0.467187 0.163286 0.467187 0.165366 0.468750 0.169526 0.468750 0.173687 0.471875 0.173687 0.476562 0.244409 0.476562 0.244409 0.470312 0.246489 0.468750 0.248569 0.468750 0.252729 0.465625 0.252729 0.464062 0.256890 0.460938 0.256890 0.459375 0.258970 0.457812 0.258970 0.428125 0.256890 0.426562 0.256890 0.412500 0.254810 0.410937 0.254810 0.407812 0.256890 0.406250 0.256890 0.395312 0.258970 0.393750 0.258970 0.381250 0.271450 0.378125 0.273530 0.376562 0.275610 0.376562 0.281851 0.371875 0.283931 0.371875 0.286011 0.370312 0.288091 0.370312 0.290171 0.368750 0.294331 0.368750 0.296411 0.367188 0.302651 0.367188 0.306812 0.370312 0.306812 0.371875 0.308892 0.373437 0.308892 0.376562 0.310972 0.378125 0.308892 0.379687 0.308892 0.382812 0.304731 0.385937 0.304731 0.387500 0.298491 0.387500
2 0.872593 0.778125 0.872593 0.782812 0.870513 0.784375 0.866352 0.784375 0.864272 0.785937 0.860112 0.785937 0.858032 0.787500 0.853872 0.787500 0.847632 0.792187 0.845552 0.792187 0.843472 0.793750 0.841392 0.793750 0.839311 0.795312 0.837231 0.795312 0.833071 0.798437 0.830991 0.798437 0.828911 0.800000 0.826831 0.800000 0.824751 0.801562 0.822671 0.801562 0.820591 0.803125 0.818511 0.803125 0.816431 0.804688 0.814351 0.804688 0.812270 0.806250 0.810190 0.806250 0.806030 0.809375 0.803950 0.809375 0.801870 0.810937 0.799790 0.810937 0.797710 0.812500 0.795630 0.812500 0.791470 0.815625 0.789390 0.815625 0.787310 0.817187 0.785229 0.817187 0.783149 0.818750 0.781069 0.818750 0.776909 0.821875 0.774829 0.821875 0.772749 0.823437 0.770669 0.823437 0.768589 0.825000 0.766509 0.825000 0.764429 0.826562 0.762349 0.826562 0.760269 0.828125 0.758188 0.828125 0.756108 0.829687 0.754028 0.829687 0.751948 0.831250 0.749868 0.831250 0.747788 0.832812 0.745708 0.832812 0.743628 0.834375 0.741548 0.834375 0.739468 0.835938 0.737388 0.835938 0.735308 0.837500 0.733227 0.837500 0.731147 0.839062 0.729067 0.839062 0.724907 0.842187 0.722827 0.842187 0.720747 0.843750 0.718667 0.843750 0.716587 0.845312 0.714507 0.845312 0.712427 0.846875 0.710347 0.846875 0.708267 0.848437 0.706186 0.848437 0.702026 0.851562 0.699946 0.851562 0.697866 0.853125 0.693706 0.853125 0.689546 0.856250 0.687466 0.856250 0.685386 0.857812 0.683306 0.857812 0.681226 0.859375 0.679145 0.859375 0.677065 0.860937 0.674985 0.860937 0.670825 0.864062 0.668745 0.864062 0.666665 0.865625 0.664585 0.865625 0.662505 0.867188 0.660425 0.867188 0.658345 0.868750 0.656265 0.868750 0.654185 0.870312 0.652104 0.870312 0.650024 0.871875 0.647944 0.871875 0.645864 0.873437 0.643784 0.873437 0.639624 0.876562 0.637544 0.876562 0.635464 0.878125 0.633384 0.878125 0.631304 0.879687 0.629224 0.879687 0.627144 0.881250 0.625063 0.881250 0.622983 0.882812 0.620903 0.882812 0.616743 0.885937 0.614663 0.885937 0.610503 0.889062 0.608423 0.889062 0.606343 0.890625 0.602183 0.890625 0.598022 0.893750 0.595942 0.893750 0.593862 0.895312 0.591782 0.895312 0.589702 0.896875 0.587622 0.896875 0.585542 0.898438 0.583462 0.898438 0.579302 0.901562 0.577222 0.901562 0.575142 0.903125 0.570981 0.903125 0.568901 0.904687 0.566821 0.904687 0.564741 0.906250 0.562661 0.906250 0.558501 0.909375 0.556421 0.909375 0.554341 0.910937 0.552261 0.910937 0.548101 0.914062 0.546021 0.914062 0.543940 0.915625 0.541860 0.915625 0.539780 0.917187 0.537700 0.917187 0.535620 0.918750 0.533540 0.918750 0.531460 0.920312 0.529380 0.920312 0.527300 0.921875 0.525220 0.921875 0.523140 0.923437 0.521060 0.923437 0.518979 0.925000 0.516899 0.925000 0.512739 0.928125 0.510659 0.928125 0.508579 0.929688 0.506499 0.929688 0.504419 0.931250 0.502339 0.931250 0.500259 0.932812 0.498179 0.932812 0.496099 0.934375 0.494019 0.934375 0.491938 0.935937 0.489858 0.935937 0.487778 0.937500 0.485698 0.937500 0.483618 0.939062 0.481538 0.939062 0.479458 0.940625 0.477378 0.940625 0.475298 0.942187 0.473218 0.942187 0.471138 0.943750 0.469058 0.943750 0.466978 0.945312 0.464897 0.945312 0.462817 0.946875 0.460737 0.946875 0.458657 0.948437 0.456577 0.948437 0.454497 0.950000 0.452417 0.950000 0.450337 0.951562 0.448257 0.951562 0.446177 0.953125 0.444097 0.953125 0.442017 0.954687 0.439936 0.954687 0.437856 0.956250 0.435776 0.956250 0.433696 0.957812 0.431616 0.957812 0.429536 0.959375 0.427456 0.959375 0.425376 0.960938 0.423296 0.960938 0.419136 0.964062 0.417056 0.964062 0.414976 0.965625 0.412896 0.965625 0.410815 0.967187 0.408735 0.967187 0.404575 0.970312 0.402495 0.970312 0.398335 0.973437 0.396255 0.973437 0.392095 0.976562 0.390015 0.976562 0.385854 0.979687 0.383774 0.979687 0.381694 0.981250 0.379614 0.981250 0.377534 0.982812 0.375454 0.982812 0.373374 0.984375 0.371294 0.984375 0.369214 0.985937 0.362974 0.985937 0.362974 0.998437 1.000000 0.998437 1.000000 0.801562 0.993237 0.801562 0.984917 0.795312 0.980757 0.795312 0.978677 0.793750 0.974517 0.793750 0.972437 0.792187 0.968276 0.792187 0.966196 0.790625 0.964116 0.790625 0.953716 0.782812 0.953716 0.778125
1 0.564741 0.623438 0.564741 0.625000 0.562661 0.626562 0.560581 0.626562 0.560581 0.631250 0.558501 0.632812 0.558501 0.635937 0.554341 0.639062 0.554341 0.640625 0.552261 0.642187 0.552261 0.645312 0.548101 0.648438 0.548101 0.650000 0.541860 0.654687 0.539780 0.654687 0.535620 0.657812 0.529380 0.657812 0.529380 0.687500 0.535620 0.687500 0.539780 0.690625 0.539780 0.692187 0.543940 0.695312 0.543940 0.696875 0.550181 0.701562 0.550181 0.703125 0.566821 0.715625 0.568901 0.715625 0.573062 0.718750 0.575142 0.718750 0.577222 0.720312 0.579302 0.720312 0.581382 0.721875 0.585542 0.721875 0.587622 0.723437 0.593862 0.723437 0.595942 0.725000 0.600103 0.725000 0.602183 0.726562 0.604263 0.726562 0.606343 0.728125 0.606343 0.732812 0.656265 0.732812 0.656265 0.728125 0.660425 0.725000 0.662505 0.725000 0.664585 0.723437 0.666665 0.723437 0.668745 0.721875 0.670825 0.721875 0.689546 0.707812 0.689546 0.706250 0.695786 0.701562 0.702026 0.701562 0.702026 0.651562 0.695786 0.651562 0.691626 0.648438 0.691626 0.646875 0.687466 0.643750 0.687466 0.642187 0.677065 0.634375 0.677065 0.632812 0.662505 0.621875 0.660425 0.621875 0.656265 0.618750 0.654185 0.618750 0.647944 0.614062 0.647944 0.609375 0.573062 0.609375 0.573062 0.614062 0.570981 0.615625 0.570981 0.617188 0.568901 0.618750 0.568901 0.620312 0.564741 0.623438 0.554341 0.615625 0.554341 0.609375 0.529380 0.609375 0.529380 0.629687 0.537700 0.629687 0.539780 0.628125 0.539780 0.626562 0.543940 0.623438 0.543940 0.621875 0.548101 0.618750 0.550181 0.618750 0.554341 0.615625
2 0.169526 0.759375 0.167446 0.760937 0.165366 0.760937 0.163286 0.762500 0.140405 0.762500 0.138325 0.760937 0.123765 0.760937 0.121685 0.762500 0.119604 0.762500 0.117524 0.764062 0.115444 0.764062 0.113364 0.765625 0.111284 0.765625 0.109204 0.767187 0.102964 0.767187 0.100884 0.768750 0.098804 0.768750 0.096724 0.770312 0.094644 0.770312 0.082163 0.779687 0.080083 0.779687 0.065522 0.790625 0.065522 0.792187 0.063442 0.793750 0.055122 0.793750 0.055122 0.834375 0.061362 0.834375 0.065522 0.837500 0.065522 0.842187 0.067603 0.843750 0.067603 0.848437 0.069683 0.850000 0.069683 0.854687 0.071763 0.856250 0.071763 0.859375 0.073843 0.860937 0.073843 0.864062 0.075923 0.865625 0.075923 0.868750 0.078003 0.870312 0.078003 0.871875 0.080083 0.873437 0.080083 0.875000 0.082163 0.876562 0.082163 0.878125 0.084243 0.879687 0.084243 0.882812 0.086323 0.884375 0.086323 0.885937 0.088403 0.887500 0.088403 0.889062 0.090483 0.890625 0.090483 0.892187 0.092563 0.893750 0.092563 0.895312 0.096724 0.898438 0.096724 0.900000 0.100884 0.903125 0.100884 0.904687 0.105044 0.907812 0.105044 0.909375 0.117524 0.918750 0.117524 0.920312 0.130005 0.929688 0.130005 0.931250 0.136245 0.935937 0.138325 0.935937 0.142485 0.939062 0.142485 0.940625 0.154966 0.950000 0.157046 0.950000 0.161206 0.953125 0.163286 0.953125 0.165366 0.954687 0.167446 0.954687 0.169526 0.956250 0.171606 0.956250 0.175767 0.959375 0.175767 0.964062 0.202808 0.964062 0.202808 0.959375 0.206968 0.956250 0.211128 0.956250 0.213208 0.954687 0.217368 0.954687 0.219448 0.953125 0.221528 0.953125 0.223608 0.951562 0.225688 0.951562 0.229849 0.948437 0.231929 0.948437 0.254810 0.931250 0.254810 0.929688 0.258970 0.926562 0.258970 0.925000 0.263130 0.921875 0.269370 0.921875 0.269370 0.871875 0.263130 0.871875 0.258970 0.868750 0.258970 0.867188 0.256890 0.865625 0.256890 0.864062 0.252729 0.860937 0.252729 0.859375 0.250649 0.857812 0.250649 0.856250 0.248569 0.854687 0.248569 0.853125 0.246489 0.851562 0.246489 0.850000 0.242329 0.846875 0.242329 0.845312 0.240249 0.843750 0.240249 0.842187 0.238169 0.840625 0.238169 0.839062 0.234009 0.835938 0.234009 0.832812 0.231929 0.831250 0.231929 0.829687 0.229849 0.828125 0.229849 0.826562 0.225688 0.823437 0.225688 0.821875 0.223608 0.820312 0.223608 0.818750 0.221528 0.817187 0.221528 0.815625 0.219448 0.814062 0.219448 0.812500 0.217368 0.810937 0.217368 0.809375 0.215288 0.807812 0.215288 0.806250 0.213208 0.804688 0.213208 0.803125 0.211128 0.801562 0.211128 0.800000 0.209048 0.798437 0.209048 0.796875 0.204888 0.793750 0.204888 0.792187 0.200728 0.789062 0.200728 0.787500 0.194487 0.782812 0.194487 0.778125 0.190327 0.775000 0.190327 0.773438 0.188247 0.771875 0.188247 0.768750 0.184087 0.765625 0.182007 0.765625 0.179927 0.764062 0.177847 0.764062 0.175767 0.762500 0.173687 0.762500
1 0.654185 0.353125 0.654185 0.357812 0.650024 0.360937 0.647944 0.360937 0.645864 0.362500 0.643784 0.362500 0.639624 0.365625 0.637544 0.365625 0.631304 0.370312 0.629224 0.370312 0.627144 0.371875 0.627144 0.373437 0.622983 0.376562 0.622983 0.378125 0.620903 0.379687 0.612583 0.379687 0.612583 0.421875 0.618823 0.421875 0.620903 0.423437 0.620903 0.425000 0.622983 0.426562 0.622983 0.431250 0.625063 0.432812 0.625063 0.435937 0.627144 0.437500 0.627144 0.439062 0.629224 0.440625 0.629224 0.442187 0.643784 0.453125 0.645864 0.453125 0.654185 0.459375 0.654185 0.464062 0.712427 0.464062 0.712427 0.459375 0.716587 0.456250 0.718667 0.456250 0.724907 0.451562 0.726987 0.451562 0.737388 0.443750 0.737388 0.442187 0.741548 0.439062 0.741548 0.437500 0.743628 0.435937 0.751948 0.435937 0.751948 0.382812 0.743628 0.382812 0.741548 0.381250 0.741548 0.379687 0.739468 0.378125 0.739468 0.376562 0.726987 0.367188 0.724907 0.367188 0.718667 0.362500 0.716587 0.362500 0.714507 0.360937 0.710347 0.360937 0.706186 0.357812 0.706186 0.353125