0 0.650000 0.520833 0.650000 0.527083 0.653125 0.531250 0.654687 0.531250 0.656250 0.533333 0.657813 0.533333 0.659375 0.535417 0.660937 0.535417 0.667188 0.543750 0.668750 0.543750 0.676562 0.554167 0.676562 0.556250 0.681250 0.562500 0.681250 0.564583 0.682813 0.566667 0.682813 0.568750 0.685937 0.572917 0.690625 0.572917 0.690625 0.627083 0.685937 0.627083 0.684375 0.629167 0.684375 0.631250 0.682813 0.633333 0.682813 0.635417 0.681250 0.637500 0.681250 0.639583 0.679688 0.641667 0.679688 0.643750 0.675000 0.650000 0.675000 0.652083 0.671875 0.656250 0.670312 0.656250 0.665625 0.662500 0.664062 0.662500 0.662500 0.664583 0.660937 0.664583 0.659375 0.666667 0.656250 0.666667 0.653125 0.670833 0.653125 0.677083 0.629687 0.677083 0.629687 0.670833 0.628125 0.668750 0.626563 0.668750 0.625000 0.666667 0.620313 0.666667 0.618750 0.664583 0.615625 0.664583 0.614062 0.662500 0.612500 0.662500 0.610938 0.660417 0.609375 0.660417 0.596875 0.643750 0.596875 0.641667 0.593750 0.637500 0.593750 0.635417 0.592187 0.633333 0.592187 0.631250 0.589063 0.627083 0.589063 0.622917 0.587500 0.620833 0.587500 0.602083 0.585938 0.600000 0.585938 0.597917 0.584375 0.595833 0.579688 0.595833 0.579688 0.591667 0.584375 0.591667 0.585938 0.589583 0.585938 0.585417 0.587500 0.583333 0.587500 0.577083 0.585938 0.575000 0.585938 0.568750 0.587500 0.566667 0.587500 0.562500 0.589063 0.560417 0.589063 0.558333 0.590625 0.556250 0.590625 0.554167 0.592187 0.552083 0.592187 0.550000 0.595313 0.545833 0.595313 0.543750 0.600000 0.537500 0.600000 0.535417 0.603125 0.531250 0.604688 0.531250 0.606250 0.529167 0.606250 0.520833
0 0.471875 0.562500 0.471875 0.568750 0.478125 0.577083 0.479688 0.577083 0.492188 0.593750 0.496875 0.593750 0.496875 0.656250 0.490625 0.656250 0.489062 0.658333 0.489062 0.660417 0.478125 0.675000 0.476562 0.675000 0.473437 0.679167 0.473437 0.685417 0.428125 0.685417 0.428125 0.679167 0.425000 0.675000 0.423437 0.675000 0.414062 0.662500 0.414062 0.660417 0.409375 0.654167 0.404688 0.654167 0.404688 0.593750 0.409375 0.593750 0.414062 0.587500 0.414062 0.585417 0.426562 0.568750 0.426562 0.562500
1 0.712500 0.920833 0.712500 0.927083 0.715625 0.931250 0.718750 0.931250 0.721875 0.935417 0.723437 0.935417 0.725000 0.937500 0.726562 0.937500 0.728125 0.939583 0.729688 0.939583 0.734375 0.945833 0.735938 0.945833 0.753125 0.968750 0.753125 0.970833 0.756250 0.975000 0.756250 0.977083 0.760937 0.983333 0.765625 0.983333 0.765625 0.997917 0.604688 0.997917 0.604688 0.981250 0.609375 0.981250 0.612500 0.977083 0.612500 0.975000 0.614062 0.972917 0.614062 0.970833 0.617188 0.966667 0.617188 0.964583 0.620313 0.960417 0.620313 0.958333 0.634375 0.939583 0.635938 0.939583 0.639062 0.935417 0.640625 0.935417 0.642188 0.933333 0.643750 0.933333 0.645312 0.931250 0.646875 0.931250 0.650000 0.927083 0.650000 0.920833
0 0.670312 0.254167 0.670312 0.260417 0.671875 0.262500 0.673438 0.262500 0.675000 0.264583 0.676562 0.264583 0.678125 0.266667 0.679688 0.266667 0.681250 0.268750 0.682813 0.268750 0.685937 0.272917 0.687500 0.272917 0.690625 0.277083 0.692187 0.277083 0.692187 0.279167 0.698438 0.287500 0.698438 0.289583 0.701562 0.293750 0.701562 0.295833 0.704688 0.300000 0.709375 0.300000 0.709375 0.364583 0.703125 0.364583 0.701562 0.366667 0.701562 0.368750 0.700000 0.370833 0.700000 0.372917 0.685937 0.391667 0.684375 0.391667 0.682813 0.393750 0.682813 0.402083 0.632812 0.402083 0.632812 0.395833 0.626563 0.387500 0.625000 0.387500 0.625000 0.385417 0.620313 0.379167 0.620313 0.377083 0.617188 0.372917 0.617188 0.370833 0.614062 0.366667 0.614062 0.364583 0.612500 0.362500 0.612500 0.360417 0.610938 0.358333 0.610938 0.356250 0.607812 0.352083 0.607812 0.350000 0.603125 0.343750 0.598437 0.343750 0.598437 0.306250 0.603125 0.306250 0.606250 0.302083 0.606250 0.300000 0.607812 0.297917 0.607812 0.295833 0.609375 0.293750 0.609375 0.291667 0.628125 0.266667 0.629687 0.266667 0.631250 0.264583 0.632812 0.264583 0.634375 0.262500 0.634375 0.254167
1 0.432813 0.437500 0.432813 0.443750 0.437500 0.450000 0.439062 0.450000 0.451563 0.466667 0.451563 0.468750 0.453125 0.470833 0.459375 0.470833 0.459375 0.520833 0.454687 0.520833 0.453125 0.522917 0.453125 0.525000 0.451563 0.527083 0.451563 0.531250 0.440625 0.545833 0.439062 0.545833 0.435938 0.550000 0.434375 0.550000 0.431250 0.554167 0.431250 0.560417 0.392187 0.560417 0.392187 0.554167 0.389063 0.550000 0.387500 0.550000 0.385938 0.547917 0.384375 0.547917 0.378125 0.539583 0.376562 0.539583 0.376562 0.537500 0.371875 0.531250 0.367188 0.531250 0.367188 0.481250 0.371875 0.481250 0.378125 0.472917 0.378125 0.470833 0.379687 0.468750 0.381250 0.468750 0.382812 0.466667 0.384375 0.466667 0.385938 0.464583 0.387500 0.464583 0.389063 0.462500 0.390625 0.462500 0.392187 0.460417 0.393750 0.460417 0.396875 0.456250 0.398438 0.456250 0.403125 0.450000 0.404688 0.450000 0.409375 0.443750 0.409375 0.437500
1 0.995312 0.829167 0.995312 0.837500 0.996875 0.839583 1.000000 0.839583 1.000000 0.997917 0.921875 0.997917 0.921875 0.995833 0.914062 0.985417 0.914062 0.983333 0.912500 0.981250 0.912500 0.979167 0.909375 0.975000 0.909375 0.970833 0.907812 0.968750 0.907812 0.966667 0.906250 0.964583 0.906250 0.960417 0.904688 0.958333 0.904688 0.954167 0.903125 0.952083 0.903125 0.947917 0.901562 0.945833 0.901562 0.937500 0.900000 0.935417 0.900000 0.918750 0.898438 0.916667 0.898438 0.910417 0.896875 0.908333 0.892187 0.908333 0.892187 0.870833 0.896875 0.870833 0.901562 0.864583 0.901562 0.862500 0.907812 0.854167 0.909375 0.854167 0.910938 0.852083 0.912500 0.852083 0.914062 0.850000 0.915625 0.850000 0.917187 0.847917 0.920313 0.847917 0.921875 0.845833 0.926563 0.845833 0.928125 0.843750 0.931250 0.843750 0.932812 0.841667 0.935938 0.841667 0.937500 0.839583 0.945312 0.839583 0.946875 0.837500 0.951563 0.837500 0.953125 0.835417 0.953125 0.829167
1 0.592187 0.337500 0.592187 0.343750 0.595313 0.347917 0.596875 0.347917 0.604688 0.358333 0.606250 0.358333 0.607812 0.360417 0.607812 0.362500 0.617188 0.375000 0.621875 0.375000 0.621875 0.427083 0.617188 0.427083 0.615625 0.429167 0.615625 0.431250 0.614062 0.433333 0.614062 0.437500 0.612500 0.439583 0.612500 0.441667 0.606250 0.450000 0.606250 0.452083 0.604688 0.454167 0.603125 0.454167 0.598437 0.460417 0.598437 0.468750 0.543750 0.468750 0.543750 0.460417 0.542188 0.458333 0.540625 0.458333 0.534375 0.450000 0.534375 0.447917 0.531250 0.443750 0.531250 0.441667 0.528125 0.437500 0.523438 0.437500 0.523438 0.364583 0.529687 0.364583 0.534375 0.358333 0.534375 0.356250 0.543750 0.343750 0.543750 0.337500
2 0.573438 0.195833 0.573438 0.202083 0.576562 0.206250 0.578125 0.206250 0.584375 0.214583 0.585938 0.214583 0.590625 0.220833 0.592187 0.220833 0.592187 0.222917 0.595313 0.227083 0.595313 0.229167 0.600000 0.235417 0.600000 0.237500 0.601562 0.239583 0.601562 0.241667 0.604688 0.245833 0.609375 0.245833 0.609375 0.275000 0.604688 0.275000 0.603125 0.277083 0.603125 0.281250 0.601562 0.283333 0.601562 0.293750 0.600000 0.295833 0.600000 0.300000 0.585938 0.318750 0.584375 0.318750 0.581250 0.322917 0.579688 0.322917 0.578125 0.325000 0.576562 0.325000 0.573438 0.329167 0.573438 0.335417 0.526563 0.335417 0.526563 0.327083 0.525000 0.325000 0.523438 0.325000 0.520312 0.320833 0.518750 0.320833 0.507812 0.306250 0.507812 0.304167 0.503125 0.297917 0.498438 0.297917 0.498438 0.237500 0.503125 0.237500 0.507812 0.231250 0.507812 0.229167 0.521875 0.210417 0.523438 0.210417 0.526563 0.206250 0.528125 0.206250 0.531250 0.202083 0.531250 0.195833
0 0.332812 0.462500 0.332812 0.468750 0.337500 0.475000 0.339063 0.475000 0.348437 0.487500 0.353125 0.487500 0.353125 0.550000 0.348437 0.550000 0.345312 0.554167 0.343750 0.554167 0.340625 0.558333 0.339063 0.558333 0.335938 0.562500 0.334375 0.562500 0.331250 0.566667 0.329687 0.566667 0.326563 0.570833 0.325000 0.570833 0.321875 0.575000 0.320312 0.575000 0.317187 0.579167 0.317187 0.585417 0.295313 0.585417 0.295313 0.579167 0.292188 0.575000 0.290625 0.575000 0.289062 0.572917 0.285937 0.572917 0.279688 0.564583 0.278125 0.564583 0.275000 0.560417 0.275000 0.558333 0.270312 0.552083 0.270312 0.550000 0.265625 0.543750 0.260938 0.543750 0.260938 0.493750 0.265625 0.493750 0.270312 0.487500 0.270312 0.485417 0.279688 0.472917 0.281250 0.472917 0.284375 0.468750 0.284375 0.462500
2 0.539062 0.679167 0.539062 0.685417 0.540625 0.687500 0.542188 0.687500 0.543750 0.689583 0.546875 0.689583 0.548438 0.691667 0.550000 0.691667 0.551562 0.693750 0.553125 0.693750 0.556250 0.697917 0.557813 0.697917 0.564063 0.706250 0.564063 0.708333 0.565625 0.710417 0.571875 0.710417 0.571875 0.781250 0.565625 0.781250 0.562500 0.785417 0.562500 0.787500 0.554688 0.797917 0.553125 0.797917 0.548438 0.804167 0.548438 0.810417 0.495313 0.810417 0.495313 0.802083 0.492188 0.797917 0.490625 0.797917 0.482813 0.787500 0.482813 0.785417 0.478125 0.779167 0.478125 0.777083 0.476562 0.775000 0.476562 0.772917 0.475000 0.770833 0.475000 0.766667 0.471875 0.762500 0.467188 0.762500 0.467188 0.729167 0.471875 0.729167 0.475000 0.725000 0.475000 0.722917 0.476562 0.720833 0.476562 0.718750 0.478125 0.716667 0.478125 0.714583 0.489062 0.700000 0.490625 0.700000 0.492188 0.697917 0.493750 0.697917 0.495313 0.695833 0.496875 0.695833 0.498438 0.693750 0.504687 0.693750 0.506250 0.691667 0.509375 0.691667 0.510938 0.689583 0.515625 0.689583 0.518750 0.685417 0.518750 0.679167
0 0.482813 0.304167 0.482813 0.312500 0.487500 0.318750 0.487500 0.320833 0.490625 0.325000 0.490625 0.327083 0.492188 0.329167 0.492188 0.333333 0.493750 0.335417 0.493750 0.339583 0.495313 0.341667 0.495313 0.343750 0.498438 0.347917 0.503125 0.347917 0.503125 0.387500 0.498438 0.387500 0.496875 0.389583 0.496875 0.391667 0.495313 0.393750 0.495313 0.397917 0.493750 0.400000 0.493750 0.402083 0.492188 0.404167 0.492188 0.406250 0.490625 0.408333 0.490625 0.410417 0.487500 0.414583 0.487500 0.416667 0.484375 0.420833 0.482813 0.420833 0.478125 0.427083 0.476562 0.427083 0.473437 0.431250 0.471875 0.431250 0.470312 0.433333 0.468750 0.433333 0.467188 0.435417 0.465625 0.435417 0.464063 0.437500 0.464063 0.443750 0.439062 0.443750 0.439062 0.437500 0.435938 0.433333 0.432813 0.433333 0.431250 0.431250 0.429688 0.431250 0.423437 0.422917 0.423437 0.420833 0.421875 0.418750 0.421875 0.414583 0.420313 0.412500 0.420313 0.402083 0.418750 0.400000 0.418750 0.391667 0.417188 0.389583 0.417188 0.383333 0.415625 0.381250 0.415625 0.377083 0.414062 0.375000 0.414062 0.368750 0.412500 0.366667 0.412500 0.364583 0.410937 0.362500 0.410937 0.354167 0.412500 0.352083 0.412500 0.350000 0.414062 0.347917 0.414062 0.343750 0.417188 0.339583 0.417188 0.337500 0.435938 0.312500 0.435938 0.304167
1 0.578125 0.554167 0.578125 0.562500 0.582812 0.568750 0.589063 0.568750 0.592187 0.564583 0.596875 0.564583 0.596875 0.647917 0.592187 0.647917 0.589063 0.652083 0.589063 0.654167 0.576562 0.670833 0.575000 0.670833 0.573438 0.672917 0.571875 0.672917 0.570312 0.675000 0.568750 0.675000 0.565625 0.679167 0.565625 0.685417 0.523438 0.685417 0.523438 0.677083 0.521875 0.675000 0.520312 0.675000 0.517188 0.670833 0.515625 0.670833 0.514062 0.668750 0.514062 0.666667 0.510938 0.662500 0.504687 0.662500 0.504687 0.587500 0.509375 0.587500 0.510938 0.585417 0.512500 0.585417 0.514062 0.583333 0.514062 0.581250 0.528125 0.562500 0.528125 0.554167
2 0.384375 0.329167 0.384375 0.335417 0.387500 0.339583 0.390625 0.339583 0.392187 0.341667 0.393750 0.341667 0.395312 0.343750 0.396875 0.343750 0.398438 0.345833 0.400000 0.345833 0.404688 0.352083 0.406250 0.352083 0.406250 0.354167 0.409375 0.358333 0.409375 0.360417 0.410937 0.362500 0.415625 0.362500 0.415625 0.435417 0.410937 0.435417 0.400000 0.450000 0.398438 0.450000 0.396875 0.452083 0.396875 0.460417 0.346875 0.460417 0.346875 0.454167 0.343750 0.450000 0.342188 0.450000 0.331250 0.435417 0.331250 0.433333 0.328125 0.429167 0.328125 0.427083 0.326563 0.425000 0.326563 0.422917 0.325000 0.420833 0.325000 0.416667 0.321875 0.412500 0.317187 0.412500 0.317187 0.389583 0.321875 0.389583 0.323438 0.387500 0.323438 0.385417 0.325000 0.383333 0.325000 0.381250 0.326563 0.379167 0.326563 0.375000 0.328125 0.372917 0.328125 0.370833 0.332812 0.364583 0.332812 0.362500 0.346875 0.343750 0.348437 0.343750 0.350000 0.341667 0.351562 0.341667 0.353125 0.339583 0.356250 0.339583 0.359375 0.335417 0.359375 0.329167
1 0.387500 0.670833 0.387500 0.677083 0.401563 0.695833 0.401563 0.697917 0.407812 0.706250 0.407812 0.708333 0.410937 0.712500 0.415625 0.712500 0.415625 0.752083 0.410937 0.752083 0.407812 0.756250 0.407812 0.758333 0.406250 0.760417 0.406250 0.762500 0.400000 0.770833 0.400000 0.772917 0.393750 0.781250 0.392187 0.781250 0.389063 0.785417 0.387500 0.785417 0.384375 0.789583 0.381250 0.789583 0.379687 0.791667 0.375000 0.791667 0.371875 0.795833 0.371875 0.802083 0.359375 0.802083 0.359375 0.795833 0.357813 0.793750 0.356250 0.793750 0.354688 0.791667 0.351562 0.791667 0.350000 0.789583 0.346875 0.789583 0.342188 0.783333 0.340625 0.783333 0.339063 0.781250 0.337500 0.781250 0.331250 0.772917 0.331250 0.770833 0.326563 0.764583 0.326563 0.762500 0.325000 0.760417 0.325000 0.758333 0.321875 0.754167 0.317187 0.754167 0.317187 0.712500 0.321875 0.712500 0.326563 0.706250 0.326563 0.704167 0.328125 0.702083 0.328125 0.700000 0.340625 0.683333 0.342188 0.683333 0.346875 0.677083 0.346875 0.670833
2 0.673438 0.404167 0.675000 0.406250 0.696875 0.406250 0.698438 0.408333 0.701562 0.408333 0.703125 0.410417 0.706250 0.410417 0.707812 0.412500 0.709375 0.412500 0.712500 0.416667 0.714063 0.416667 0.715625 0.418750 0.717187 0.418750 0.717187 0.420833 0.721875 0.427083 0.723437 0.427083 0.723437 0.429167 0.729688 0.437500 0.729688 0.439583 0.731250 0.441667 0.731250 0.443750 0.735938 0.450000 0.740625 0.450000 0.740625 0.512500 0.735938 0.512500 0.732812 0.516667 0.732812 0.518750 0.731250 0.520833 0.731250 0.522917 0.725000 0.531250 0.725000 0.533333 0.717187 0.543750 0.715625 0.543750 0.714063 0.545833 0.712500 0.545833 0.709375 0.550000 0.707812 0.550000 0.704688 0.554167 0.704688 0.560417 0.678125 0.560417 0.678125 0.554167 0.668750 0.541667 0.667188 0.541667 0.664062 0.537500 0.660937 0.537500 0.659375 0.535417 0.657813 0.535417 0.653125 0.529167 0.650000 0.529167 0.648438 0.527083 0.646875 0.527083 0.642188 0.520833 0.640625 0.520833 0.639062 0.518750 0.635938 0.518750 0.629687 0.510417 0.623437 0.510417 0.623437 0.441667 0.628125 0.441667 0.632812 0.435417 0.632812 0.433333 0.642188 0.420833 0.643750 0.420833 0.646875 0.416667 0.648438 0.416667 0.650000 0.414583 0.651563 0.414583 0.657813 0.406250 0.659375 0.406250 0.660937 0.404167
2 0.378125 0.554167 0.378125 0.560417 0.392187 0.579167 0.392187 0.581250 0.393750 0.583333 0.393750 0.585417 0.395312 0.587500 0.395312 0.595833 0.396875 0.597917 0.396875 0.606250 0.398438 0.608333 0.403125 0.608333 0.403125 0.635417 0.398438 0.635417 0.395312 0.639583 0.395312 0.643750 0.393750 0.645833 0.393750 0.647917 0.392187 0.650000 0.392187 0.652083 0.382812 0.664583 0.381250 0.664583 0.379687 0.666667 0.378125 0.666667 0.375000 0.670833 0.375000 0.677083 0.345312 0.677083 0.345312 0.670833 0.342188 0.666667 0.340625 0.666667 0.339063 0.664583 0.335938 0.664583 0.334375 0.662500 0.332812 0.662500 0.331250 0.660417 0.329687 0.660417 0.325000 0.654167 0.323438 0.654167 0.321875 0.652083 0.321875 0.650000 0.315625 0.641667 0.310938 0.641667 0.310938 0.589583 0.317187 0.589583 0.329687 0.572917 0.331250 0.572917 0.335938 0.566667 0.337500 0.566667 0.339063 0.564583 0.342188 0.564583 0.343750 0.562500 0.343750 0.554167
1 0.362500 0.954167 0.362500 0.960417 0.367188 0.966667 0.368750 0.966667 0.373438 0.972917 0.375000 0.972917 0.378125 0.977083 0.379687 0.977083 0.384375 0.983333 0.385938 0.983333 0.389063 0.987500 0.390625 0.987500 0.392187 0.989583 0.396875 0.989583 0.396875 0.997917 0.304688 0.997917 0.304688 0.991667 0.310938 0.991667 0.312500 0.989583 0.312500 0.987500 0.325000 0.970833 0.326563 0.970833 0.331250 0.964583 0.332812 0.964583 0.335938 0.960417 0.335938 0.954167
2 0.523438 0.454167 0.523438 0.464583 0.525000 0.466667 0.525000 0.468750 0.528125 0.472917 0.535937 0.472917 0.537500 0.475000 0.539062 0.475000 0.548438 0.487500 0.553125 0.487500 0.553125 0.529167 0.548438 0.529167 0.546875 0.531250 0.546875 0.535417 0.545312 0.537500 0.545312 0.541667 0.535937 0.554167 0.534375 0.554167 0.532813 0.556250 0.531250 0.556250 0.529687 0.558333 0.529687 0.560417 0.528125 0.562500 0.526563 0.562500 0.515625 0.577083 0.515625 0.585417 0.481250 0.585417 0.481250 0.579167 0.476562 0.572917 0.475000 0.572917 0.459375 0.552083 0.454687 0.552083 0.454687 0.502083 0.459375 0.502083 0.462500 0.497917 0.462500 0.493750 0.464063 0.491667 0.464063 0.489583 0.465625 0.487500 0.465625 0.483333 0.467188 0.481250 0.467188 0.479167 0.468750 0.477083 0.468750 0.470833 0.470312 0.468750 0.470312 0.466667 0.473437 0.462500 0.473437 0.460417 0.479688 0.452083 0.481250 0.452083 0.487500 0.443750 0.487500 0.437500 0.515625 0.437500 0.515625 0.445833 0.517188 0.447917 0.518750 0.447917 0.523438 0.454167 0.532813 0.445833 0.532813 0.437500 0.553125 0.437500 0.553125 0.462500 0.546875 0.462500 0.545312 0.460417 0.543750 0.460417 0.540625 0.456250 0.539062 0.456250 0.534375 0.450000 0.534375 0.447917 0.532813 0.445833