1 0.628125 0.429167 0.628125 0.435417 0.625000 0.439583 0.623438 0.439583 0.621875 0.441667 0.620313 0.441667 0.614062 0.450000 0.612500 0.450000 0.609375 0.454167 0.609375 0.456250 0.601562 0.466667 0.601562 0.468750 0.600000 0.470833 0.600000 0.472917 0.598437 0.475000 0.598437 0.477083 0.595312 0.481250 0.590625 0.481250 0.590625 0.535417 0.596875 0.535417 0.598437 0.537500 0.600000 0.537500 0.604688 0.543750 0.604688 0.545833 0.614062 0.558333 0.614062 0.560417 0.628125 0.579167 0.629687 0.579167 0.635938 0.587500 0.635938 0.593750 0.689062 0.593750 0.689062 0.585417 0.690625 0.583333 0.692187 0.583333 0.695312 0.579167 0.696875 0.579167 0.701563 0.572917 0.701563 0.570833 0.707812 0.562500 0.707812 0.560417 0.709375 0.558333 0.709375 0.556250 0.710938 0.554167 0.710938 0.550000 0.712500 0.547917 0.712500 0.543750 0.715625 0.539583 0.720312 0.539583 0.720312 0.491667 0.715625 0.491667 0.712500 0.487500 0.712500 0.485417 0.710938 0.483333 0.710938 0.479167 0.709375 0.477083 0.709375 0.475000 0.707812 0.472917 0.707812 0.470833 0.706250 0.468750 0.706250 0.466667 0.704687 0.464583 0.704687 0.462500 0.703125 0.460417 0.703125 0.458333 0.695312 0.447917 0.693750 0.447917 0.690625 0.443750 0.689062 0.443750 0.687500 0.441667 0.685938 0.441667 0.684375 0.439583 0.682813 0.439583 0.679688 0.435417 0.679688 0.429167
0 0.320312 0.470833 0.320312 0.477083 0.318750 0.479167 0.317187 0.479167 0.315625 0.481250 0.312500 0.481250 0.310937 0.483333 0.309375 0.483333 0.303125 0.491667 0.301562 0.491667 0.292188 0.504167 0.292188 0.506250 0.289062 0.510417 0.284375 0.510417 0.284375 0.564583 0.290625 0.564583 0.296875 0.572917 0.298438 0.572917 0.300000 0.575000 0.301562 0.575000 0.303125 0.577083 0.306250 0.577083 0.307813 0.579167 0.312500 0.579167 0.314063 0.581250 0.320312 0.581250 0.321875 0.583333 0.326562 0.583333 0.328125 0.585417 0.331250 0.585417 0.332812 0.587500 0.332812 0.593750 0.350000 0.593750 0.350000 0.587500 0.351562 0.585417 0.353125 0.585417 0.354688 0.583333 0.356250 0.583333 0.357812 0.581250 0.359375 0.581250 0.365625 0.572917 0.365625 0.570833 0.371875 0.562500 0.376563 0.562500 0.376563 0.510417 0.370313 0.510417 0.368750 0.508333 0.368750 0.506250 0.367188 0.504167 0.367188 0.502083 0.359375 0.491667 0.357812 0.491667 0.351562 0.483333 0.350000 0.483333 0.348437 0.481250 0.345313 0.481250 0.342187 0.477083 0.342187 0.470833
1 0.576563 0.245833 0.576563 0.252083 0.570312 0.260417 0.568750 0.260417 0.557813 0.275000 0.557813 0.277083 0.551562 0.285417 0.546875 0.285417 0.546875 0.368750 0.551562 0.368750 0.554688 0.372917 0.554688 0.375000 0.571875 0.397917 0.573438 0.397917 0.575000 0.400000 0.576563 0.400000 0.579687 0.404167 0.581250 0.404167 0.582812 0.406250 0.584375 0.406250 0.585938 0.408333 0.589063 0.408333 0.592188 0.412500 0.592188 0.418750 0.626562 0.418750 0.626562 0.412500 0.629687 0.408333 0.631250 0.408333 0.632812 0.406250 0.634375 0.406250 0.635938 0.404167 0.637500 0.404167 0.640625 0.400000 0.642187 0.400000 0.645312 0.395833 0.646875 0.395833 0.653125 0.387500 0.653125 0.385417 0.659375 0.377083 0.659375 0.375000 0.660937 0.372917 0.660937 0.370833 0.662500 0.368750 0.662500 0.366667 0.665625 0.362500 0.670313 0.362500 0.670313 0.304167 0.664062 0.304167 0.659375 0.310417 0.657812 0.308333 0.657812 0.306250 0.656250 0.304167 0.656250 0.302083 0.654688 0.300000 0.653125 0.300000 0.651563 0.297917 0.651563 0.295833 0.650000 0.293750 0.650000 0.289583 0.648438 0.287500 0.648438 0.285417 0.643750 0.279167 0.643750 0.277083 0.628125 0.256250 0.626562 0.256250 0.623438 0.252083 0.623438 0.245833
1 0.506250 0.620833 0.506250 0.627083 0.503125 0.631250 0.501562 0.631250 0.500000 0.633333 0.498437 0.633333 0.493750 0.639583 0.492188 0.639583 0.482812 0.652083 0.478125 0.652083 0.478125 0.710417 0.482812 0.710417 0.487500 0.716667 0.487500 0.718750 0.489062 0.720833 0.489062 0.722917 0.495313 0.731250 0.496875 0.731250 0.501562 0.737500 0.501562 0.743750 0.553125 0.743750 0.553125 0.735417 0.554688 0.733333 0.556250 0.733333 0.565625 0.720833 0.570312 0.720833 0.570312 0.672917 0.565625 0.672917 0.562500 0.668750 0.562500 0.664583 0.556250 0.656250 0.556250 0.654167 0.551562 0.647917 0.551562 0.645833 0.546875 0.639583 0.546875 0.637500 0.545313 0.635417 0.545313 0.633333 0.542188 0.629167 0.542188 0.620833
2 0.284375 0.579167 0.284375 0.587500 0.281250 0.591667 0.279687 0.591667 0.276563 0.595833 0.276563 0.597917 0.270312 0.606250 0.265625 0.606250 0.265625 0.668750 0.270312 0.668750 0.271875 0.670833 0.273438 0.670833 0.276563 0.675000 0.276563 0.677083 0.278125 0.679167 0.279687 0.679167 0.285937 0.687500 0.287500 0.687500 0.290625 0.691667 0.292188 0.691667 0.295312 0.695833 0.295312 0.702083 0.325000 0.702083 0.325000 0.695833 0.329688 0.689583 0.331250 0.689583 0.334375 0.685417 0.335938 0.685417 0.339063 0.681250 0.340625 0.681250 0.343750 0.677083 0.345313 0.677083 0.345313 0.675000 0.350000 0.668750 0.350000 0.666667 0.351562 0.664583 0.357812 0.664583 0.357812 0.610417 0.351562 0.610417 0.350000 0.608333 0.350000 0.606250 0.346875 0.602083 0.346875 0.600000 0.345313 0.600000 0.342187 0.595833 0.340625 0.595833 0.335938 0.589583 0.334375 0.589583 0.332812 0.587500 0.331250 0.587500 0.329688 0.585417 0.329688 0.579167
2 0.460938 0.504167 0.460938 0.510417 0.457812 0.514583 0.456250 0.514583 0.453125 0.518750 0.451562 0.518750 0.446875 0.525000 0.445312 0.525000 0.443750 0.527083 0.443750 0.529167 0.440625 0.533333 0.434375 0.533333 0.434375 0.606250 0.440625 0.606250 0.442187 0.608333 0.442187 0.610417 0.456250 0.629167 0.457812 0.629167 0.459375 0.631250 0.460938 0.631250 0.462500 0.633333 0.464063 0.633333 0.467187 0.637500 0.467187 0.643750 0.495313 0.643750 0.495313 0.635417 0.498437 0.631250 0.500000 0.631250 0.501562 0.629167 0.503125 0.629167 0.504687 0.627083 0.506250 0.627083 0.510938 0.620833 0.512500 0.620833 0.514063 0.618750 0.515625 0.618750 0.520312 0.612500 0.520312 0.610417 0.521875 0.608333 0.521875 0.606250 0.523438 0.604167 0.523438 0.602083 0.525000 0.600000 0.525000 0.587500 0.526563 0.585417 0.526563 0.579167 0.528125 0.577083 0.532812 0.577083 0.532812 0.545833 0.528125 0.545833 0.525000 0.541667 0.525000 0.539583 0.521875 0.535417 0.521875 0.533333 0.504687 0.510417 0.504687 0.504167
0 0.612500 0.870833 0.612500 0.879167 0.609375 0.883333 0.603125 0.883333 0.603125 0.922917 0.607813 0.922917 0.610937 0.927083 0.610937 0.931250 0.612500 0.933333 0.612500 0.935417 0.614062 0.937500 0.614062 0.939583 0.617188 0.943750 0.617188 0.945833 0.632812 0.966667 0.634375 0.966667 0.637500 0.970833 0.637500 0.977083 0.687500 0.977083 0.687500 0.970833 0.690625 0.966667 0.692187 0.966667 0.693750 0.964583 0.695312 0.964583 0.698438 0.960417 0.698438 0.958333 0.701563 0.954167 0.703125 0.954167 0.706250 0.950000 0.706250 0.947917 0.709375 0.943750 0.714063 0.943750 0.714063 0.891667 0.707812 0.891667 0.703125 0.885417 0.703125 0.883333 0.700000 0.879167 0.700000 0.870833 0.648438 0.870833 0.648438 0.877083 0.646875 0.879167 0.645312 0.877083 0.645312 0.870833
1 0.853125 0.012500 0.853125 0.102083 0.859375 0.102083 0.862500 0.106250 0.862500 0.108333 0.864062 0.110417 0.864062 0.116667 0.862500 0.118750 0.853125 0.118750 0.853125 0.133333 0.857813 0.133333 0.859375 0.135417 0.859375 0.137500 0.860937 0.139583 0.860937 0.141667 0.862500 0.143750 0.862500 0.166667 0.860937 0.168750 0.860937 0.191667 0.862500 0.193750 0.862500 0.200000 0.864062 0.202083 0.864062 0.206250 0.865625 0.208333 0.865625 0.210417 0.867188 0.212500 0.867188 0.216667 0.868750 0.218750 0.868750 0.220833 0.871875 0.225000 0.871875 0.227083 0.873438 0.229167 0.873438 0.231250 0.876562 0.235417 0.876562 0.237500 0.882812 0.245833 0.884375 0.245833 0.885938 0.247917 0.887500 0.247917 0.889063 0.250000 0.890625 0.250000 0.893750 0.254167 0.895312 0.254167 0.898438 0.258333 0.900000 0.258333 0.904688 0.264583 0.906250 0.264583 0.923437 0.287500 0.925000 0.287500 0.932813 0.297917 0.934375 0.297917 0.937500 0.302083 0.939062 0.302083 0.940625 0.304167 0.942187 0.304167 0.943750 0.306250 0.945312 0.306250 0.946875 0.308333 0.948438 0.308333 0.951563 0.312500 0.951563 0.318750 0.993750 0.318750 0.993750 0.312500 0.995313 0.310417 0.998438 0.310417 0.998438 0.075000 0.992188 0.075000 0.984375 0.064583 0.978125 0.064583 0.976562 0.062500 0.976562 0.058333 0.978125 0.056250 0.978125 0.052083 0.979688 0.050000 0.979688 0.047917 0.981250 0.045833 0.981250 0.043750 0.984375 0.039583 0.984375 0.037500 0.985937 0.035417 0.985937 0.031250 0.987500 0.029167 0.987500 0.027083 0.989062 0.025000 0.989062 0.022917 0.990625 0.020833 0.990625 0.012500
2 0.965625 0.620833 0.965625 0.629167 0.964063 0.631250 0.962500 0.631250 0.956250 0.639583 0.956250 0.641667 0.953125 0.645833 0.953125 0.647917 0.951563 0.650000 0.951563 0.652083 0.950000 0.654167 0.950000 0.658333 0.948438 0.660417 0.948438 0.664583 0.945312 0.668750 0.940625 0.668750 0.940625 0.720833 0.945312 0.720833 0.948438 0.725000 0.948438 0.727083 0.950000 0.729167 0.950000 0.731250 0.951563 0.733333 0.951563 0.737500 0.954687 0.741667 0.954687 0.743750 0.956250 0.745833 0.956250 0.747917 0.957812 0.750000 0.957812 0.752083 0.960938 0.756250 0.960938 0.758333 0.962500 0.760417 0.962500 0.762500 0.967188 0.768750 0.968750 0.768750 0.971875 0.772917 0.973437 0.772917 0.978125 0.779167 0.978125 0.785417 0.998438 0.785417 0.998438 0.620833
2 0.634375 0.658333 0.634375 0.668750 0.639063 0.668750 0.639063 0.658333 0.634375 0.658333 0.629687 0.637500 0.634375 0.631250 0.639063 0.631250 0.639063 0.589583 0.632812 0.589583 0.623438 0.577083 0.621875 0.577083 0.620313 0.575000 0.620313 0.572917 0.593750 0.537500 0.593750 0.529167 0.564062 0.529167 0.564062 0.535417 0.559375 0.541667 0.557813 0.541667 0.548437 0.554167 0.548437 0.556250 0.543750 0.562500 0.543750 0.564583 0.542188 0.566667 0.542188 0.570833 0.539062 0.575000 0.534375 0.575000 0.534375 0.618750 0.539062 0.618750 0.542188 0.622917 0.542188 0.625000 0.545313 0.629167 0.545313 0.633333 0.550000 0.639583 0.550000 0.641667 0.557813 0.652083 0.557813 0.654167 0.564062 0.662500 0.564062 0.668750 0.604688 0.668750 0.604688 0.662500 0.606250 0.660417 0.607813 0.660417 0.609375 0.658333 0.610937 0.658333 0.617188 0.650000 0.618750 0.650000 0.628125 0.637500 0.629687 0.637500
2 0.828125 0.000000 0.828125 0.062500 0.832812 0.062500 0.834375 0.064583 0.834375 0.066667 0.835938 0.068750 0.835938 0.072917 0.837500 0.075000 0.837500 0.077083 0.839063 0.079167 0.839063 0.081250 0.842188 0.085417 0.842188 0.087500 0.843750 0.089583 0.845312 0.089583 0.850000 0.095833 0.851562 0.095833 0.853125 0.097917 0.854688 0.097917 0.856250 0.100000 0.860937 0.100000 0.864062 0.104167 0.864062 0.110417 0.920313 0.110417 0.920313 0.104167 0.921875 0.102083 0.925000 0.102083 0.926562 0.100000 0.932813 0.100000 0.934375 0.097917 0.937500 0.097917 0.940625 0.093750 0.943750 0.093750 0.945312 0.091667 0.946875 0.091667 0.948438 0.089583 0.950000 0.089583 0.951563 0.087500 0.953125 0.087500 0.971875 0.062500 0.971875 0.060417 0.975000 0.056250 0.975000 0.054167 0.978125 0.050000 0.978125 0.047917 0.981250 0.043750 0.981250 0.041667 0.984375 0.037500 0.984375 0.035417 0.985937 0.033333 0.985937 0.031250 0.987500 0.029167 0.987500 0.027083 0.990625 0.022917 0.995313 0.022917 0.995313 0.000000
1 0.559375 0.000000 0.559375 0.012500 0.564062 0.012500 0.565625 0.014583 0.565625 0.016667 0.567187 0.018750 0.567187 0.031250 0.568750 0.033333 0.568750 0.041667 0.567187 0.043750 0.567187 0.064583 0.568750 0.066667 0.568750 0.070833 0.570312 0.072917 0.570312 0.077083 0.571875 0.079167 0.571875 0.081250 0.573438 0.083333 0.573438 0.085417 0.575000 0.087500 0.575000 0.089583 0.576563 0.091667 0.576563 0.093750 0.581250 0.100000 0.581250 0.102083 0.584375 0.106250 0.585938 0.106250 0.590625 0.112500 0.592188 0.112500 0.595312 0.116667 0.598437 0.116667 0.601562 0.120833 0.601562 0.127083 0.640625 0.127083 0.640625 0.120833 0.643750 0.116667 0.646875 0.116667 0.648438 0.114583 0.651563 0.114583 0.653125 0.112500 0.654688 0.112500 0.657812 0.108333 0.659375 0.108333 0.660937 0.106250 0.662500 0.106250 0.664062 0.104167 0.665625 0.104167 0.670313 0.097917 0.671875 0.097917 0.678125 0.089583 0.679688 0.089583 0.681250 0.087500 0.682813 0.087500 0.684375 0.085417 0.689062 0.085417 0.690625 0.087500 0.700000 0.087500 0.701563 0.089583 0.709375 0.089583 0.710938 0.087500 0.715625 0.087500 0.721875 0.079167 0.726562 0.079167 0.726562 0.052083 0.720312 0.052083 0.715625 0.045833 0.715625 0.043750 0.714063 0.043750 0.712500 0.041667 0.710938 0.041667 0.707812 0.037500 0.706250 0.037500 0.698438 0.027083 0.698438 0.025000 0.696875 0.022917 0.696875 0.018750 0.695312 0.016667 0.695312 0.014583 0.693750 0.014583 0.689062 0.008333 0.687500 0.008333 0.685938 0.006250 0.679688 0.006250 0.678125 0.008333 0.676562 0.008333 0.673437 0.012500 0.671875 0.012500 0.670313 0.014583 0.665625 0.014583 0.662500 0.010417 0.665625 0.006250 0.667188 0.006250 0.668750 0.004167 0.668750 0.000000
2 0.159375 0.000000 0.159375 0.002083 0.160938 0.002083 0.162500 0.004167 0.164062 0.004167 0.165625 0.006250 0.167187 0.006250 0.170312 0.010417 0.170312 0.012500 0.171875 0.012500 0.173438 0.014583 0.175000 0.014583 0.178125 0.018750 0.178125 0.027083 0.195312 0.027083 0.195312 0.018750 0.204688 0.006250 0.206250 0.006250 0.207813 0.004167 0.214062 0.004167 0.214062 0.000000
0 0.631250 0.829167 0.631250 0.835417 0.620313 0.850000 0.620313 0.852083 0.617188 0.856250 0.617188 0.858333 0.614062 0.862500 0.609375 0.862500 0.609375 0.885417 0.695312 0.885417 0.695312 0.879167 0.696875 0.877083 0.698438 0.877083 0.700000 0.875000 0.701563 0.875000 0.704687 0.870833 0.704687 0.868750 0.701563 0.864583 0.701563 0.862500 0.690625 0.847917 0.689062 0.847917 0.684375 0.841667 0.682813 0.841667 0.681250 0.839583 0.679688 0.839583 0.676562 0.835417 0.676562 0.829167