1 0.624546 0.515625 0.624546 0.520312 0.626626 0.521875 0.628706 0.521875 0.630786 0.523437 0.632866 0.523437 0.634946 0.525000 0.637026 0.525000 0.639106 0.526562 0.641187 0.526562 0.645347 0.529687 0.647427 0.529687 0.655747 0.535937 0.657827 0.535937 0.659907 0.537500 0.659907 0.539062 0.668228 0.545312 0.668228 0.548437 0.672388 0.551562 0.678628 0.551562 0.678628 0.575000 0.672388 0.575000 0.670308 0.576562 0.670308 0.578125 0.668228 0.579687 0.668228 0.584375 0.659907 0.590625 0.659907 0.592187 0.645347 0.603125 0.643267 0.603125 0.639106 0.606250 0.637026 0.606250 0.632866 0.609375 0.632866 0.614062 0.562144 0.614062 0.562144 0.607813 0.560064 0.606250 0.557983 0.606250 0.553823 0.603125 0.551743 0.603125 0.543423 0.596875 0.543423 0.595312 0.539263 0.592187 0.530942 0.592187 0.530942 0.543750 0.537183 0.543750 0.541343 0.540625 0.541343 0.539062 0.560064 0.525000 0.562144 0.525000 0.564224 0.523437 0.570464 0.523437 0.572544 0.521875 0.576704 0.521875 0.578784 0.523437 0.580864 0.521875 0.582944 0.521875 0.585024 0.520312 0.585024 0.515625
0 0.701509 0.403125 0.701509 0.407812 0.703589 0.409375 0.705669 0.409375 0.707749 0.410937 0.709829 0.410937 0.713989 0.414062 0.716069 0.414062 0.738950 0.431250 0.738950 0.432812 0.741030 0.434375 0.741030 0.435937 0.743110 0.437500 0.743110 0.439062 0.747271 0.442187 0.753511 0.442187 0.753511 0.476562 0.747271 0.476562 0.743110 0.479687 0.743110 0.481250 0.734790 0.487500 0.734790 0.489062 0.722310 0.498437 0.720230 0.498437 0.713989 0.503125 0.711909 0.503125 0.709829 0.504687 0.707749 0.504687 0.705669 0.506250 0.701509 0.506250 0.697349 0.509375 0.697349 0.514062 0.661987 0.514062 0.661987 0.509375 0.657827 0.506250 0.653667 0.506250 0.651587 0.504687 0.647427 0.504687 0.645347 0.503125 0.643267 0.503125 0.639106 0.500000 0.637026 0.500000 0.620386 0.487500 0.620386 0.485937 0.618306 0.484375 0.618306 0.482812 0.616226 0.481250 0.616226 0.479687 0.614146 0.478125 0.614146 0.476562 0.612065 0.475000 0.605825 0.475000 0.605825 0.431250 0.612065 0.431250 0.626626 0.420312 0.626626 0.418750 0.628706 0.417187 0.630786 0.417187 0.639106 0.410937 0.641187 0.410937 0.645347 0.407812 0.645347 0.403125
0 0.682788 0.609375 0.682788 0.615625 0.684868 0.617188 0.686948 0.617188 0.689028 0.618750 0.691108 0.618750 0.695269 0.621875 0.697349 0.621875 0.711909 0.632812 0.711909 0.634375 0.716069 0.637500 0.716069 0.640625 0.718149 0.642187 0.718149 0.643750 0.722310 0.646875 0.728550 0.646875 0.728550 0.689062 0.722310 0.689062 0.716069 0.693750 0.716069 0.695312 0.709829 0.700000 0.709829 0.701562 0.695269 0.712500 0.693188 0.712500 0.689028 0.715625 0.686948 0.715625 0.684868 0.717187 0.682788 0.717187 0.680708 0.718750 0.678628 0.718750 0.674468 0.721875 0.674468 0.726562 0.624546 0.726562 0.624546 0.721875 0.620386 0.718750 0.618306 0.718750 0.616226 0.717187 0.612065 0.717187 0.607905 0.714062 0.605825 0.714062 0.601665 0.710938 0.599585 0.710938 0.587104 0.701562 0.587104 0.700000 0.582944 0.696875 0.582944 0.695312 0.578784 0.692187 0.572544 0.692187 0.572544 0.643750 0.578784 0.643750 0.582944 0.640625 0.582944 0.639062 0.585024 0.637500 0.585024 0.635937 0.603745 0.621875 0.605825 0.621875 0.612065 0.617188 0.614146 0.617188 0.618306 0.614062 0.618306 0.609375
0 0.437339 0.359375 0.439419 0.360937 0.441499 0.360937 0.443579 0.362500 0.445659 0.362500 0.451899 0.367188 0.453979 0.367188 0.460220 0.371875 0.462300 0.371875 0.468540 0.376562 0.468540 0.378125 0.476860 0.384375 0.476860 0.385937 0.481021 0.389062 0.487261 0.389062 0.487261 0.415625 0.481021 0.415625 0.466460 0.426562 0.466460 0.428125 0.462300 0.431250 0.462300 0.432812 0.456060 0.437500 0.456060 0.439062 0.437339 0.453125 0.437339 0.457812 0.406138 0.457812 0.406138 0.453125 0.404058 0.451562 0.401978 0.451562 0.399897 0.450000 0.395737 0.450000 0.393657 0.448437 0.391577 0.448437 0.389497 0.446875 0.385337 0.446875 0.383257 0.445312 0.381177 0.445312 0.362456 0.431250 0.356216 0.431250 0.356216 0.381250 0.364536 0.381250 0.366616 0.379687 0.366616 0.378125 0.381177 0.367188 0.383257 0.367188 0.387417 0.364062 0.389497 0.364062 0.391577 0.362500 0.393657 0.362500 0.395737 0.360937 0.424858 0.360937 0.426938 0.359375
1 0.406138 0.446875 0.406138 0.451562 0.412378 0.456250 0.414458 0.456250 0.416538 0.457812 0.418618 0.457812 0.420698 0.459375 0.422778 0.459375 0.439419 0.471875 0.439419 0.473437 0.441499 0.475000 0.441499 0.476562 0.447739 0.481250 0.453979 0.481250 0.453979 0.551562 0.374937 0.551562 0.374937 0.546875 0.372856 0.545312 0.366616 0.545312 0.364536 0.543750 0.347896 0.543750 0.341655 0.539062 0.339575 0.539062 0.335415 0.535937 0.335415 0.534375 0.331255 0.531250 0.331255 0.529687 0.325015 0.525000 0.325015 0.523437 0.322935 0.521875 0.314614 0.521875 0.314614 0.478125 0.320855 0.478125 0.327095 0.473437 0.327095 0.471875 0.333335 0.467187 0.333335 0.465625 0.337495 0.462500 0.339575 0.462500 0.347896 0.456250 0.352056 0.456250 0.354136 0.454687 0.356216 0.454687 0.360376 0.451562 0.360376 0.446875
1 0.578784 0.340625 0.578784 0.345312 0.582944 0.348437 0.585024 0.348437 0.587104 0.350000 0.589185 0.350000 0.591265 0.351562 0.593345 0.351562 0.607905 0.362500 0.607905 0.364062 0.609985 0.365625 0.609985 0.368750 0.614146 0.371875 0.620386 0.371875 0.620386 0.409375 0.614146 0.409375 0.609985 0.412500 0.609985 0.414062 0.605825 0.417187 0.605825 0.418750 0.593345 0.428125 0.593345 0.432812 0.560064 0.432812 0.560064 0.428125 0.557983 0.426562 0.553823 0.426562 0.551743 0.425000 0.541343 0.425000 0.537183 0.428125 0.537183 0.432812 0.489341 0.432812 0.489341 0.414062 0.497661 0.414062 0.503901 0.409375 0.501821 0.407812 0.501821 0.403125 0.499741 0.401562 0.499741 0.398438 0.497661 0.396875 0.497661 0.395312 0.495581 0.393750 0.489341 0.393750 0.489341 0.379687 0.495581 0.379687 0.497661 0.378125 0.497661 0.375000 0.499741 0.373437 0.499741 0.370312 0.501821 0.368750 0.501821 0.367188 0.503901 0.365625 0.503901 0.364062 0.516382 0.354687 0.518462 0.354687 0.522622 0.351562 0.522622 0.350000 0.524702 0.348437 0.526782 0.348437 0.530942 0.345312 0.530942 0.340625
0 0.599585 0.228125 0.599585 0.232812 0.614146 0.243750 0.614146 0.245312 0.622466 0.251562 0.622466 0.253125 0.624546 0.254687 0.624546 0.256250 0.626626 0.257812 0.626626 0.259375 0.630786 0.262500 0.637026 0.262500 0.637026 0.298437 0.630786 0.298437 0.626626 0.301562 0.626626 0.303125 0.624546 0.304688 0.624546 0.306250 0.622466 0.307813 0.622466 0.309375 0.612065 0.317187 0.609985 0.317187 0.605825 0.320312 0.603745 0.320312 0.601665 0.321875 0.599585 0.321875 0.597505 0.323437 0.595425 0.323437 0.593345 0.325000 0.589185 0.325000 0.587104 0.326562 0.585024 0.326562 0.582944 0.328125 0.582944 0.332812 0.553823 0.332812 0.553823 0.328125 0.549663 0.325000 0.545503 0.325000 0.543423 0.323437 0.541343 0.323437 0.530942 0.315625 0.530942 0.314062 0.528862 0.312500 0.528862 0.309375 0.526782 0.307813 0.526782 0.304688 0.524702 0.303125 0.524702 0.300000 0.522622 0.298437 0.522622 0.296875 0.520542 0.295312 0.520542 0.292187 0.518462 0.290625 0.518462 0.287500 0.516382 0.285937 0.516382 0.282812 0.512222 0.279687 0.505981 0.279687 0.505981 0.265625 0.512222 0.265625 0.516382 0.262500 0.516382 0.257812 0.520542 0.254687 0.520542 0.253125 0.535103 0.242188 0.537183 0.242188 0.543423 0.237500 0.545503 0.237500 0.547583 0.235937 0.549663 0.235937 0.553823 0.232812 0.553823 0.228125
0 0.408218 0.540625 0.408218 0.545312 0.412378 0.548437 0.414458 0.548437 0.416538 0.550000 0.418618 0.550000 0.424858 0.554687 0.426938 0.554687 0.435259 0.560937 0.437339 0.560937 0.439419 0.562500 0.441499 0.562500 0.443579 0.564062 0.445659 0.564062 0.447739 0.565625 0.449819 0.565625 0.453979 0.568750 0.462300 0.568750 0.462300 0.606250 0.456060 0.606250 0.449819 0.610937 0.447739 0.610937 0.443579 0.614062 0.443579 0.615625 0.431099 0.625000 0.431099 0.626562 0.418618 0.635937 0.416538 0.635937 0.410298 0.640625 0.408218 0.640625 0.406138 0.642187 0.401978 0.642187 0.399897 0.643750 0.395737 0.643750 0.391577 0.646875 0.391577 0.651562 0.356216 0.651562 0.356216 0.646875 0.354136 0.645312 0.352056 0.645312 0.349976 0.643750 0.345815 0.643750 0.343735 0.642187 0.341655 0.642187 0.339575 0.640625 0.337495 0.640625 0.333335 0.637500 0.331255 0.637500 0.316694 0.626562 0.316694 0.625000 0.312534 0.621875 0.306294 0.621875 0.306294 0.575000 0.312534 0.575000 0.316694 0.571875 0.316694 0.570312 0.318774 0.568750 0.318774 0.567187 0.320855 0.565625 0.320855 0.564062 0.327095 0.559375 0.327095 0.557812 0.339575 0.548437 0.341655 0.548437 0.345815 0.545312 0.345815 0.540625
1 0.354136 0.246875 0.354136 0.251562 0.358296 0.254687 0.360376 0.254687 0.362456 0.256250 0.364536 0.256250 0.364536 0.257812 0.368696 0.260937 0.370776 0.260937 0.374937 0.264062 0.374937 0.265625 0.383257 0.271875 0.383257 0.273437 0.385337 0.275000 0.385337 0.276562 0.389497 0.279687 0.395737 0.279687 0.395737 0.321875 0.389497 0.321875 0.383257 0.326562 0.383257 0.328125 0.379097 0.331250 0.379097 0.332812 0.366616 0.342187 0.364536 0.342187 0.362456 0.343750 0.360376 0.343750 0.356216 0.346875 0.356216 0.351562 0.322935 0.351562 0.322935 0.346875 0.320855 0.345312 0.318774 0.345312 0.316694 0.343750 0.314614 0.343750 0.312534 0.342187 0.308374 0.342187 0.306294 0.340625 0.304214 0.340625 0.287573 0.328125 0.287573 0.326562 0.283413 0.323437 0.283413 0.321875 0.279253 0.318750 0.273013 0.318750 0.273013 0.271875 0.281333 0.271875 0.295894 0.260937 0.297974 0.260937 0.304214 0.256250 0.306294 0.256250 0.308374 0.254687 0.310454 0.254687 0.312534 0.253125 0.312534 0.246875
2 0.304214 0.396875 0.304214 0.401562 0.308374 0.404687 0.310454 0.404687 0.314614 0.407812 0.316694 0.407812 0.331255 0.418750 0.337495 0.418750 0.337495 0.465625 0.331255 0.465625 0.325015 0.470312 0.325015 0.471875 0.322935 0.473437 0.322935 0.475000 0.320855 0.476562 0.320855 0.478125 0.316694 0.481250 0.316694 0.482812 0.314614 0.484375 0.314614 0.485937 0.312534 0.487500 0.312534 0.489062 0.308374 0.492188 0.308374 0.493750 0.304214 0.496875 0.304214 0.501562 0.248052 0.501562 0.248052 0.496875 0.243892 0.493750 0.241812 0.493750 0.239731 0.492188 0.237651 0.492188 0.229331 0.485937 0.227251 0.485937 0.223091 0.482812 0.223091 0.481250 0.216851 0.476562 0.216851 0.475000 0.214771 0.473437 0.206450 0.473437 0.206450 0.425000 0.214771 0.425000 0.216851 0.423437 0.216851 0.421875 0.218931 0.420312 0.218931 0.418750 0.225171 0.414062 0.225171 0.412500 0.231411 0.407812 0.233491 0.407812 0.237651 0.404687 0.239731 0.404687 0.243892 0.401562 0.243892 0.396875
1 0.963599 0.234375 0.963599 0.239062 0.967759 0.242188 0.971919 0.242188 0.973999 0.243750 0.976079 0.243750 0.984399 0.250000 0.986479 0.250000 0.990640 0.253125 0.990640 0.254687 0.996880 0.259375 1.000000 0.259375 1.000000 0.306250 0.996880 0.306250 0.992720 0.309375 0.992720 0.310937 0.990640 0.312500 0.988560 0.312500 0.980239 0.318750 0.978159 0.318750 0.969839 0.325000 0.967759 0.325000 0.963599 0.328125 0.963599 0.332812 0.899116 0.332812 0.899116 0.328125 0.890796 0.321875 0.888716 0.321875 0.886636 0.320312 0.880396 0.320312 0.880396 0.264062 0.886636 0.264062 0.892876 0.259375 0.892876 0.257812 0.894956 0.256250 0.897036 0.256250 0.901196 0.253125 0.901196 0.251562 0.903276 0.251562 0.909517 0.246875 0.911597 0.246875 0.915757 0.243750 0.917837 0.243750 0.919917 0.242188 0.921997 0.242188 0.926157 0.239062 0.926157 0.234375
2 0.410298 0.601562 0.406138 0.604687 0.406138 0.606250 0.404058 0.607813 0.397817 0.607813 0.397817 0.596875 0.410298 0.596875 0.410298 0.601562 0.439419 0.618750 0.443579 0.615625 0.443579 0.614062 0.456060 0.604687 0.458140 0.604687 0.462300 0.601562 0.462300 0.596875 0.516382 0.596875 0.516382 0.601562 0.520542 0.604687 0.522622 0.604687 0.524702 0.606250 0.526782 0.606250 0.530942 0.609375 0.533022 0.609375 0.551743 0.623438 0.551743 0.625000 0.555903 0.628125 0.555903 0.629687 0.557983 0.631250 0.557983 0.632812 0.560064 0.634375 0.560064 0.635937 0.564224 0.639062 0.570464 0.639062 0.570464 0.678125 0.562144 0.678125 0.560064 0.679688 0.560064 0.681250 0.557983 0.682812 0.557983 0.684375 0.551743 0.689062 0.551743 0.690625 0.549663 0.692187 0.549663 0.693750 0.537183 0.703125 0.535103 0.703125 0.530942 0.706250 0.528862 0.706250 0.524702 0.709375 0.522622 0.709375 0.520542 0.710938 0.516382 0.710938 0.514302 0.712500 0.510142 0.712500 0.508062 0.714062 0.505981 0.714062 0.503901 0.715625 0.503901 0.720312 0.470620 0.720312 0.470620 0.714062 0.468540 0.712500 0.466460 0.712500 0.464380 0.710938 0.460220 0.710938 0.458140 0.709375 0.451899 0.709375 0.449819 0.707812 0.445659 0.707812 0.441499 0.704687 0.439419 0.704687 0.437339 0.703125 0.435259 0.703125 0.433179 0.701562 0.431099 0.701562 0.420698 0.693750 0.420698 0.692187 0.414458 0.687500 0.414458 0.685937 0.410298 0.682812 0.410298 0.679688 0.408218 0.678125 0.408218 0.675000 0.404058 0.671875 0.397817 0.671875 0.397817 0.653125 0.404058 0.653125 0.408218 0.650000 0.408218 0.648438 0.410298 0.646875 0.410298 0.640625 0.412378 0.640625 0.439419 0.620312 0.439419 0.618750
1 1.000000 0.509375 1.000000 0.645312 0.953198 0.645312 0.953198 0.640625 0.949038 0.637500 0.946958 0.637500 0.944878 0.635937 0.940718 0.635937 0.938638 0.634375 0.936558 0.634375 0.921997 0.623438 0.919917 0.623438 0.917837 0.621875 0.915757 0.621875 0.913677 0.620312 0.911597 0.620312 0.907437 0.617188 0.905356 0.617188 0.903276 0.615625 0.901196 0.615625 0.897036 0.612500 0.888716 0.612500 0.888716 0.565625 0.894956 0.565625 0.897036 0.564062 0.897036 0.562500 0.899116 0.560937 0.899116 0.557812 0.903276 0.554687 0.903276 0.553125 0.905356 0.553125 0.909517 0.550000 0.909517 0.548437 0.913677 0.545312 0.915757 0.545312 0.917837 0.543750 0.919917 0.543750 0.921997 0.542187 0.921997 0.540625 0.924077 0.539062 0.924077 0.537500 0.928237 0.534375 0.928237 0.532812 0.932397 0.529687 0.932397 0.528125 0.940718 0.521875 0.940718 0.520312 0.949038 0.514062 0.949038 0.509375
2 0.539263 0.403125 0.539263 0.407812 0.545503 0.412500 0.549663 0.412500 0.551743 0.414062 0.555903 0.414062 0.562144 0.418750 0.566304 0.418750 0.572544 0.423437 0.574624 0.423437 0.580864 0.428125 0.580864 0.429688 0.582944 0.431250 0.582944 0.435937 0.585024 0.437500 0.585024 0.439062 0.589185 0.442187 0.595425 0.442187 0.595425 0.498437 0.589185 0.498437 0.585024 0.501562 0.585024 0.503125 0.580864 0.506250 0.580864 0.507812 0.566304 0.518750 0.564224 0.518750 0.562144 0.520312 0.560064 0.520312 0.555903 0.523437 0.553823 0.523437 0.551743 0.525000 0.539263 0.525000 0.537183 0.526562 0.535103 0.526562 0.533022 0.528125 0.533022 0.532812 0.512222 0.532812 0.512222 0.528125 0.508062 0.525000 0.503901 0.525000 0.501821 0.523437 0.497661 0.523437 0.495581 0.521875 0.491421 0.521875 0.489341 0.520312 0.485181 0.520312 0.483101 0.518750 0.481021 0.518750 0.478940 0.517187 0.476860 0.517187 0.464380 0.507812 0.464380 0.506250 0.462300 0.504687 0.462300 0.503125 0.458140 0.500000 0.458140 0.498437 0.453979 0.495312 0.453979 0.492188 0.451899 0.490625 0.451899 0.489062 0.449819 0.487500 0.449819 0.485937 0.445659 0.482812 0.439419 0.482812 0.439419 0.454687 0.445659 0.454687 0.449819 0.451562 0.449819 0.450000 0.451899 0.448437 0.451899 0.446875 0.453979 0.445312 0.453979 0.443750 0.456060 0.442187 0.456060 0.440625 0.462300 0.435937 0.462300 0.434375 0.464380 0.432812 0.464380 0.431250 0.474780 0.423437 0.474780 0.421875 0.485181 0.414062 0.487261 0.414062 0.489341 0.412500 0.491421 0.412500 0.493501 0.410937 0.495581 0.410937 0.497661 0.409375 0.499741 0.409375 0.501821 0.407812 0.501821 0.403125
1 0.017163 0.503125 0.017163 0.507812 0.025483 0.514062 0.027563 0.514062 0.035884 0.520312 0.037964 0.520312 0.040044 0.521875 0.044204 0.521875 0.046284 0.523437 0.050444 0.523437 0.052524 0.525000 0.058765 0.525000 0.060845 0.526562 0.062925 0.526562 0.069165 0.531250 0.071245 0.531250 0.085806 0.542187 0.085806 0.543750 0.092046 0.548437 0.092046 0.550000 0.098286 0.554687 0.104526 0.554687 0.104526 0.589062 0.098286 0.589062 0.094126 0.592187 0.094126 0.595312 0.092046 0.596875 0.092046 0.598437 0.087886 0.601562 0.087886 0.603125 0.083726 0.606250 0.083726 0.607813 0.081646 0.609375 0.081646 0.612500 0.079565 0.614062 0.079565 0.615625 0.081646 0.617188 0.081646 0.621875 0.083726 0.623438 0.083726 0.626562 0.085806 0.628125 0.085806 0.631250 0.089966 0.634375 0.089966 0.635937 0.092046 0.637500 0.092046 0.646875 0.087886 0.650000 0.087886 0.651562 0.081646 0.656250 0.081646 0.657812 0.079565 0.659375 0.077485 0.659375 0.071245 0.664062 0.071245 0.670312 0.044204 0.670312 0.044204 0.665625 0.037964 0.660937 0.033804 0.660937 0.029644 0.657812 0.027563 0.657812 0.023403 0.654687 0.021323 0.654687 0.019243 0.653125 0.017163 0.653125 0.013003 0.650000 0.010923 0.650000 0.006763 0.646875 0.000000 0.646875 0.000000 0.503125
2 0.776392 0.515625 0.776392 0.520312 0.780552 0.523437 0.782632 0.523437 0.784712 0.525000 0.786792 0.525000 0.795112 0.531250 0.797192 0.531250 0.799272 0.532812 0.799272 0.534375 0.807593 0.540625 0.807593 0.542187 0.809673 0.543750 0.809673 0.545312 0.811753 0.546875 0.820073 0.546875 0.820073 0.593750 0.811753 0.593750 0.809673 0.595312 0.809673 0.596875 0.807593 0.598437 0.807593 0.600000 0.797192 0.607813 0.797192 0.609375 0.795112 0.609375 0.786792 0.615625 0.784712 0.615625 0.782632 0.617188 0.780552 0.617188 0.778472 0.618750 0.776392 0.618750 0.772231 0.621875 0.772231 0.626562 0.726470 0.626562 0.726470 0.621875 0.722310 0.618750 0.720230 0.618750 0.718149 0.617188 0.716069 0.617188 0.713989 0.615625 0.711909 0.615625 0.707749 0.612500 0.705669 0.612500 0.693188 0.603125 0.693188 0.601562 0.689028 0.598437 0.689028 0.596875 0.684868 0.593750 0.684868 0.592187 0.682788 0.590625 0.682788 0.587500 0.680708 0.585937 0.680708 0.584375 0.678628 0.582812 0.672388 0.582812 0.672388 0.548437 0.678628 0.548437 0.684868 0.543750 0.684868 0.542187 0.686948 0.540625 0.686948 0.539062 0.689028 0.539062 0.693188 0.535937 0.693188 0.534375 0.697349 0.531250 0.699429 0.531250 0.705669 0.526562 0.707749 0.526562 0.709829 0.525000 0.711909 0.525000 0.713989 0.523437 0.716069 0.523437 0.720230 0.520312 0.720230 0.515625
2 0.699429 0.309375 0.699429 0.314062 0.705669 0.318750 0.707749 0.318750 0.709829 0.320312 0.711909 0.320312 0.716069 0.323437 0.718149 0.323437 0.722310 0.326562 0.724390 0.326562 0.724390 0.328125 0.732710 0.334375 0.732710 0.335938 0.738950 0.340625 0.745190 0.340625 0.745190 0.392187 0.738950 0.392187 0.734790 0.395312 0.734790 0.396875 0.732710 0.396875 0.728550 0.400000 0.724390 0.400000 0.720230 0.403125 0.720230 0.407812 0.657827 0.407812 0.657827 0.403125 0.655747 0.401562 0.653667 0.401562 0.651587 0.400000 0.649507 0.400000 0.647427 0.398438 0.645347 0.398438 0.643267 0.396875 0.641187 0.396875 0.628706 0.387500 0.628706 0.385937 0.624546 0.382812 0.624546 0.381250 0.620386 0.378125 0.614146 0.378125 0.614146 0.339062 0.620386 0.339062 0.624546 0.335938 0.624546 0.334375 0.637026 0.325000 0.639106 0.325000 0.647427 0.318750 0.649507 0.318750 0.651587 0.317187 0.653667 0.317187 0.657827 0.314062 0.657827 0.309375
2 0.485181 0.259375 0.485181 0.264062 0.489341 0.267187 0.491421 0.267187 0.493501 0.268750 0.495581 0.268750 0.501821 0.273437 0.503901 0.273437 0.505981 0.275000 0.508062 0.275000 0.510142 0.276562 0.510142 0.278125 0.518462 0.284375 0.518462 0.287500 0.522622 0.290625 0.528862 0.290625 0.528862 0.326562 0.522622 0.326562 0.518462 0.329687 0.518462 0.331250 0.516382 0.332812 0.516382 0.334375 0.491421 0.353125 0.491421 0.357812 0.435259 0.357812 0.435259 0.353125 0.431099 0.350000 0.429019 0.350000 0.426938 0.348437 0.424858 0.348437 0.414458 0.340625 0.414458 0.339062 0.412378 0.337500 0.412378 0.335938 0.410298 0.334375 0.410298 0.332812 0.408218 0.331250 0.408218 0.328125 0.406138 0.326562 0.406138 0.323437 0.404058 0.321875 0.397817 0.321875 0.397817 0.290625 0.404058 0.290625 0.408218 0.287500 0.408218 0.285937 0.410298 0.284375 0.410298 0.282812 0.412378 0.281250 0.412378 0.279687 0.424858 0.270312 0.426938 0.270312 0.431099 0.267187 0.433179 0.267187 0.437339 0.264062 0.437339 0.259375
1 0.135728 0.509375 0.135728 0.514062 0.139888 0.517187 0.141968 0.517187 0.144048 0.518750 0.148208 0.518750 0.154448 0.523437 0.156528 0.523437 0.160689 0.526562 0.162769 0.526562 0.177329 0.537500 0.177329 0.539062 0.183569 0.543750 0.183569 0.545312 0.185649 0.546875 0.185649 0.548437 0.189810 0.551562 0.196050 0.551562 0.196050 0.600000 0.189810 0.600000 0.185649 0.603125 0.185649 0.604687 0.183569 0.606250 0.183569 0.609375 0.179409 0.612500 0.179409 0.614062 0.177329 0.615625 0.177329 0.623438 0.189810 0.632812 0.196050 0.632812 0.196050 0.656250 0.189810 0.656250 0.185649 0.659375 0.185649 0.664062 0.152368 0.664062 0.152368 0.657812 0.148208 0.654687 0.146128 0.654687 0.144048 0.653125 0.141968 0.653125 0.137808 0.650000 0.135728 0.650000 0.127407 0.643750 0.127407 0.642187 0.125327 0.640625 0.125327 0.629687 0.123247 0.628125 0.123247 0.625000 0.125327 0.623438 0.125327 0.614062 0.123247 0.612500 0.123247 0.582812 0.121167 0.581250 0.121167 0.576562 0.119087 0.575000 0.119087 0.571875 0.117007 0.570312 0.117007 0.567187 0.114927 0.565625 0.114927 0.564062 0.112847 0.562500 0.106606 0.562500 0.106606 0.517187 0.114927 0.517187 0.119087 0.514062 0.119087 0.509375
2 0.551743 0.921875 0.551743 0.926562 0.555903 0.929688 0.557983 0.929688 0.560064 0.931250 0.564224 0.931250 0.570464 0.935937 0.572544 0.935937 0.574624 0.937500 0.576704 0.937500 0.578784 0.939062 0.580864 0.939062 0.587104 0.943750 0.589185 0.943750 0.591265 0.945312 0.593345 0.945312 0.601665 0.951562 0.603745 0.951562 0.614146 0.959375 0.614146 0.960938 0.618306 0.964062 0.618306 0.965625 0.620386 0.967187 0.620386 0.968750 0.622466 0.970312 0.624546 0.970312 0.626626 0.971875 0.626626 0.973437 0.630786 0.976562 0.637026 0.976562 0.637026 0.998437 0.481021 0.998437 0.481021 0.932812 0.487261 0.932812 0.495581 0.926562 0.495581 0.921875
2 0.774312 0.739062 0.776392 0.740625 0.776392 0.742188 0.778472 0.743750 0.784712 0.743750 0.786792 0.742188 0.788872 0.743750 0.788872 0.745312 0.790952 0.746875 0.790952 0.750000 0.795112 0.753125 0.803433 0.753125 0.805513 0.754687 0.824233 0.754687 0.826313 0.753125 0.832554 0.753125 0.834634 0.754687 0.838794 0.754687 0.847114 0.748437 0.853354 0.748437 0.857515 0.745312 0.857515 0.742188 0.859595 0.740625 0.861675 0.740625 0.867915 0.745312 0.869995 0.745312 0.872075 0.746875 0.872075 0.750000 0.874155 0.751562 0.874155 0.753125 0.876235 0.754687 0.876235 0.756250 0.880396 0.759375 0.880396 0.762500 0.882476 0.764062 0.882476 0.765625 0.884556 0.767187 0.884556 0.768750 0.886636 0.770312 0.886636 0.771875 0.888716 0.773438 0.894956 0.773438 0.894956 0.825000 0.888716 0.825000 0.886636 0.826562 0.886636 0.828125 0.884556 0.829687 0.884556 0.832812 0.882476 0.834375 0.882476 0.840625 0.880396 0.842187 0.880396 0.843750 0.878315 0.845312 0.878315 0.846875 0.876235 0.848437 0.876235 0.850000 0.874155 0.851562 0.874155 0.854687 0.872075 0.856250 0.872075 0.859375 0.869995 0.860937 0.869995 0.862500 0.867915 0.864062 0.867915 0.865625 0.865835 0.867188 0.865835 0.868750 0.861675 0.871875 0.861675 0.873437 0.857515 0.876562 0.857515 0.879687 0.855435 0.881250 0.855435 0.882812 0.853354 0.884375 0.853354 0.885937 0.849194 0.889062 0.849194 0.890625 0.847114 0.892187 0.847114 0.895312 0.845034 0.896875 0.845034 0.898438 0.840874 0.901562 0.840874 0.903125 0.838794 0.904687 0.838794 0.906250 0.832554 0.910937 0.832554 0.912500 0.828394 0.915625 0.826313 0.915625 0.822153 0.918750 0.820073 0.918750 0.815913 0.921875 0.815913 0.926562 0.770151 0.926562 0.770151 0.921875 0.765991 0.918750 0.763911 0.918750 0.761831 0.917187 0.759751 0.917187 0.757671 0.915625 0.755591 0.915625 0.753511 0.914062 0.751431 0.914062 0.732710 0.900000 0.732710 0.898438 0.728550 0.895312 0.728550 0.893750 0.726470 0.892187 0.726470 0.890625 0.724390 0.889062 0.724390 0.887500 0.720230 0.884375 0.713989 0.884375 0.713989 0.846875 0.720230 0.846875 0.724390 0.843750 0.724390 0.840625 0.726470 0.839062 0.726470 0.835938 0.728550 0.834375 0.728550 0.831250 0.730630 0.829687 0.730630 0.828125 0.732710 0.826562 0.732710 0.823437 0.734790 0.821875 0.734790 0.818750 0.736870 0.817187 0.736870 0.814062 0.738950 0.812500 0.738950 0.809375 0.741030 0.807812 0.741030 0.804688 0.743110 0.803125 0.743110 0.800000 0.745190 0.798437 0.745190 0.795312 0.747271 0.793750 0.747271 0.792187 0.749351 0.790625 0.749351 0.787500 0.751431 0.785937 0.751431 0.784375 0.753511 0.782812 0.753511 0.771875 0.755591 0.770312 0.755591 0.768750 0.757671 0.767187 0.757671 0.764062 0.759751 0.762500 0.759751 0.759375 0.761831 0.757812 0.761831 0.753125 0.765991 0.750000 0.768071 0.750000 0.770151 0.748437 0.770151 0.742188 0.772231 0.740625 0.772231 0.739062