0 0.738950 0.509375 0.738950 0.514062 0.743110 0.517187 0.745190 0.517187 0.747271 0.518750 0.751431 0.518750 0.755591 0.521875 0.757671 0.521875 0.759751 0.523437 0.761831 0.523437 0.765991 0.526562 0.768071 0.526562 0.776392 0.532812 0.776392 0.534375 0.782632 0.539062 0.782632 0.540625 0.784712 0.542187 0.784712 0.543750 0.788872 0.546875 0.795112 0.546875 0.795112 0.589062 0.788872 0.589062 0.784712 0.592187 0.784712 0.593750 0.782632 0.595312 0.782632 0.596875 0.778472 0.600000 0.778472 0.601562 0.772231 0.606250 0.772231 0.607813 0.770151 0.609375 0.768071 0.609375 0.761831 0.614062 0.759751 0.614062 0.755591 0.617188 0.751431 0.617188 0.745190 0.621875 0.745190 0.626562 0.693188 0.626562 0.693188 0.621875 0.691108 0.620312 0.689028 0.620312 0.686948 0.618750 0.684868 0.618750 0.682788 0.617188 0.680708 0.617188 0.678628 0.615625 0.676548 0.615625 0.674468 0.614062 0.672388 0.614062 0.666147 0.609375 0.664067 0.609375 0.659907 0.606250 0.659907 0.604687 0.653667 0.600000 0.653667 0.598437 0.651587 0.596875 0.651587 0.593750 0.649507 0.592187 0.649507 0.589062 0.647427 0.587500 0.647427 0.585937 0.645347 0.584375 0.639106 0.584375 0.639106 0.553125 0.645347 0.553125 0.649507 0.550000 0.649507 0.546875 0.651587 0.545312 0.651587 0.543750 0.655747 0.540625 0.655747 0.539062 0.661987 0.534375 0.661987 0.532812 0.672388 0.525000 0.674468 0.525000 0.678628 0.521875 0.680708 0.521875 0.684868 0.518750 0.686948 0.518750 0.689028 0.517187 0.691108 0.517187 0.695269 0.514062 0.695269 0.509375
0 0.497661 0.478125 0.497661 0.482812 0.501821 0.485937 0.503901 0.485937 0.505981 0.487500 0.508062 0.487500 0.516382 0.493750 0.518462 0.493750 0.522622 0.496875 0.522622 0.498437 0.526782 0.501562 0.526782 0.503125 0.530942 0.506250 0.530942 0.507812 0.533022 0.509375 0.533022 0.510937 0.535103 0.512500 0.535103 0.514062 0.539263 0.517187 0.545503 0.517187 0.545503 0.543750 0.539263 0.543750 0.535103 0.546875 0.535103 0.551562 0.533022 0.553125 0.533022 0.554687 0.524702 0.560937 0.524702 0.562500 0.508062 0.575000 0.505981 0.575000 0.501821 0.578125 0.501821 0.582812 0.431099 0.582812 0.431099 0.578125 0.426938 0.575000 0.424858 0.575000 0.418618 0.570312 0.416538 0.570312 0.416538 0.568750 0.410298 0.564062 0.410298 0.562500 0.404058 0.557812 0.397817 0.557812 0.397817 0.507812 0.404058 0.507812 0.408218 0.504687 0.408218 0.503125 0.416538 0.496875 0.416538 0.495312 0.420698 0.492188 0.422778 0.492188 0.429019 0.487500 0.431099 0.487500 0.433179 0.485937 0.435259 0.485937 0.437339 0.484375 0.437339 0.478125
1 0.470620 0.584375 0.470620 0.589062 0.474780 0.592187 0.476860 0.592187 0.478940 0.593750 0.481021 0.593750 0.485181 0.596875 0.487261 0.596875 0.489341 0.598437 0.491421 0.598437 0.499741 0.604687 0.501821 0.604687 0.505981 0.607813 0.505981 0.609375 0.514302 0.615625 0.514302 0.617188 0.516382 0.618750 0.516382 0.620312 0.518462 0.621875 0.518462 0.623438 0.520542 0.625000 0.528862 0.625000 0.528862 0.671875 0.520542 0.671875 0.516382 0.675000 0.516382 0.676562 0.508062 0.682812 0.505981 0.682812 0.501821 0.685937 0.499741 0.685937 0.497661 0.687500 0.495581 0.687500 0.493501 0.689062 0.493501 0.695312 0.412378 0.695312 0.412378 0.690625 0.408218 0.687500 0.404058 0.687500 0.401978 0.685937 0.399897 0.685937 0.397817 0.684375 0.395737 0.684375 0.393657 0.682812 0.391577 0.682812 0.381177 0.675000 0.381177 0.673437 0.377017 0.670312 0.377017 0.668750 0.374937 0.667187 0.374937 0.665625 0.370776 0.662500 0.364536 0.662500 0.364536 0.623438 0.370776 0.623438 0.379097 0.617188 0.379097 0.615625 0.383257 0.612500 0.383257 0.610937 0.399897 0.598437 0.401978 0.598437 0.408218 0.593750 0.410298 0.593750 0.416538 0.589062 0.416538 0.584375
1 0.653667 0.421875 0.653667 0.426562 0.657827 0.429688 0.659907 0.429688 0.661987 0.431250 0.666147 0.431250 0.670308 0.434375 0.672388 0.434375 0.676548 0.437500 0.678628 0.437500 0.680708 0.439062 0.682788 0.439062 0.691108 0.445312 0.691108 0.446875 0.697349 0.451562 0.697349 0.453125 0.699429 0.454687 0.699429 0.456250 0.701509 0.457812 0.701509 0.459375 0.705669 0.462500 0.711909 0.462500 0.711909 0.496875 0.705669 0.496875 0.699429 0.501562 0.699429 0.503125 0.697349 0.504687 0.697349 0.506250 0.684868 0.515625 0.682788 0.515625 0.678628 0.518750 0.676548 0.518750 0.674468 0.520312 0.672388 0.520312 0.666147 0.525000 0.664067 0.525000 0.659907 0.528125 0.659907 0.532812 0.607905 0.532812 0.607905 0.528125 0.603745 0.525000 0.601665 0.525000 0.597505 0.521875 0.595425 0.521875 0.582944 0.512500 0.582944 0.510937 0.578784 0.507812 0.578784 0.506250 0.576704 0.504687 0.576704 0.503125 0.574624 0.501562 0.574624 0.498437 0.570464 0.495312 0.564224 0.495312 0.564224 0.464062 0.570464 0.464062 0.574624 0.460938 0.574624 0.459375 0.576704 0.457812 0.576704 0.456250 0.578784 0.454687 0.578784 0.453125 0.582944 0.450000 0.582944 0.448437 0.587104 0.445312 0.587104 0.443750 0.597505 0.435937 0.599585 0.435937 0.603745 0.432812 0.605825 0.432812 0.607905 0.431250 0.612065 0.431250 0.614146 0.429688 0.616226 0.429688 0.620386 0.426562 0.620386 0.421875
0 0.659907 0.290625 0.659907 0.295312 0.664067 0.298437 0.666147 0.298437 0.668228 0.300000 0.672388 0.300000 0.678628 0.304688 0.680708 0.304688 0.693188 0.314062 0.693188 0.315625 0.699429 0.320312 0.699429 0.321875 0.701509 0.323437 0.701509 0.325000 0.705669 0.328125 0.711909 0.328125 0.711909 0.364062 0.705669 0.364062 0.701509 0.367188 0.701509 0.368750 0.699429 0.370312 0.699429 0.371875 0.676548 0.389062 0.674468 0.389062 0.670308 0.392187 0.668228 0.392187 0.666147 0.393750 0.661987 0.393750 0.657827 0.396875 0.657827 0.401562 0.616226 0.401562 0.616226 0.396875 0.612065 0.393750 0.609985 0.393750 0.607905 0.392187 0.605825 0.392187 0.603745 0.390625 0.601665 0.390625 0.599585 0.389062 0.597505 0.389062 0.591265 0.384375 0.589185 0.384375 0.587104 0.382812 0.587104 0.381250 0.576704 0.373437 0.576704 0.371875 0.574624 0.370312 0.574624 0.368750 0.570464 0.365625 0.564224 0.365625 0.564224 0.326562 0.570464 0.326562 0.576704 0.321875 0.576704 0.320312 0.578784 0.318750 0.578784 0.317187 0.585024 0.312500 0.585024 0.310937 0.595425 0.303125 0.597505 0.303125 0.601665 0.300000 0.603745 0.300000 0.605825 0.298437 0.607905 0.298437 0.612065 0.295312 0.612065 0.290625
1 0.083726 0.845312 0.085806 0.845312 0.087886 0.843750 0.096206 0.843750 0.096206 0.857812 0.081646 0.857812 0.081646 0.850000 0.083726 0.848437 0.083726 0.845312 0.062925 0.825000 0.050444 0.834375 0.048364 0.834375 0.042124 0.839062 0.040044 0.839062 0.035884 0.842187 0.033804 0.842187 0.031724 0.843750 0.029644 0.843750 0.025483 0.846875 0.021323 0.846875 0.019243 0.848437 0.017163 0.848437 0.015083 0.850000 0.010923 0.850000 0.006763 0.853125 0.006763 0.857812 0.000000 0.857812 0.000000 0.678125 0.035884 0.678125 0.035884 0.684375 0.037964 0.685937 0.040044 0.685937 0.042124 0.687500 0.044204 0.687500 0.052524 0.693750 0.054605 0.693750 0.071245 0.706250 0.071245 0.707812 0.077485 0.712500 0.077485 0.714062 0.081646 0.717187 0.081646 0.718750 0.083726 0.720312 0.083726 0.721875 0.085806 0.723437 0.085806 0.726562 0.089966 0.729687 0.096206 0.729687 0.096206 0.787500 0.089966 0.787500 0.087886 0.789062 0.087886 0.790625 0.085806 0.792187 0.085806 0.793750 0.083726 0.795312 0.083726 0.796875 0.081646 0.798437 0.081646 0.800000 0.079565 0.801562 0.079565 0.803125 0.077485 0.804688 0.077485 0.806250 0.075405 0.807812 0.075405 0.809375 0.073325 0.810937 0.073325 0.812500 0.071245 0.814062 0.071245 0.815625 0.067085 0.818750 0.067085 0.820312 0.062925 0.823437 0.062925 0.825000
2 0.597505 0.540625 0.597505 0.545312 0.601665 0.548437 0.603745 0.548437 0.605825 0.550000 0.607905 0.550000 0.609985 0.551562 0.612065 0.551562 0.622466 0.559375 0.622466 0.560937 0.628706 0.565625 0.628706 0.567187 0.632866 0.570312 0.632866 0.576562 0.634946 0.578125 0.634946 0.582812 0.637026 0.584375 0.637026 0.589062 0.639106 0.590625 0.645347 0.590625 0.645347 0.628125 0.639106 0.628125 0.630786 0.634375 0.630786 0.635937 0.622466 0.642187 0.620386 0.642187 0.614146 0.646875 0.612065 0.646875 0.609985 0.648438 0.605825 0.648438 0.603745 0.650000 0.601665 0.650000 0.597505 0.653125 0.597505 0.657812 0.553823 0.657812 0.553823 0.653125 0.549663 0.650000 0.547583 0.650000 0.543423 0.646875 0.541343 0.646875 0.533022 0.640625 0.533022 0.639062 0.528862 0.635937 0.528862 0.634375 0.526782 0.632812 0.526782 0.631250 0.524702 0.629687 0.524702 0.628125 0.522622 0.626562 0.522622 0.625000 0.520542 0.623438 0.520542 0.621875 0.518462 0.620312 0.518462 0.618750 0.516382 0.617188 0.516382 0.615625 0.512222 0.612500 0.505981 0.612500 0.505981 0.575000 0.514302 0.575000 0.516382 0.573437 0.516382 0.571875 0.528862 0.562500 0.528862 0.560937 0.543423 0.550000 0.545503 0.550000 0.547583 0.548437 0.549663 0.548437 0.551743 0.546875 0.551743 0.540625
2 0.341655 0.934375 0.341655 0.939062 0.345815 0.942187 0.347896 0.942187 0.352056 0.945312 0.352056 0.946875 0.354136 0.948437 0.356216 0.948437 0.360376 0.951562 0.360376 0.953125 0.366616 0.957812 0.366616 0.959375 0.368696 0.960938 0.368696 0.964062 0.372856 0.967187 0.379097 0.967187 0.379097 0.998437 0.189810 0.998437 0.189810 0.996875 0.191890 0.995312 0.191890 0.993750 0.193970 0.992188 0.193970 0.990625 0.196050 0.989062 0.196050 0.987500 0.202290 0.982812 0.202290 0.981250 0.206450 0.978125 0.206450 0.976562 0.210610 0.973437 0.210610 0.971875 0.218931 0.965625 0.218931 0.964062 0.221011 0.962500 0.223091 0.962500 0.231411 0.956250 0.233491 0.956250 0.239731 0.951562 0.241812 0.951562 0.243892 0.950000 0.245972 0.950000 0.248052 0.948437 0.250132 0.948437 0.254292 0.945312 0.256372 0.945312 0.258452 0.943750 0.262612 0.943750 0.264692 0.942187 0.266773 0.942187 0.270933 0.939062 0.270933 0.934375
1 0.395737 0.371875 0.395737 0.378125 0.397817 0.379687 0.399897 0.379687 0.401978 0.381250 0.404058 0.381250 0.416538 0.390625 0.416538 0.392187 0.422778 0.396875 0.422778 0.398438 0.424858 0.400000 0.424858 0.401562 0.426938 0.403125 0.426938 0.404687 0.431099 0.407812 0.437339 0.407812 0.437339 0.442187 0.431099 0.442187 0.426938 0.445312 0.426938 0.446875 0.420698 0.451562 0.420698 0.453125 0.410298 0.460938 0.408218 0.460938 0.401978 0.465625 0.399897 0.465625 0.397817 0.467187 0.395737 0.467187 0.389497 0.471875 0.389497 0.476562 0.333335 0.476562 0.333335 0.470312 0.331255 0.468750 0.329175 0.468750 0.327095 0.467187 0.325015 0.467187 0.322935 0.465625 0.320855 0.465625 0.316694 0.462500 0.314614 0.462500 0.310454 0.459375 0.310454 0.457812 0.302134 0.451562 0.302134 0.448437 0.300054 0.446875 0.300054 0.445312 0.295894 0.442187 0.289653 0.442187 0.289653 0.403125 0.295894 0.403125 0.300054 0.400000 0.300054 0.398438 0.302134 0.396875 0.302134 0.395312 0.310454 0.389062 0.310454 0.387500 0.318774 0.381250 0.320855 0.381250 0.327095 0.376562 0.327095 0.371875
2 0.343735 0.534375 0.343735 0.539062 0.347896 0.542187 0.349976 0.542187 0.354136 0.545312 0.356216 0.545312 0.362456 0.550000 0.364536 0.550000 0.372856 0.556250 0.372856 0.557812 0.377017 0.560937 0.377017 0.562500 0.379097 0.564062 0.379097 0.565625 0.381177 0.567187 0.387417 0.567187 0.387417 0.607813 0.381177 0.607813 0.377017 0.610937 0.377017 0.612500 0.370776 0.617188 0.370776 0.618750 0.362456 0.625000 0.362456 0.626562 0.349976 0.635937 0.347896 0.635937 0.341655 0.640625 0.341655 0.645312 0.287573 0.645312 0.287573 0.640625 0.283413 0.637500 0.281333 0.637500 0.277173 0.634375 0.275093 0.634375 0.273013 0.632812 0.270933 0.632812 0.258452 0.623438 0.258452 0.621875 0.254292 0.618750 0.254292 0.617188 0.252212 0.615625 0.252212 0.612500 0.250132 0.610937 0.250132 0.609375 0.248052 0.607813 0.248052 0.606250 0.245972 0.604687 0.239731 0.604687 0.239731 0.578125 0.245972 0.578125 0.248052 0.576562 0.248052 0.575000 0.250132 0.573437 0.250132 0.570312 0.252212 0.568750 0.252212 0.565625 0.256372 0.562500 0.256372 0.560937 0.260532 0.557812 0.260532 0.556250 0.270933 0.548437 0.273013 0.548437 0.279253 0.543750 0.281333 0.543750 0.287573 0.539062 0.287573 0.534375
2 0.514302 0.371875 0.514302 0.376562 0.518462 0.379687 0.520542 0.379687 0.522622 0.381250 0.524702 0.381250 0.526782 0.382812 0.528862 0.382812 0.533022 0.385937 0.535103 0.385937 0.539263 0.389062 0.541343 0.389062 0.549663 0.395312 0.549663 0.396875 0.557983 0.403125 0.557983 0.404687 0.564224 0.409375 0.570464 0.409375 0.570464 0.440625 0.564224 0.440625 0.560064 0.443750 0.560064 0.445312 0.557983 0.446875 0.557983 0.448437 0.551743 0.453125 0.551743 0.454687 0.541343 0.462500 0.539263 0.462500 0.530942 0.468750 0.528862 0.468750 0.524702 0.471875 0.524702 0.476562 0.460220 0.476562 0.460220 0.471875 0.453979 0.467187 0.451899 0.467187 0.449819 0.465625 0.447739 0.465625 0.443579 0.462500 0.443579 0.460938 0.437339 0.456250 0.431099 0.456250 0.431099 0.406250 0.437339 0.406250 0.441499 0.403125 0.441499 0.400000 0.443579 0.398438 0.443579 0.396875 0.447739 0.393750 0.447739 0.392187 0.453979 0.387500 0.456060 0.387500 0.462300 0.382812 0.464380 0.382812 0.466460 0.381250 0.468540 0.381250 0.470620 0.379687 0.472700 0.379687 0.476860 0.376562 0.476860 0.371875
1 0.784712 0.965625 0.784712 0.970312 0.790952 0.975000 0.793032 0.975000 0.815913 0.992188 0.817993 0.992188 0.820073 0.993750 0.828394 0.993750 0.828394 0.998437 0.697349 0.998437 0.697349 0.996875 0.703589 0.996875 0.707749 0.993750 0.707749 0.990625 0.709829 0.989062 0.709829 0.987500 0.713989 0.984375 0.713989 0.982812 0.718149 0.979687 0.718149 0.978125 0.726470 0.971875 0.726470 0.965625
1 0.127407 0.784375 0.127407 0.789062 0.131567 0.792187 0.131567 0.793750 0.133648 0.795312 0.133648 0.796875 0.135728 0.798437 0.135728 0.801562 0.137808 0.803125 0.137808 0.804688 0.139888 0.806250 0.139888 0.807812 0.141968 0.809375 0.141968 0.812500 0.144048 0.814062 0.144048 0.817187 0.148208 0.820312 0.154448 0.820312 0.154448 0.845312 0.146128 0.845312 0.144048 0.846875 0.144048 0.848437 0.131567 0.857812 0.131567 0.864062 0.094126 0.864062 0.094126 0.859375 0.089966 0.856250 0.087886 0.856250 0.083726 0.853125 0.081646 0.853125 0.071245 0.845312 0.065005 0.845312 0.065005 0.815625 0.071245 0.815625 0.075405 0.812500 0.075405 0.810937 0.077485 0.809375 0.077485 0.807812 0.079565 0.806250 0.079565 0.803125 0.081646 0.801562 0.081646 0.798437 0.083726 0.796875 0.085806 0.796875 0.089966 0.793750 0.089966 0.792187 0.092046 0.790625 0.092046 0.784375
1 0.177329 0.665625 0.177329 0.670312 0.179409 0.671875 0.185649 0.671875 0.187730 0.673437 0.193970 0.673437 0.196050 0.675000 0.198130 0.675000 0.204370 0.679688 0.206450 0.679688 0.233491 0.700000 0.233491 0.701562 0.235571 0.703125 0.235571 0.704687 0.239731 0.707812 0.245972 0.707812 0.245972 0.765625 0.239731 0.765625 0.233491 0.770312 0.233491 0.771875 0.231411 0.773438 0.231411 0.775000 0.229331 0.776562 0.229331 0.778125 0.225171 0.781250 0.225171 0.782812 0.223091 0.784375 0.223091 0.789062 0.175249 0.789062 0.175249 0.784375 0.173169 0.782812 0.169009 0.782812 0.166929 0.781250 0.152368 0.781250 0.150288 0.779687 0.135728 0.779687 0.133648 0.778125 0.129487 0.778125 0.127407 0.776562 0.127407 0.773438 0.125327 0.771875 0.125327 0.756250 0.127407 0.754687 0.127407 0.751562 0.125327 0.750000 0.125327 0.745312 0.123247 0.743750 0.123247 0.737500 0.125327 0.735937 0.125327 0.720312 0.123247 0.718750 0.123247 0.701562 0.125327 0.700000 0.125327 0.689062 0.123247 0.687500 0.123247 0.678125 0.125327 0.676562 0.125327 0.675000 0.129487 0.671875 0.129487 0.665625
2 0.967759 0.840625 0.967759 0.845312 0.971919 0.848437 0.973999 0.848437 0.978159 0.851562 0.980239 0.851562 0.982319 0.853125 0.984399 0.853125 0.986479 0.854687 0.988560 0.854687 0.990640 0.856250 0.992720 0.856250 0.994800 0.857812 1.000000 0.857812 1.000000 0.998437 0.855435 0.998437 0.855435 0.942187 0.861675 0.942187 0.865835 0.939062 0.865835 0.935937 0.867915 0.934375 0.867915 0.925000 0.869995 0.923437 0.869995 0.914062 0.872075 0.912500 0.872075 0.904687 0.874155 0.903125 0.874155 0.892187 0.876235 0.890625 0.876235 0.867188 0.878315 0.865625 0.878315 0.860937 0.880396 0.859375 0.880396 0.857812 0.882476 0.856250 0.882476 0.854687 0.886636 0.851562 0.886636 0.850000 0.888716 0.850000 0.894956 0.845312 0.894956 0.840625