1 0.375454 0.515625 0.375454 0.520312 0.373374 0.521875 0.371294 0.521875 0.369214 0.523437 0.367134 0.523437 0.365054 0.525000 0.362974 0.525000 0.360894 0.526562 0.358813 0.526562 0.354653 0.529687 0.352573 0.529687 0.344253 0.535937 0.342173 0.535937 0.340093 0.537500 0.340093 0.539062 0.331772 0.545312 0.331772 0.548437 0.327612 0.551562 0.321372 0.551562 0.321372 0.575000 0.327612 0.575000 0.329692 0.576562 0.329692 0.578125 0.331772 0.579687 0.331772 0.584375 0.340093 0.590625 0.340093 0.592187 0.354653 0.603125 0.356733 0.603125 0.360894 0.606250 0.362974 0.606250 0.367134 0.609375 0.367134 0.614062 0.437856 0.614062 0.437856 0.607813 0.439936 0.606250 0.442017 0.606250 0.446177 0.603125 0.448257 0.603125 0.456577 0.596875 0.456577 0.595312 0.460737 0.592187 0.469058 0.592187 0.469058 0.543750 0.462817 0.543750 0.458657 0.540625 0.458657 0.539062 0.439936 0.525000 0.437856 0.525000 0.435776 0.523437 0.429536 0.523437 0.427456 0.521875 0.423296 0.521875 0.421216 0.523437 0.419136 0.521875 0.417056 0.521875 0.414976 0.520312 0.414976 0.515625
0 0.298491 0.403125 0.298491 0.407812 0.296411 0.409375 0.294331 0.409375 0.292251 0.410937 0.290171 0.410937 0.286011 0.414062 0.283931 0.414062 0.261050 0.431250 0.261050 0.432812 0.258970 0.434375 0.258970 0.435937 0.256890 0.437500 0.256890 0.439062 0.252729 0.442187 0.246489 0.442187 0.246489 0.476562 0.252729 0.476562 0.256890 0.479687 0.256890 0.481250 0.265210 0.487500 0.265210 0.489062 0.277690 0.498437 0.279770 0.498437 0.286011 0.503125 0.288091 0.503125 0.290171 0.504687 0.292251 0.504687 0.294331 0.506250 0.298491 0.506250 0.302651 0.509375 0.302651 0.514062 0.338013 0.514062 0.338013 0.509375 0.342173 0.506250 0.346333 0.506250 0.348413 0.504687 0.352573 0.504687 0.354653 0.503125 0.356733 0.503125 0.360894 0.500000 0.362974 0.500000 0.379614 0.487500 0.379614 0.485937 0.381694 0.484375 0.381694 0.482812 0.383774 0.481250 0.383774 0.479687 0.385854 0.478125 0.385854 0.476562 0.387935 0.475000 0.394175 0.475000 0.394175 0.431250 0.387935 0.431250 0.373374 0.420312 0.373374 0.418750 0.371294 0.417187 0.369214 0.417187 0.360894 0.410937 0.358813 0.410937 0.354653 0.407812 0.354653 0.403125
0 0.317212 0.609375 0.317212 0.615625 0.315132 0.617188 0.313052 0.617188 0.310972 0.618750 0.308892 0.618750 0.304731 0.621875 0.302651 0.621875 0.288091 0.632812 0.288091 0.634375 0.283931 0.637500 0.283931 0.640625 0.281851 0.642187 0.281851 0.643750 0.277690 0.646875 0.271450 0.646875 0.271450 0.689062 0.277690 0.689062 0.283931 0.693750 0.283931 0.695312 0.290171 0.700000 0.290171 0.701562 0.304731 0.712500 0.306812 0.712500 0.310972 0.715625 0.313052 0.715625 0.315132 0.717187 0.317212 0.717187 0.319292 0.718750 0.321372 0.718750 0.325532 0.721875 0.325532 0.726562 0.375454 0.726562 0.375454 0.721875 0.379614 0.718750 0.381694 0.718750 0.383774 0.717187 0.387935 0.717187 0.392095 0.714062 0.394175 0.714062 0.398335 0.710938 0.400415 0.710938 0.412896 0.701562 0.412896 0.700000 0.417056 0.696875 0.417056 0.695312 0.421216 0.692187 0.427456 0.692187 0.427456 0.643750 0.421216 0.643750 0.417056 0.640625 0.417056 0.639062 0.414976 0.637500 0.414976 0.635937 0.396255 0.621875 0.394175 0.621875 0.387935 0.617188 0.385854 0.617188 0.381694 0.614062 0.381694 0.609375
0 0.562661 0.359375 0.560581 0.360937 0.558501 0.360937 0.556421 0.362500 0.554341 0.362500 0.548101 0.367188 0.546021 0.367188 0.539780 0.371875 0.537700 0.371875 0.531460 0.376562 0.531460 0.378125 0.523140 0.384375 0.523140 0.385937 0.518979 0.389062 0.512739 0.389062 0.512739 0.415625 0.518979 0.415625 0.533540 0.426562 0.533540 0.428125 0.537700 0.431250 0.537700 0.432812 0.543940 0.437500 0.543940 0.439062 0.562661 0.453125 0.562661 0.457812 0.593862 0.457812 0.593862 0.453125 0.595942 0.451562 0.598022 0.451562 0.600103 0.450000 0.604263 0.450000 0.606343 0.448437 0.608423 0.448437 0.610503 0.446875 0.614663 0.446875 0.616743 0.445312 0.618823 0.445312 0.637544 0.431250 0.643784 0.431250 0.643784 0.381250 0.635464 0.381250 0.633384 0.379687 0.633384 0.378125 0.618823 0.367188 0.616743 0.367188 0.612583 0.364062 0.610503 0.364062 0.608423 0.362500 0.606343 0.362500 0.604263 0.360937 0.575142 0.360937 0.573062 0.359375
1 0.593862 0.446875 0.593862 0.451562 0.587622 0.456250 0.585542 0.456250 0.583462 0.457812 0.581382 0.457812 0.579302 0.459375 0.577222 0.459375 0.560581 0.471875 0.560581 0.473437 0.558501 0.475000 0.558501 0.476562 0.552261 0.481250 0.546021 0.481250 0.546021 0.551562 0.625063 0.551562 0.625063 0.546875 0.627144 0.545312 0.633384 0.545312 0.635464 0.543750 0.652104 0.543750 0.658345 0.539062 0.660425 0.539062 0.664585 0.535937 0.664585 0.534375 0.668745 0.531250 0.668745 0.529687 0.674985 0.525000 0.674985 0.523437 0.677065 0.521875 0.685386 0.521875 0.685386 0.478125 0.679145 0.478125 0.672905 0.473437 0.672905 0.471875 0.666665 0.467187 0.666665 0.465625 0.662505 0.462500 0.660425 0.462500 0.652104 0.456250 0.647944 0.456250 0.645864 0.454687 0.643784 0.454687 0.639624 0.451562 0.639624 0.446875
1 0.421216 0.340625 0.421216 0.345312 0.417056 0.348437 0.414976 0.348437 0.412896 0.350000 0.410815 0.350000 0.408735 0.351562 0.406655 0.351562 0.392095 0.362500 0.392095 0.364062 0.390015 0.365625 0.390015 0.368750 0.385854 0.371875 0.379614 0.371875 0.379614 0.409375 0.385854 0.409375 0.390015 0.412500 0.390015 0.414062 0.394175 0.417187 0.394175 0.418750 0.406655 0.428125 0.406655 0.432812 0.439936 0.432812 0.439936 0.428125 0.442017 0.426562 0.446177 0.426562 0.448257 0.425000 0.458657 0.425000 0.462817 0.428125 0.462817 0.432812 0.510659 0.432812 0.510659 0.414062 0.502339 0.414062 0.496099 0.409375 0.498179 0.407812 0.498179 0.403125 0.500259 0.401562 0.500259 0.398438 0.502339 0.396875 0.502339 0.395312 0.504419 0.393750 0.510659 0.393750 0.510659 0.379687 0.504419 0.379687 0.502339 0.378125 0.502339 0.375000 0.500259 0.373437 0.500259 0.370312 0.498179 0.368750 0.498179 0.367188 0.496099 0.365625 0.496099 0.364062 0.483618 0.354687 0.481538 0.354687 0.477378 0.351562 0.477378 0.350000 0.475298 0.348437 0.473218 0.348437 0.469058 0.345312 0.469058 0.340625
0 0.400415 0.228125 0.400415 0.232812 0.385854 0.243750 0.385854 0.245312 0.377534 0.251562 0.377534 0.253125 0.375454 0.254687 0.375454 0.256250 0.373374 0.257812 0.373374 0.259375 0.369214 0.262500 0.362974 0.262500 0.362974 0.298437 0.369214 0.298437 0.373374 0.301562 0.373374 0.303125 0.375454 0.304688 0.375454 0.306250 0.377534 0.307813 0.377534 0.309375 0.387935 0.317187 0.390015 0.317187 0.394175 0.320312 0.396255 0.320312 0.398335 0.321875 0.400415 0.321875 0.402495 0.323437 0.404575 0.323437 0.406655 0.325000 0.410815 0.325000 0.412896 0.326562 0.414976 0.326562 0.417056 0.328125 0.417056 0.332812 0.446177 0.332812 0.446177 0.328125 0.450337 0.325000 0.454497 0.325000 0.456577 0.323437 0.458657 0.323437 0.469058 0.315625 0.469058 0.314062 0.471138 0.312500 0.471138 0.309375 0.473218 0.307813 0.473218 0.304688 0.475298 0.303125 0.475298 0.300000 0.477378 0.298437 0.477378 0.296875 0.479458 0.295312 0.479458 0.292187 0.481538 0.290625 0.481538 0.287500 0.483618 0.285937 0.483618 0.282812 0.487778 0.279687 0.494019 0.279687 0.494019 0.265625 0.487778 0.265625 0.483618 0.262500 0.483618 0.257812 0.479458 0.254687 0.479458 0.253125 0.464897 0.242188 0.462817 0.242188 0.456577 0.237500 0.454497 0.237500 0.452417 0.235937 0.450337 0.235937 0.446177 0.232812 0.446177 0.228125
0 0.591782 0.540625 0.591782 0.545312 0.587622 0.548437 0.585542 0.548437 0.583462 0.550000 0.581382 0.550000 0.575142 0.554687 0.573062 0.554687 0.564741 0.560937 0.562661 0.560937 0.560581 0.562500 0.558501 0.562500 0.556421 0.564062 0.554341 0.564062 0.552261 0.565625 0.550181 0.565625 0.546021 0.568750 0.537700 0.568750 0.537700 0.606250 0.543940 0.606250 0.550181 0.610937 0.552261 0.610937 0.556421 0.614062 0.556421 0.615625 0.568901 0.625000 0.568901 0.626562 0.581382 0.635937 0.583462 0.635937 0.589702 0.640625 0.591782 0.640625 0.593862 0.642187 0.598022 0.642187 0.600103 0.643750 0.604263 0.643750 0.608423 0.646875 0.608423 0.651562 0.643784 0.651562 0.643784 0.646875 0.645864 0.645312 0.647944 0.645312 0.650024 0.643750 0.654185 0.643750 0.656265 0.642187 0.658345 0.642187 0.660425 0.640625 0.662505 0.640625 0.666665 0.637500 0.668745 0.637500 0.683306 0.626562 0.683306 0.625000 0.687466 0.621875 0.693706 0.621875 0.693706 0.575000 0.687466 0.575000 0.683306 0.571875 0.683306 0.570312 0.681226 0.568750 0.681226 0.567187 0.679145 0.565625 0.679145 0.564062 0.672905 0.559375 0.672905 0.557812 0.660425 0.548437 0.658345 0.548437 0.654185 0.545312 0.654185 0.540625
1 0.645864 0.246875 0.645864 0.251562 0.641704 0.254687 0.639624 0.254687 0.637544 0.256250 0.635464 0.256250 0.635464 0.257812 0.631304 0.260937 0.629224 0.260937 0.625063 0.264062 0.625063 0.265625 0.616743 0.271875 0.616743 0.273437 0.614663 0.275000 0.614663 0.276562 0.610503 0.279687 0.604263 0.279687 0.604263 0.321875 0.610503 0.321875 0.616743 0.326562 0.616743 0.328125 0.620903 0.331250 0.620903 0.332812 0.633384 0.342187 0.635464 0.342187 0.637544 0.343750 0.639624 0.343750 0.643784 0.346875 0.643784 0.351562 0.677065 0.351562 0.677065 0.346875 0.679145 0.345312 0.681226 0.345312 0.683306 0.343750 0.685386 0.343750 0.687466 0.342187 0.691626 0.342187 0.693706 0.340625 0.695786 0.340625 0.712427 0.328125 0.712427 0.326562 0.716587 0.323437 0.716587 0.321875 0.720747 0.318750 0.726987 0.318750 0.726987 0.271875 0.718667 0.271875 0.704106 0.260937 0.702026 0.260937 0.695786 0.256250 0.693706 0.256250 0.691626 0.254687 0.689546 0.254687 0.687466 0.253125 0.687466 0.246875
2 0.695786 0.396875 0.695786 0.401562 0.691626 0.404687 0.689546 0.404687 0.685386 0.407812 0.683306 0.407812 0.668745 0.418750 0.662505 0.418750 0.662505 0.465625 0.668745 0.465625 0.674985 0.470312 0.674985 0.471875 0.677065 0.473437 0.677065 0.475000 0.679145 0.476562 0.679145 0.478125 0.683306 0.481250 0.683306 0.482812 0.685386 0.484375 0.685386 0.485937 0.687466 0.487500 0.687466 0.489062 0.691626 0.492188 0.691626 0.493750 0.695786 0.496875 0.695786 0.501562 0.751948 0.501562 0.751948 0.496875 0.756108 0.493750 0.758188 0.493750 0.760269 0.492188 0.762349 0.492188 0.770669 0.485937 0.772749 0.485937 0.776909 0.482812 0.776909 0.481250 0.783149 0.476562 0.783149 0.475000 0.785229 0.473437 0.793550 0.473437 0.793550 0.425000 0.785229 0.425000 0.783149 0.423437 0.783149 0.421875 0.781069 0.420312 0.781069 0.418750 0.774829 0.414062 0.774829 0.412500 0.768589 0.407812 0.766509 0.407812 0.762349 0.404687 0.760269 0.404687 0.756108 0.401562 0.756108 0.396875
1 0.036401 0.234375 0.036401 0.239062 0.032241 0.242188 0.028081 0.242188 0.026001 0.243750 0.023921 0.243750 0.015601 0.250000 0.013521 0.250000 0.009360 0.253125 0.009360 0.254687 0.003120 0.259375 0.000000 0.259375 0.000000 0.306250 0.003120 0.306250 0.007280 0.309375 0.007280 0.310937 0.009360 0.312500 0.011440 0.312500 0.019761 0.318750 0.021841 0.318750 0.030161 0.325000 0.032241 0.325000 0.036401 0.328125 0.036401 0.332812 0.100884 0.332812 0.100884 0.328125 0.109204 0.321875 0.111284 0.321875 0.113364 0.320312 0.119604 0.320312 0.119604 0.264062 0.113364 0.264062 0.107124 0.259375 0.107124 0.257812 0.105044 0.256250 0.102964 0.256250 0.098804 0.253125 0.098804 0.251562 0.096724 0.251562 0.090483 0.246875 0.088403 0.246875 0.084243 0.243750 0.082163 0.243750 0.080083 0.242188 0.078003 0.242188 0.073843 0.239062 0.073843 0.234375
2 0.589702 0.601562 0.593862 0.604687 0.593862 0.606250 0.595942 0.607813 0.602183 0.607813 0.602183 0.596875 0.589702 0.596875 0.589702 0.601562 0.560581 0.618750 0.556421 0.615625 0.556421 0.614062 0.543940 0.604687 0.541860 0.604687 0.537700 0.601562 0.537700 0.596875 0.483618 0.596875 0.483618 0.601562 0.479458 0.604687 0.477378 0.604687 0.475298 0.606250 0.473218 0.606250 0.469058 0.609375 0.466978 0.609375 0.448257 0.623438 0.448257 0.625000 0.444097 0.628125 0.444097 0.629687 0.442017 0.631250 0.442017 0.632812 0.439936 0.634375 0.439936 0.635937 0.435776 0.639062 0.429536 0.639062 0.429536 0.678125 0.437856 0.678125 0.439936 0.679688 0.439936 0.681250 0.442017 0.682812 0.442017 0.684375 0.448257 0.689062 0.448257 0.690625 0.450337 0.692187 0.450337 0.693750 0.462817 0.703125 0.464897 0.703125 0.469058 0.706250 0.471138 0.706250 0.475298 0.709375 0.477378 0.709375 0.479458 0.710938 0.483618 0.710938 0.485698 0.712500 0.489858 0.712500 0.491938 0.714062 0.494019 0.714062 0.496099 0.715625 0.496099 0.720312 0.529380 0.720312 0.529380 0.714062 0.531460 0.712500 0.533540 0.712500 0.535620 0.710938 0.539780 0.710938 0.541860 0.709375 0.548101 0.709375 0.550181 0.707812 0.554341 0.707812 0.558501 0.704687 0.560581 0.704687 0.562661 0.703125 0.564741 0.703125 0.566821 0.701562 0.568901 0.701562 0.579302 0.693750 0.579302 0.692187 0.585542 0.687500 0.585542 0.685937 0.589702 0.682812 0.589702 0.679688 0.591782 0.678125 0.591782 0.675000 0.595942 0.671875 0.602183 0.671875 0.602183 0.653125 0.595942 0.653125 0.591782 0.650000 0.591782 0.648438 0.589702 0.646875 0.589702 0.640625 0.587622 0.640625 0.560581 0.620312 0.560581 0.618750
1 0.000000 0.509375 0.000000 0.645312 0.046802 0.645312 0.046802 0.640625 0.050962 0.637500 0.053042 0.637500 0.055122 0.635937 0.059282 0.635937 0.061362 0.634375 0.063442 0.634375 0.078003 0.623438 0.080083 0.623438 0.082163 0.621875 0.084243 0.621875 0.086323 0.620312 0.088403 0.620312 0.092563 0.617188 0.094644 0.617188 0.096724 0.615625 0.098804 0.615625 0.102964 0.612500 0.111284 0.612500 0.111284 0.565625 0.105044 0.565625 0.102964 0.564062 0.102964 0.562500 0.100884 0.560937 0.100884 0.557812 0.096724 0.554687 0.096724 0.553125 0.094644 0.553125 0.090483 0.550000 0.090483 0.548437 0.086323 0.545312 0.084243 0.545312 0.082163 0.543750 0.080083 0.543750 0.078003 0.542187 0.078003 0.540625 0.075923 0.539062 0.075923 0.537500 0.071763 0.534375 0.071763 0.532812 0.067603 0.529687 0.067603 0.528125 0.059282 0.521875 0.059282 0.520312 0.050962 0.514062 0.050962 0.509375
2 0.460737 0.403125 0.460737 0.407812 0.454497 0.412500 0.450337 0.412500 0.448257 0.414062 0.444097 0.414062 0.437856 0.418750 0.433696 0.418750 0.427456 0.423437 0.425376 0.423437 0.419136 0.428125 0.419136 0.429688 0.417056 0.431250 0.417056 0.435937 0.414976 0.437500 0.414976 0.439062 0.410815 0.442187 0.404575 0.442187 0.404575 0.498437 0.410815 0.498437 0.414976 0.501562 0.414976 0.503125 0.419136 0.506250 0.419136 0.507812 0.433696 0.518750 0.435776 0.518750 0.437856 0.520312 0.439936 0.520312 0.444097 0.523437 0.446177 0.523437 0.448257 0.525000 0.460737 0.525000 0.462817 0.526562 0.464897 0.526562 0.466978 0.528125 0.466978 0.532812 0.487778 0.532812 0.487778 0.528125 0.491938 0.525000 0.496099 0.525000 0.498179 0.523437 0.502339 0.523437 0.504419 0.521875 0.508579 0.521875 0.510659 0.520312 0.514819 0.520312 0.516899 0.518750 0.518979 0.518750 0.521060 0.517187 0.523140 0.517187 0.535620 0.507812 0.535620 0.506250 0.537700 0.504687 0.537700 0.503125 0.541860 0.500000 0.541860 0.498437 0.546021 0.495312 0.546021 0.492188 0.548101 0.490625 0.548101 0.489062 0.550181 0.487500 0.550181 0.485937 0.554341 0.482812 0.560581 0.482812 0.560581 0.454687 0.554341 0.454687 0.550181 0.451562 0.550181 0.450000 0.548101 0.448437 0.548101 0.446875 0.546021 0.445312 0.546021 0.443750 0.543940 0.442187 0.543940 0.440625 0.537700 0.435937 0.537700 0.434375 0.535620 0.432812 0.535620 0.431250 0.525220 0.423437 0.525220 0.421875 0.514819 0.414062 0.512739 0.414062 0.510659 0.412500 0.508579 0.412500 0.506499 0.410937 0.504419 0.410937 0.502339 0.409375 0.500259 0.409375 0.498179 0.407812 0.498179 0.403125
1 0.982837 0.503125 0.982837 0.507812 0.974517 0.514062 0.972437 0.514062 0.964116 0.520312 0.962036 0.520312 0.959956 0.521875 0.955796 0.521875 0.953716 0.523437 0.949556 0.523437 0.947476 0.525000 0.941235 0.525000 0.939155 0.526562 0.937075 0.526562 0.930835 0.531250 0.928755 0.531250 0.914194 0.542187 0.914194 0.543750 0.907954 0.548437 0.907954 0.550000 0.901714 0.554687 0.895474 0.554687 0.895474 0.589062 0.901714 0.589062 0.905874 0.592187 0.905874 0.595312 0.907954 0.596875 0.907954 0.598437 0.912114 0.601562 0.912114 0.603125 0.916274 0.606250 0.916274 0.607813 0.918354 0.609375 0.918354 0.612500 0.920435 0.614062 0.920435 0.615625 0.918354 0.617188 0.918354 0.621875 0.916274 0.623438 0.916274 0.626562 0.914194 0.628125 0.914194 0.631250 0.910034 0.634375 0.910034 0.635937 0.907954 0.637500 0.907954 0.646875 0.912114 0.650000 0.912114 0.651562 0.918354 0.656250 0.918354 0.657812 0.920435 0.659375 0.922515 0.659375 0.928755 0.664062 0.928755 0.670312 0.955796 0.670312 0.955796 0.665625 0.962036 0.660937 0.966196 0.660937 0.970356 0.657812 0.972437 0.657812 0.976597 0.654687 0.978677 0.654687 0.980757 0.653125 0.982837 0.653125 0.986997 0.650000 0.989077 0.650000 0.993237 0.646875 1.000000 0.646875 1.000000 0.503125
2 0.223608 0.515625 0.223608 0.520312 0.219448 0.523437 0.217368 0.523437 0.215288 0.525000 0.213208 0.525000 0.204888 0.531250 0.202808 0.531250 0.200728 0.532812 0.200728 0.534375 0.192407 0.540625 0.192407 0.542187 0.190327 0.543750 0.190327 0.545312 0.188247 0.546875 0.179927 0.546875 0.179927 0.593750 0.188247 0.593750 0.190327 0.595312 0.190327 0.596875 0.192407 0.598437 0.192407 0.600000 0.202808 0.607813 0.202808 0.609375 0.204888 0.609375 0.213208 0.615625 0.215288 0.615625 0.217368 0.617188 0.219448 0.617188 0.221528 0.618750 0.223608 0.618750 0.227769 0.621875 0.227769 0.626562 0.273530 0.626562 0.273530 0.621875 0.277690 0.618750 0.279770 0.618750 0.281851 0.617188 0.283931 0.617188 0.286011 0.615625 0.288091 0.615625 0.292251 0.612500 0.294331 0.612500 0.306812 0.603125 0.306812 0.601562 0.310972 0.598437 0.310972 0.596875 0.315132 0.593750 0.315132 0.592187 0.317212 0.590625 0.317212 0.587500 0.319292 0.585937 0.319292 0.584375 0.321372 0.582812 0.327612 0.582812 0.327612 0.548437 0.321372 0.548437 0.315132 0.543750 0.315132 0.542187 0.313052 0.540625 0.313052 0.539062 0.310972 0.539062 0.306812 0.535937 0.306812 0.534375 0.302651 0.531250 0.300571 0.531250 0.294331 0.526562 0.292251 0.526562 0.290171 0.525000 0.288091 0.525000 0.286011 0.523437 0.283931 0.523437 0.279770 0.520312 0.279770 0.515625
2 0.300571 0.309375 0.300571 0.314062 0.294331 0.318750 0.292251 0.318750 0.290171 0.320312 0.288091 0.320312 0.283931 0.323437 0.281851 0.323437 0.277690 0.326562 0.275610 0.326562 0.275610 0.328125 0.267290 0.334375 0.267290 0.335938 0.261050 0.340625 0.254810 0.340625 0.254810 0.392187 0.261050 0.392187 0.265210 0.395312 0.265210 0.396875 0.267290 0.396875 0.271450 0.400000 0.275610 0.400000 0.279770 0.403125 0.279770 0.407812 0.342173 0.407812 0.342173 0.403125 0.344253 0.401562 0.346333 0.401562 0.348413 0.400000 0.350493 0.400000 0.352573 0.398438 0.354653 0.398438 0.356733 0.396875 0.358813 0.396875 0.371294 0.387500 0.371294 0.385937 0.375454 0.382812 0.375454 0.381250 0.379614 0.378125 0.385854 0.378125 0.385854 0.339062 0.379614 0.339062 0.375454 0.335938 0.375454 0.334375 0.362974 0.325000 0.360894 0.325000 0.352573 0.318750 0.350493 0.318750 0.348413 0.317187 0.346333 0.317187 0.342173 0.314062 0.342173 0.309375
2 0.514819 0.259375 0.514819 0.264062 0.510659 0.267187 0.508579 0.267187 0.506499 0.268750 0.504419 0.268750 0.498179 0.273437 0.496099 0.273437 0.494019 0.275000 0.491938 0.275000 0.489858 0.276562 0.489858 0.278125 0.481538 0.284375 0.481538 0.287500 0.477378 0.290625 0.471138 0.290625 0.471138 0.326562 0.477378 0.326562 0.481538 0.329687 0.481538 0.331250 0.483618 0.332812 0.483618 0.334375 0.508579 0.353125 0.508579 0.357812 0.564741 0.357812 0.564741 0.353125 0.568901 0.350000 0.570981 0.350000 0.573062 0.348437 0.575142 0.348437 0.585542 0.340625 0.585542 0.339062 0.587622 0.337500 0.587622 0.335938 0.589702 0.334375 0.589702 0.332812 0.591782 0.331250 0.591782 0.328125 0.593862 0.326562 0.593862 0.323437 0.595942 0.321875 0.602183 0.321875 0.602183 0.290625 0.595942 0.290625 0.591782 0.287500 0.591782 0.285937 0.589702 0.284375 0.589702 0.282812 0.587622 0.281250 0.587622 0.279687 0.575142 0.270312 0.573062 0.270312 0.568901 0.267187 0.566821 0.267187 0.562661 0.264062 0.562661 0.259375
1 0.864272 0.509375 0.864272 0.514062 0.860112 0.517187 0.858032 0.517187 0.855952 0.518750 0.851792 0.518750 0.845552 0.523437 0.843472 0.523437 0.839311 0.526562 0.837231 0.526562 0.822671 0.537500 0.822671 0.539062 0.816431 0.543750 0.816431 0.545312 0.814351 0.546875 0.814351 0.548437 0.810190 0.551562 0.803950 0.551562 0.803950 0.600000 0.810190 0.600000 0.814351 0.603125 0.814351 0.604687 0.816431 0.606250 0.816431 0.609375 0.820591 0.612500 0.820591 0.614062 0.822671 0.615625 0.822671 0.623438 0.810190 0.632812 0.803950 0.632812 0.803950 0.656250 0.810190 0.656250 0.814351 0.659375 0.814351 0.664062 0.847632 0.664062 0.847632 0.657812 0.851792 0.654687 0.853872 0.654687 0.855952 0.653125 0.858032 0.653125 0.862192 0.650000 0.864272 0.650000 0.872593 0.643750 0.872593 0.642187 0.874673 0.640625 0.874673 0.629687 0.876753 0.628125 0.876753 0.625000 0.874673 0.623438 0.874673 0.614062 0.876753 0.612500 0.876753 0.582812 0.878833 0.581250 0.878833 0.576562 0.880913 0.575000 0.880913 0.571875 0.882993 0.570312 0.882993 0.567187 0.885073 0.565625 0.885073 0.564062 0.887153 0.562500 0.893394 0.562500 0.893394 0.517187 0.885073 0.517187 0.880913 0.514062 0.880913 0.509375
2 0.448257 0.921875 0.448257 0.926562 0.444097 0.929688 0.442017 0.929688 0.439936 0.931250 0.435776 0.931250 0.429536 0.935937 0.427456 0.935937 0.425376 0.937500 0.423296 0.937500 0.421216 0.939062 0.419136 0.939062 0.412896 0.943750 0.410815 0.943750 0.408735 0.945312 0.406655 0.945312 0.398335 0.951562 0.396255 0.951562 0.385854 0.959375 0.385854 0.960938 0.381694 0.964062 0.381694 0.965625 0.379614 0.967187 0.379614 0.968750 0.377534 0.970312 0.375454 0.970312 0.373374 0.971875 0.373374 0.973437 0.369214 0.976562 0.362974 0.976562 0.362974 0.998437 0.518979 0.998437 0.518979 0.932812 0.512739 0.932812 0.504419 0.926562 0.504419 0.921875
2 0.225688 0.739062 0.223608 0.740625 0.223608 0.742188 0.221528 0.743750 0.215288 0.743750 0.213208 0.742188 0.211128 0.743750 0.211128 0.745312 0.209048 0.746875 0.209048 0.750000 0.204888 0.753125 0.196567 0.753125 0.194487 0.754687 0.175767 0.754687 0.173687 0.753125 0.167446 0.753125 0.165366 0.754687 0.161206 0.754687 0.152886 0.748437 0.146646 0.748437 0.142485 0.745312 0.142485 0.742188 0.140405 0.740625 0.138325 0.740625 0.132085 0.745312 0.130005 0.745312 0.127925 0.746875 0.127925 0.750000 0.125845 0.751562 0.125845 0.753125 0.123765 0.754687 0.123765 0.756250 0.119604 0.759375 0.119604 0.762500 0.117524 0.764062 0.117524 0.765625 0.115444 0.767187 0.115444 0.768750 0.113364 0.770312 0.113364 0.771875 0.111284 0.773438 0.105044 0.773438 0.105044 0.825000 0.111284 0.825000 0.113364 0.826562 0.113364 0.828125 0.115444 0.829687 0.115444 0.832812 0.117524 0.834375 0.117524 0.840625 0.119604 0.842187 0.119604 0.843750 0.121685 0.845312 0.121685 0.846875 0.123765 0.848437 0.123765 0.850000 0.125845 0.851562 0.125845 0.854687 0.127925 0.856250 0.127925 0.859375 0.130005 0.860937 0.130005 0.862500 0.132085 0.864062 0.132085 0.865625 0.134165 0.867188 0.134165 0.868750 0.138325 0.871875 0.138325 0.873437 0.142485 0.876562 0.142485 0.879687 0.144565 0.881250 0.144565 0.882812 0.146646 0.884375 0.146646 0.885937 0.150806 0.889062 0.150806 0.890625 0.152886 0.892187 0.152886 0.895312 0.154966 0.896875 0.154966 0.898438 0.159126 0.901562 0.159126 0.903125 0.161206 0.904687 0.161206 0.906250 0.167446 0.910937 0.167446 0.912500 0.171606 0.915625 0.173687 0.915625 0.177847 0.918750 0.179927 0.918750 0.184087 0.921875 0.184087 0.926562 0.229849 0.926562 0.229849 0.921875 0.234009 0.918750 0.236089 0.918750 0.238169 0.917187 0.240249 0.917187 0.242329 0.915625 0.244409 0.915625 0.246489 0.914062 0.248569 0.914062 0.267290 0.900000 0.267290 0.898438 0.271450 0.895312 0.271450 0.893750 0.273530 0.892187 0.273530 0.890625 0.275610 0.889062 0.275610 0.887500 0.279770 0.884375 0.286011 0.884375 0.286011 0.846875 0.279770 0.846875 0.275610 0.843750 0.275610 0.840625 0.273530 0.839062 0.273530 0.835938 0.271450 0.834375 0.271450 0.831250 0.269370 0.829687 0.269370 0.828125 0.267290 0.826562 0.267290 0.823437 0.265210 0.821875 0.265210 0.818750 0.263130 0.817187 0.263130 0.814062 0.261050 0.812500 0.261050 0.809375 0.258970 0.807812 0.258970 0.804688 0.256890 0.803125 0.256890 0.800000 0.254810 0.798437 0.254810 0.795312 0.252729 0.793750 0.252729 0.792187 0.250649 0.790625 0.250649 0.787500 0.248569 0.785937 0.248569 0.784375 0.246489 0.782812 0.246489 0.771875 0.244409 0.770312 0.244409 0.768750 0.242329 0.767187 0.242329 0.764062 0.240249 0.762500 0.240249 0.759375 0.238169 0.757812 0.238169 0.753125 0.234009 0.750000 0.231929 0.750000 0.229849 0.748437 0.229849 0.742188 0.227769 0.740625 0.227769 0.739062