1 0.530942 0.553125 0.530942 0.557812 0.535103 0.560937 0.537183 0.560937 0.539263 0.562500 0.541343 0.562500 0.547583 0.567187 0.549663 0.567187 0.560064 0.575000 0.560064 0.576562 0.566304 0.581250 0.566304 0.582812 0.568384 0.584375 0.568384 0.585937 0.572544 0.589062 0.578784 0.589062 0.578784 0.623438 0.572544 0.623438 0.568384 0.626562 0.568384 0.628125 0.566304 0.629687 0.566304 0.632812 0.562144 0.635937 0.562144 0.637500 0.555903 0.642187 0.555903 0.643750 0.545503 0.651562 0.543423 0.651562 0.539263 0.654687 0.537183 0.654687 0.535103 0.656250 0.533022 0.656250 0.528862 0.659375 0.528862 0.664062 0.474780 0.664062 0.474780 0.659375 0.470620 0.656250 0.468540 0.656250 0.466460 0.654687 0.464380 0.654687 0.460220 0.651562 0.458140 0.651562 0.453979 0.648438 0.451899 0.648438 0.445659 0.643750 0.445659 0.642187 0.441499 0.639062 0.441499 0.637500 0.437339 0.634375 0.431099 0.634375 0.431099 0.584375 0.437339 0.584375 0.443579 0.579687 0.443579 0.578125 0.449819 0.573437 0.451899 0.573437 0.468540 0.560937 0.470620 0.560937 0.474780 0.557812 0.474780 0.553125
1 0.726470 0.509375 0.726470 0.514062 0.728550 0.515625 0.730630 0.515625 0.732710 0.517187 0.736870 0.517187 0.738950 0.518750 0.741030 0.518750 0.743110 0.520312 0.745190 0.520312 0.749351 0.523437 0.751431 0.523437 0.765991 0.534375 0.765991 0.535937 0.772231 0.540625 0.778472 0.540625 0.778472 0.587500 0.772231 0.587500 0.768071 0.590625 0.768071 0.592187 0.763911 0.595312 0.763911 0.596875 0.757671 0.601562 0.757671 0.603125 0.749351 0.609375 0.747271 0.609375 0.743110 0.612500 0.741030 0.612500 0.738950 0.614062 0.738950 0.620312 0.680708 0.620312 0.680708 0.615625 0.674468 0.610937 0.672388 0.610937 0.670308 0.609375 0.668228 0.609375 0.666147 0.607813 0.664067 0.607813 0.659907 0.604687 0.657827 0.604687 0.655747 0.603125 0.653667 0.603125 0.651587 0.601562 0.649507 0.601562 0.645347 0.598437 0.645347 0.596875 0.641187 0.593750 0.641187 0.592187 0.639106 0.590625 0.630786 0.590625 0.630786 0.542187 0.637026 0.542187 0.641187 0.539062 0.641187 0.537500 0.647427 0.532812 0.647427 0.531250 0.657827 0.523437 0.659907 0.523437 0.664067 0.520312 0.666147 0.520312 0.668228 0.518750 0.670308 0.518750 0.672388 0.517187 0.674468 0.517187 0.678628 0.514062 0.678628 0.509375
0 0.686948 0.409375 0.686948 0.414062 0.691108 0.417187 0.693188 0.417187 0.695269 0.418750 0.697349 0.418750 0.701509 0.421875 0.703589 0.421875 0.707749 0.425000 0.709829 0.425000 0.718149 0.431250 0.718149 0.432812 0.726470 0.439062 0.726470 0.440625 0.730630 0.443750 0.736870 0.443750 0.736870 0.479687 0.730630 0.479687 0.726470 0.482812 0.726470 0.484375 0.724390 0.485937 0.724390 0.487500 0.720230 0.490625 0.720230 0.492188 0.701509 0.506250 0.699429 0.506250 0.697349 0.507812 0.697349 0.514062 0.628706 0.514062 0.628706 0.509375 0.614146 0.498437 0.614146 0.496875 0.605825 0.490625 0.605825 0.489062 0.601665 0.485937 0.601665 0.484375 0.599585 0.482812 0.599585 0.481250 0.595425 0.478125 0.589185 0.478125 0.589185 0.443750 0.595425 0.443750 0.599585 0.440625 0.599585 0.439062 0.601665 0.437500 0.601665 0.435937 0.607905 0.431250 0.607905 0.429688 0.614146 0.425000 0.616226 0.425000 0.622466 0.420312 0.624546 0.420312 0.626626 0.418750 0.628706 0.418750 0.634946 0.414062 0.634946 0.409375
1 0.485181 0.378125 0.485181 0.382812 0.487261 0.384375 0.489341 0.384375 0.491421 0.385937 0.495581 0.385937 0.497661 0.387500 0.499741 0.387500 0.503901 0.390625 0.505981 0.390625 0.508062 0.392187 0.510142 0.392187 0.512222 0.393750 0.516382 0.393750 0.522622 0.398438 0.524702 0.398438 0.535103 0.406250 0.535103 0.407812 0.537183 0.409375 0.545503 0.409375 0.545503 0.456250 0.539263 0.456250 0.530942 0.462500 0.530942 0.464062 0.526782 0.467187 0.524702 0.467187 0.518462 0.471875 0.516382 0.471875 0.514302 0.473437 0.512222 0.473437 0.510142 0.475000 0.505981 0.475000 0.503901 0.476562 0.501821 0.476562 0.499741 0.478125 0.499741 0.482812 0.460220 0.482812 0.460220 0.478125 0.456060 0.475000 0.453979 0.475000 0.451899 0.473437 0.449819 0.473437 0.447739 0.471875 0.445659 0.471875 0.443579 0.470312 0.441499 0.470312 0.437339 0.467187 0.435259 0.467187 0.433179 0.465625 0.431099 0.465625 0.426938 0.462500 0.424858 0.462500 0.420698 0.459375 0.418618 0.459375 0.416538 0.457812 0.416538 0.456250 0.412378 0.453125 0.406138 0.453125 0.406138 0.412500 0.412378 0.412500 0.416538 0.409375 0.416538 0.406250 0.418618 0.404687 0.418618 0.403125 0.422778 0.400000 0.422778 0.398438 0.429019 0.393750 0.429019 0.392187 0.435259 0.387500 0.437339 0.387500 0.443579 0.382812 0.443579 0.378125
0 0.429019 0.459375 0.429019 0.464062 0.437339 0.470312 0.439419 0.470312 0.441499 0.471875 0.443579 0.471875 0.447739 0.475000 0.451899 0.475000 0.453979 0.476562 0.456060 0.476562 0.462300 0.481250 0.464380 0.481250 0.474780 0.489062 0.474780 0.490625 0.476860 0.492188 0.476860 0.493750 0.481021 0.496875 0.487261 0.496875 0.487261 0.537500 0.478940 0.537500 0.476860 0.539062 0.476860 0.542187 0.472700 0.545312 0.472700 0.546875 0.468540 0.550000 0.468540 0.551562 0.456060 0.560937 0.453979 0.560937 0.447739 0.565625 0.447739 0.570312 0.377017 0.570312 0.377017 0.565625 0.370776 0.560937 0.368696 0.560937 0.360376 0.554687 0.358296 0.554687 0.352056 0.550000 0.352056 0.548437 0.347896 0.545312 0.347896 0.543750 0.343735 0.540625 0.343735 0.537500 0.341655 0.535937 0.341655 0.532812 0.337495 0.529687 0.331255 0.529687 0.331255 0.501562 0.337495 0.501562 0.341655 0.498437 0.341655 0.495312 0.343735 0.493750 0.343735 0.492188 0.345815 0.490625 0.345815 0.489062 0.349976 0.485937 0.349976 0.484375 0.366616 0.471875 0.368696 0.471875 0.372856 0.468750 0.374937 0.468750 0.377017 0.467187 0.379097 0.467187 0.383257 0.464062 0.383257 0.459375
2 0.366616 0.353125 0.366616 0.357812 0.368696 0.359375 0.370776 0.359375 0.372856 0.360937 0.374937 0.360937 0.377017 0.362500 0.379097 0.362500 0.387417 0.368750 0.389497 0.368750 0.391577 0.370312 0.391577 0.371875 0.399897 0.378125 0.399897 0.379687 0.401978 0.381250 0.401978 0.382812 0.406138 0.385937 0.412378 0.385937 0.412378 0.418750 0.406138 0.418750 0.401978 0.421875 0.401978 0.426562 0.399897 0.428125 0.399897 0.431250 0.397817 0.432812 0.397817 0.435937 0.395737 0.437500 0.395737 0.439062 0.377017 0.453125 0.377017 0.457812 0.318774 0.457812 0.318774 0.453125 0.314614 0.450000 0.312534 0.450000 0.308374 0.446875 0.306294 0.446875 0.300054 0.442187 0.297974 0.442187 0.295894 0.440625 0.295894 0.439062 0.287573 0.432812 0.287573 0.431250 0.285493 0.429688 0.285493 0.428125 0.283413 0.426562 0.283413 0.425000 0.279253 0.421875 0.273013 0.421875 0.273013 0.385937 0.279253 0.385937 0.283413 0.382812 0.283413 0.381250 0.285493 0.379687 0.285493 0.378125 0.293814 0.371875 0.293814 0.370312 0.295894 0.368750 0.297974 0.368750 0.306294 0.362500 0.308374 0.362500 0.310454 0.360937 0.312534 0.360937 0.316694 0.357812 0.316694 0.353125
2 0.607905 0.328125 0.607905 0.332812 0.612065 0.335938 0.616226 0.335938 0.618306 0.337500 0.620386 0.337500 0.626626 0.342187 0.628706 0.342187 0.639106 0.350000 0.641187 0.350000 0.641187 0.351562 0.647427 0.356250 0.653667 0.356250 0.653667 0.404687 0.647427 0.404687 0.634946 0.414062 0.632866 0.414062 0.630786 0.415625 0.628706 0.415625 0.622466 0.420312 0.620386 0.420312 0.618306 0.421875 0.616226 0.421875 0.609985 0.426562 0.607905 0.426562 0.605825 0.428125 0.605825 0.432812 0.566304 0.432812 0.566304 0.428125 0.562144 0.425000 0.560064 0.425000 0.551743 0.418750 0.549663 0.418750 0.545503 0.415625 0.545503 0.414062 0.535103 0.406250 0.535103 0.404687 0.533022 0.403125 0.530942 0.403125 0.530942 0.401562 0.526782 0.398438 0.526782 0.396875 0.520542 0.392187 0.514302 0.392187 0.514302 0.365625 0.520542 0.365625 0.524702 0.362500 0.524702 0.360937 0.528862 0.357812 0.528862 0.356250 0.535103 0.351562 0.535103 0.350000 0.545503 0.342187 0.547583 0.342187 0.553823 0.337500 0.557983 0.337500 0.560064 0.335938 0.562144 0.335938 0.566304 0.332812 0.566304 0.328125
1 0.909517 0.146875 0.909517 0.151562 0.913677 0.154687 0.915757 0.154687 0.917837 0.156250 0.919917 0.156250 0.921997 0.157812 0.924077 0.157812 0.928237 0.160937 0.930317 0.160937 0.934478 0.164062 0.936558 0.164062 0.940718 0.167187 0.942798 0.167187 0.946958 0.170312 0.949038 0.170312 0.953198 0.173437 0.955278 0.173437 0.957358 0.175000 0.959438 0.175000 0.965679 0.179688 0.967759 0.179688 0.976079 0.185937 0.978159 0.185937 0.986479 0.192187 0.988560 0.192187 0.998960 0.200000 0.998960 0.201562 1.000000 0.203125 1.000000 0.206250 1.000000 0.207812 1.000000 0.210938 1.000000 0.212500 1.000000 0.212500 1.000000 0.321875 1.000000 0.321875 1.000000 0.323437 1.000000 0.328125 1.000000 0.329687 1.000000 0.345312 0.998960 0.346875 0.998960 0.350000 0.996880 0.351562 0.996880 0.353125 0.994800 0.354687 0.990640 0.354687 0.988560 0.356250 0.978159 0.356250 0.969839 0.362500 0.967759 0.362500 0.963599 0.365625 0.965679 0.367188 0.967759 0.367188 0.969839 0.368750 0.971919 0.368750 0.973999 0.370312 0.986479 0.370312 0.988560 0.371875 0.988560 0.376562 0.807593 0.376562 0.807593 0.371875 0.811753 0.368750 0.813833 0.368750 0.820073 0.364062 0.820073 0.359375 0.817993 0.357812 0.817993 0.353125 0.815913 0.351562 0.815913 0.350000 0.811753 0.346875 0.811753 0.342187 0.809673 0.340625 0.809673 0.335938 0.807593 0.334375 0.807593 0.328125 0.809673 0.326562 0.809673 0.323437 0.811753 0.321875 0.811753 0.320312 0.817993 0.315625 0.822153 0.315625 0.828394 0.310937 0.828394 0.309375 0.840874 0.300000 0.840874 0.298437 0.847114 0.293750 0.849194 0.293750 0.855435 0.289062 0.855435 0.287500 0.857515 0.285937 0.857515 0.279687 0.859595 0.278125 0.853354 0.273437 0.853354 0.271875 0.847114 0.267187 0.847114 0.265625 0.845034 0.264062 0.842954 0.264062 0.815913 0.243750 0.815913 0.242188 0.807593 0.235937 0.807593 0.234375 0.799272 0.228125 0.799272 0.226562 0.797192 0.225000 0.797192 0.223437 0.795112 0.221875 0.788872 0.221875 0.788872 0.187500 0.795112 0.187500 0.799272 0.184375 0.799272 0.181250 0.801353 0.179688 0.801353 0.178125 0.807593 0.173437 0.807593 0.171875 0.820073 0.162500 0.822153 0.162500 0.826313 0.159375 0.828394 0.159375 0.832554 0.156250 0.836714 0.156250 0.838794 0.154687 0.840874 0.154687 0.845034 0.151562 0.845034 0.146875
2 0.664067 0.603125 0.664067 0.607813 0.668228 0.610937 0.670308 0.610937 0.674468 0.614062 0.676548 0.614062 0.678628 0.615625 0.680708 0.615625 0.682788 0.617188 0.684868 0.617188 0.686948 0.618750 0.689028 0.618750 0.691108 0.620312 0.693188 0.620312 0.695269 0.621875 0.697349 0.621875 0.699429 0.623438 0.701509 0.623438 0.713989 0.632812 0.720230 0.632812 0.720230 0.675000 0.713989 0.675000 0.707749 0.679688 0.707749 0.681250 0.705669 0.682812 0.705669 0.684375 0.699429 0.689062 0.699429 0.690625 0.686948 0.700000 0.684868 0.700000 0.678628 0.704687 0.676548 0.704687 0.670308 0.709375 0.670308 0.714062 0.624546 0.714062 0.624546 0.709375 0.620386 0.706250 0.618306 0.706250 0.616226 0.704687 0.614146 0.704687 0.612065 0.703125 0.609985 0.703125 0.603745 0.698437 0.601665 0.698437 0.591265 0.690625 0.591265 0.689062 0.585024 0.684375 0.585024 0.682812 0.582944 0.681250 0.582944 0.679688 0.578784 0.676562 0.572544 0.676562 0.572544 0.646875 0.578784 0.646875 0.582944 0.643750 0.582944 0.640625 0.585024 0.639062 0.585024 0.635937 0.587104 0.634375 0.587104 0.632812 0.589185 0.631250 0.589185 0.628125 0.591265 0.626562 0.591265 0.625000 0.593345 0.623438 0.593345 0.621875 0.597505 0.618750 0.597505 0.617188 0.601665 0.614062 0.603745 0.614062 0.612065 0.607813 0.612065 0.603125
2 0.582944 0.465625 0.582944 0.470312 0.589185 0.475000 0.593345 0.475000 0.593345 0.476562 0.597505 0.479687 0.597505 0.481250 0.601665 0.484375 0.601665 0.485937 0.607905 0.490625 0.607905 0.492188 0.614146 0.496875 0.620386 0.496875 0.620386 0.531250 0.614146 0.531250 0.609985 0.534375 0.609985 0.535937 0.607905 0.537500 0.607905 0.539062 0.597505 0.546875 0.595425 0.546875 0.589185 0.551562 0.587104 0.551562 0.582944 0.554687 0.580864 0.554687 0.578784 0.556250 0.576704 0.556250 0.572544 0.559375 0.572544 0.564062 0.530942 0.564062 0.530942 0.559375 0.526782 0.556250 0.524702 0.556250 0.522622 0.554687 0.520542 0.554687 0.518462 0.553125 0.516382 0.553125 0.514302 0.551562 0.512222 0.551562 0.501821 0.543750 0.501821 0.542187 0.499741 0.540625 0.499741 0.539062 0.495581 0.535937 0.489341 0.535937 0.489341 0.498437 0.495581 0.498437 0.499741 0.495312 0.499741 0.493750 0.503901 0.490625 0.503901 0.489062 0.505981 0.489062 0.520542 0.478125 0.522622 0.478125 0.526782 0.475000 0.528862 0.475000 0.530942 0.473437 0.535103 0.473437 0.539263 0.470312 0.539263 0.465625
1 0.079565 0.000000 0.079565 0.009375 0.071245 0.009375 0.067085 0.012500 0.067085 0.014062 0.058765 0.020312 0.058765 0.021875 0.052524 0.026562 0.052524 0.028125 0.048364 0.031250 0.048364 0.032812 0.037964 0.040625 0.037964 0.042187 0.031724 0.046875 0.031724 0.048437 0.017163 0.059375 0.017163 0.060937 0.015083 0.062500 0.015083 0.064062 0.006763 0.070312 0.006763 0.076562 0.000000 0.076562 0.000000 0.000000
1 0.408218 0.609375 0.408218 0.614062 0.412378 0.617188 0.414458 0.617188 0.418618 0.620312 0.420698 0.620312 0.437339 0.632812 0.437339 0.634375 0.445659 0.640625 0.445659 0.642187 0.447739 0.643750 0.453979 0.643750 0.453979 0.676562 0.447739 0.676562 0.443579 0.679688 0.443579 0.682812 0.441499 0.684375 0.441499 0.685937 0.437339 0.689062 0.437339 0.690625 0.433179 0.693750 0.433179 0.695312 0.422778 0.703125 0.420698 0.703125 0.416538 0.706250 0.414458 0.706250 0.410298 0.709375 0.408218 0.709375 0.406138 0.710938 0.401978 0.710938 0.399897 0.712500 0.397817 0.712500 0.393657 0.715625 0.393657 0.720312 0.356216 0.720312 0.356216 0.715625 0.352056 0.712500 0.349976 0.712500 0.347896 0.710938 0.345815 0.710938 0.343735 0.709375 0.339575 0.709375 0.333335 0.704687 0.331255 0.704687 0.320855 0.696875 0.320855 0.695312 0.316694 0.692187 0.316694 0.690625 0.314614 0.689062 0.306294 0.689062 0.306294 0.639062 0.314614 0.639062 0.316694 0.637500 0.316694 0.635937 0.320855 0.632812 0.320855 0.631250 0.335415 0.620312 0.337495 0.620312 0.341655 0.617188 0.343735 0.617188 0.347896 0.614062 0.347896 0.609375
2 0.876235 0.771875 0.876235 0.778125 0.880396 0.781250 0.882476 0.781250 0.884556 0.782812 0.888716 0.782812 0.890796 0.784375 0.894956 0.784375 0.913677 0.798437 0.919917 0.798437 0.919917 0.853125 0.913677 0.853125 0.909517 0.856250 0.909517 0.859375 0.907437 0.860937 0.907437 0.864062 0.905356 0.865625 0.905356 0.867188 0.903276 0.868750 0.903276 0.871875 0.901196 0.873437 0.901196 0.875000 0.899116 0.876562 0.899116 0.878125 0.897036 0.879687 0.897036 0.882812 0.894956 0.884375 0.894956 0.885937 0.890796 0.889062 0.890796 0.890625 0.888716 0.892187 0.888716 0.893750 0.886636 0.895312 0.886636 0.896875 0.884556 0.898438 0.884556 0.900000 0.882476 0.901562 0.882476 0.903125 0.878315 0.906250 0.878315 0.907812 0.874155 0.910937 0.874155 0.912500 0.853354 0.928125 0.853354 0.929688 0.822153 0.953125 0.820073 0.953125 0.817993 0.954687 0.815913 0.954687 0.809673 0.959375 0.809673 0.964062 0.765991 0.964062 0.765991 0.957812 0.763911 0.956250 0.761831 0.956250 0.759751 0.954687 0.757671 0.954687 0.755591 0.953125 0.753511 0.953125 0.747271 0.948437 0.745190 0.948437 0.732710 0.939062 0.732710 0.937500 0.726470 0.932812 0.726470 0.931250 0.724390 0.929688 0.724390 0.928125 0.722310 0.926562 0.713989 0.926562 0.713989 0.873437 0.720230 0.873437 0.724390 0.870312 0.724390 0.868750 0.726470 0.867188 0.726470 0.865625 0.732710 0.860937 0.732710 0.859375 0.734790 0.857812 0.734790 0.856250 0.738950 0.853125 0.738950 0.851562 0.745190 0.846875 0.745190 0.845312 0.747271 0.843750 0.747271 0.842187 0.749351 0.840625 0.749351 0.839062 0.751431 0.837500 0.751431 0.835938 0.753511 0.834375 0.753511 0.832812 0.757671 0.829687 0.757671 0.828125 0.759751 0.826562 0.759751 0.823437 0.763911 0.820312 0.763911 0.818750 0.765991 0.817187 0.765991 0.815625 0.768071 0.814062 0.768071 0.812500 0.770151 0.810937 0.770151 0.809375 0.774312 0.806250 0.774312 0.804688 0.776392 0.803125 0.776392 0.801562 0.778472 0.800000 0.778472 0.798437 0.782632 0.795312 0.782632 0.793750 0.786792 0.790625 0.786792 0.789062 0.790952 0.785937 0.793032 0.785937 0.797192 0.782812 0.797192 0.781250 0.801353 0.778125 0.801353 0.771875
2 0.408218 0.609375 0.408218 0.614062 0.414458 0.618750 0.416538 0.618750 0.418618 0.620312 0.420698 0.620312 0.435259 0.631250 0.435259 0.632812 0.443579 0.639062 0.443579 0.640625 0.447739 0.643750 0.453979 0.643750 0.453979 0.676562 0.447739 0.676562 0.443579 0.679688 0.443579 0.682812 0.441499 0.684375 0.441499 0.685937 0.437339 0.689062 0.437339 0.690625 0.433179 0.693750 0.433179 0.695312 0.422778 0.703125 0.420698 0.703125 0.416538 0.706250 0.414458 0.706250 0.410298 0.709375 0.408218 0.709375 0.406138 0.710938 0.401978 0.710938 0.399897 0.712500 0.397817 0.712500 0.393657 0.715625 0.393657 0.720312 0.356216 0.720312 0.356216 0.715625 0.352056 0.712500 0.349976 0.712500 0.347896 0.710938 0.345815 0.710938 0.343735 0.709375 0.339575 0.709375 0.333335 0.704687 0.331255 0.704687 0.320855 0.696875 0.320855 0.695312 0.316694 0.692187 0.316694 0.690625 0.314614 0.689062 0.306294 0.689062 0.306294 0.639062 0.314614 0.639062 0.316694 0.637500 0.316694 0.635937 0.320855 0.632812 0.320855 0.631250 0.335415 0.620312 0.337495 0.620312 0.341655 0.617188 0.343735 0.617188 0.347896 0.614062 0.347896 0.609375
2 0.181489 0.784375 0.181489 0.789062 0.185649 0.792187 0.187730 0.792187 0.189810 0.793750 0.191890 0.793750 0.198130 0.798437 0.200210 0.798437 0.204370 0.801562 0.206450 0.801562 0.210610 0.804688 0.212690 0.804688 0.216851 0.807812 0.218931 0.807812 0.221011 0.809375 0.223091 0.809375 0.225171 0.810937 0.227251 0.810937 0.229331 0.812500 0.231411 0.812500 0.235571 0.815625 0.237651 0.815625 0.239731 0.817187 0.241812 0.817187 0.245972 0.820312 0.248052 0.820312 0.250132 0.821875 0.252212 0.821875 0.256372 0.825000 0.258452 0.825000 0.264692 0.829687 0.266773 0.829687 0.268853 0.831250 0.270933 0.831250 0.273013 0.832812 0.275093 0.832812 0.279253 0.835938 0.281333 0.835938 0.283413 0.837500 0.285493 0.837500 0.289653 0.840625 0.291733 0.840625 0.293814 0.842187 0.295894 0.842187 0.300054 0.845312 0.302134 0.845312 0.304214 0.846875 0.306294 0.846875 0.308374 0.848437 0.310454 0.848437 0.314614 0.851562 0.316694 0.851562 0.318774 0.853125 0.320855 0.853125 0.322935 0.854687 0.325015 0.854687 0.329175 0.857812 0.331255 0.857812 0.335415 0.860937 0.337495 0.860937 0.339575 0.862500 0.341655 0.862500 0.345815 0.865625 0.347896 0.865625 0.349976 0.867188 0.352056 0.867188 0.354136 0.868750 0.356216 0.868750 0.360376 0.871875 0.362456 0.871875 0.364536 0.873437 0.366616 0.873437 0.370776 0.876562 0.372856 0.876562 0.374937 0.878125 0.377017 0.878125 0.381177 0.881250 0.383257 0.881250 0.387417 0.884375 0.389497 0.884375 0.391577 0.885937 0.393657 0.885937 0.397817 0.889062 0.399897 0.889062 0.401978 0.890625 0.404058 0.890625 0.408218 0.893750 0.410298 0.893750 0.414458 0.896875 0.416538 0.896875 0.418618 0.898438 0.420698 0.898438 0.424858 0.901562 0.426938 0.901562 0.429019 0.903125 0.431099 0.903125 0.435259 0.906250 0.437339 0.906250 0.439419 0.907812 0.441499 0.907812 0.443579 0.909375 0.445659 0.909375 0.449819 0.912500 0.451899 0.912500 0.456060 0.915625 0.458140 0.915625 0.460220 0.917187 0.462300 0.917187 0.466460 0.920312 0.468540 0.920312 0.470620 0.921875 0.472700 0.921875 0.476860 0.925000 0.478940 0.925000 0.481021 0.926562 0.483101 0.926562 0.485181 0.928125 0.487261 0.928125 0.489341 0.929688 0.491421 0.929688 0.497661 0.934375 0.499741 0.934375 0.501821 0.935937 0.503901 0.935937 0.505981 0.937500 0.508062 0.937500 0.512222 0.940625 0.514302 0.940625 0.518462 0.943750 0.520542 0.943750 0.524702 0.946875 0.526782 0.946875 0.530942 0.950000 0.533022 0.950000 0.535103 0.951562 0.537183 0.951562 0.541343 0.954687 0.543423 0.954687 0.545503 0.956250 0.547583 0.956250 0.549663 0.957812 0.551743 0.957812 0.555903 0.960938 0.557983 0.960938 0.570464 0.970312 0.572544 0.970312 0.576704 0.973437 0.576704 0.975000 0.582944 0.979687 0.585024 0.979687 0.587104 0.981250 0.595425 0.981250 0.595425 0.998437 0.002603 0.998437 0.002603 0.996875 0.000522 0.995312 0.000522 0.798437 0.002603 0.796875 0.002603 0.784375
1 1.000000 0.596875 1.000000 0.604687 0.994800 0.604687 0.992720 0.606250 0.992720 0.610937 0.994800 0.612500 0.994800 0.614062 0.996880 0.615625 1.000000 0.615625 1.000000 0.745312 0.953198 0.745312 0.953198 0.740625 0.951118 0.739062 0.949038 0.739062 0.946958 0.737500 0.942798 0.737500 0.940718 0.735937 0.934478 0.735937 0.932397 0.734375 0.928237 0.734375 0.924077 0.731250 0.921997 0.731250 0.919917 0.729687 0.917837 0.729687 0.915757 0.728125 0.913677 0.728125 0.909517 0.725000 0.907437 0.725000 0.905356 0.723437 0.903276 0.723437 0.901196 0.721875 0.897036 0.721875 0.886636 0.714062 0.880396 0.714062 0.880396 0.615625 0.886636 0.615625 0.886636 0.617188 0.888716 0.618750 0.888716 0.623438 0.890796 0.625000 0.890796 0.626562 0.894956 0.629687 0.899116 0.626562 0.899116 0.625000 0.909517 0.617188 0.909517 0.615625 0.913677 0.612500 0.915757 0.612500 0.924077 0.606250 0.926157 0.606250 0.932397 0.601562 0.932397 0.596875