0 0.516899 0.453125 0.516899 0.457812 0.514819 0.459375 0.512739 0.459375 0.510659 0.460938 0.508579 0.460938 0.506499 0.462500 0.502339 0.462500 0.500259 0.464062 0.496099 0.464062 0.491938 0.467187 0.489858 0.467187 0.487778 0.468750 0.485698 0.468750 0.475298 0.476562 0.475298 0.478125 0.471138 0.481250 0.471138 0.482812 0.466978 0.485937 0.466978 0.487500 0.464897 0.489062 0.464897 0.492188 0.460737 0.495312 0.454497 0.495312 0.454497 0.539062 0.460737 0.539062 0.464897 0.542187 0.464897 0.543750 0.466978 0.545312 0.466978 0.546875 0.471138 0.550000 0.471138 0.551562 0.491938 0.567187 0.494019 0.567187 0.500259 0.571875 0.502339 0.571875 0.504419 0.573437 0.506499 0.573437 0.508579 0.575000 0.512739 0.575000 0.516899 0.578125 0.516899 0.582812 0.575142 0.582812 0.575142 0.578125 0.579302 0.575000 0.581382 0.575000 0.583462 0.573437 0.585542 0.573437 0.587622 0.571875 0.589702 0.571875 0.593862 0.568750 0.595942 0.568750 0.602183 0.564062 0.604263 0.564062 0.616743 0.554687 0.616743 0.553125 0.620903 0.550000 0.627144 0.550000 0.627144 0.504687 0.620903 0.504687 0.618823 0.503125 0.618823 0.498437 0.616743 0.496875 0.616743 0.485937 0.614663 0.484375 0.614663 0.481250 0.610503 0.478125 0.610503 0.476562 0.606343 0.473437 0.606343 0.471875 0.600103 0.467187 0.598022 0.467187 0.593862 0.464062 0.591782 0.464062 0.587622 0.460938 0.585542 0.460938 0.581382 0.457812 0.581382 0.453125
1 0.475298 0.334375 0.475298 0.339062 0.471138 0.342187 0.469058 0.342187 0.466978 0.343750 0.462817 0.343750 0.458657 0.346875 0.456577 0.346875 0.454497 0.348437 0.452417 0.348437 0.450337 0.350000 0.448257 0.350000 0.444097 0.353125 0.442017 0.353125 0.435776 0.357812 0.433696 0.357812 0.425376 0.364062 0.425376 0.365625 0.419136 0.370312 0.419136 0.371875 0.414976 0.375000 0.414976 0.378125 0.410815 0.381250 0.404575 0.381250 0.404575 0.420312 0.410815 0.420312 0.414976 0.423437 0.414976 0.425000 0.419136 0.428125 0.419136 0.429688 0.421216 0.431250 0.421216 0.432812 0.423296 0.434375 0.423296 0.435937 0.427456 0.439062 0.427456 0.440625 0.433696 0.445312 0.433696 0.446875 0.435776 0.446875 0.444097 0.453125 0.446177 0.453125 0.448257 0.454687 0.450337 0.454687 0.456577 0.459375 0.456577 0.464062 0.518979 0.464062 0.518979 0.459375 0.523140 0.456250 0.527300 0.456250 0.529380 0.454687 0.531460 0.454687 0.533540 0.453125 0.535620 0.453125 0.537700 0.451562 0.541860 0.451562 0.543940 0.450000 0.546021 0.450000 0.564741 0.435937 0.564741 0.434375 0.570981 0.429688 0.577222 0.429688 0.577222 0.371875 0.570981 0.371875 0.564741 0.367188 0.564741 0.365625 0.558501 0.360937 0.558501 0.359375 0.546021 0.350000 0.543940 0.350000 0.541860 0.348437 0.539780 0.348437 0.535620 0.345312 0.531460 0.345312 0.529380 0.343750 0.527300 0.343750 0.525220 0.342187 0.521060 0.342187 0.516899 0.339062 0.516899 0.334375
1 0.672905 0.428125 0.672905 0.432812 0.670825 0.434375 0.668745 0.434375 0.666665 0.435937 0.664585 0.435937 0.662505 0.437500 0.660425 0.437500 0.656265 0.440625 0.654185 0.440625 0.645864 0.446875 0.643784 0.446875 0.629224 0.457812 0.629224 0.459375 0.622983 0.464062 0.622983 0.465625 0.618823 0.468750 0.612583 0.468750 0.612583 0.506250 0.618823 0.506250 0.620903 0.507812 0.620903 0.509375 0.622983 0.510937 0.622983 0.512500 0.625063 0.514062 0.625063 0.517187 0.627144 0.518750 0.627144 0.521875 0.629224 0.523437 0.629224 0.526562 0.631304 0.528125 0.631304 0.529687 0.645864 0.540625 0.647944 0.540625 0.654185 0.545312 0.656265 0.545312 0.658345 0.546875 0.660425 0.546875 0.664585 0.550000 0.666665 0.550000 0.670825 0.553125 0.670825 0.557812 0.739468 0.557812 0.739468 0.553125 0.743628 0.550000 0.745708 0.550000 0.747788 0.548437 0.749868 0.548437 0.754028 0.545312 0.756108 0.545312 0.778989 0.528125 0.778989 0.526562 0.783149 0.523437 0.783149 0.521875 0.787310 0.518750 0.793550 0.518750 0.793550 0.470312 0.787310 0.470312 0.783149 0.467187 0.783149 0.465625 0.781069 0.464062 0.781069 0.462500 0.776909 0.459375 0.776909 0.457812 0.770669 0.453125 0.770669 0.451562 0.749868 0.435937 0.747788 0.435937 0.743628 0.432812 0.743628 0.428125
2 0.652104 0.315625 0.652104 0.320312 0.647944 0.323437 0.643784 0.323437 0.641704 0.325000 0.639624 0.325000 0.637544 0.326562 0.635464 0.326562 0.629224 0.331250 0.627144 0.331250 0.616743 0.339062 0.616743 0.340625 0.612583 0.343750 0.612583 0.345312 0.610503 0.346875 0.610503 0.348437 0.608423 0.350000 0.608423 0.351562 0.606343 0.353125 0.606343 0.354687 0.602183 0.357812 0.595942 0.357812 0.595942 0.390625 0.602183 0.390625 0.604263 0.392187 0.604263 0.393750 0.606343 0.395312 0.606343 0.396875 0.608423 0.398438 0.608423 0.400000 0.612583 0.403125 0.612583 0.404687 0.614663 0.406250 0.614663 0.407812 0.618823 0.410937 0.618823 0.412500 0.622983 0.415625 0.622983 0.417187 0.627144 0.420312 0.627144 0.421875 0.635464 0.428125 0.637544 0.428125 0.639624 0.429688 0.641704 0.429688 0.643784 0.431250 0.645864 0.431250 0.650024 0.434375 0.650024 0.439062 0.679145 0.439062 0.679145 0.434375 0.683306 0.431250 0.691626 0.431250 0.693706 0.429688 0.716587 0.429688 0.718667 0.428125 0.731147 0.428125 0.733227 0.426562 0.737388 0.426562 0.741548 0.423437 0.743628 0.423437 0.754028 0.415625 0.754028 0.414062 0.758188 0.410937 0.758188 0.409375 0.762349 0.406250 0.762349 0.403125 0.764429 0.401562 0.764429 0.400000 0.766509 0.398438 0.766509 0.395312 0.770669 0.392187 0.776909 0.392187 0.776909 0.367188 0.770669 0.367188 0.768589 0.365625 0.768589 0.364062 0.766509 0.362500 0.766509 0.360937 0.764429 0.359375 0.764429 0.356250 0.762349 0.354687 0.762349 0.353125 0.760269 0.351562 0.760269 0.350000 0.756108 0.346875 0.756108 0.345312 0.754028 0.343750 0.754028 0.342187 0.745708 0.335938 0.745708 0.334375 0.743628 0.332812 0.741548 0.332812 0.731147 0.325000 0.729067 0.325000 0.726987 0.323437 0.724907 0.323437 0.722827 0.321875 0.722827 0.315625
1 0.880913 0.921875 0.880913 0.926562 0.876753 0.929688 0.870513 0.929688 0.868433 0.931250 0.866352 0.931250 0.864272 0.932812 0.862192 0.932812 0.860112 0.934375 0.858032 0.934375 0.855952 0.935937 0.851792 0.935937 0.849712 0.937500 0.847632 0.937500 0.845552 0.939062 0.843472 0.939062 0.841392 0.940625 0.839311 0.940625 0.837231 0.942187 0.833071 0.942187 0.830991 0.943750 0.824751 0.943750 0.822671 0.945312 0.818511 0.945312 0.816431 0.946875 0.812270 0.946875 0.810190 0.948437 0.808110 0.948437 0.806030 0.950000 0.803950 0.950000 0.801870 0.951562 0.799790 0.951562 0.797710 0.953125 0.795630 0.953125 0.789390 0.957812 0.787310 0.957812 0.783149 0.960938 0.783149 0.962500 0.764429 0.976562 0.764429 0.978125 0.756108 0.984375 0.756108 0.985937 0.751948 0.989062 0.745708 0.989062 0.745708 0.998437 1.000000 0.998437 1.000000 0.921875
2 0.625063 0.553125 0.625063 0.557812 0.620903 0.560937 0.616743 0.560937 0.614663 0.562500 0.612583 0.562500 0.608423 0.565625 0.606343 0.565625 0.604263 0.567187 0.602183 0.567187 0.595942 0.571875 0.593862 0.571875 0.589702 0.575000 0.589702 0.576562 0.583462 0.581250 0.583462 0.584375 0.577222 0.589062 0.570981 0.589062 0.570981 0.635937 0.577222 0.635937 0.581382 0.639062 0.581382 0.640625 0.583462 0.642187 0.583462 0.643750 0.589702 0.648438 0.589702 0.650000 0.610503 0.665625 0.612583 0.665625 0.614663 0.667187 0.616743 0.667187 0.618823 0.668750 0.620903 0.668750 0.625063 0.671875 0.625063 0.676562 0.695786 0.676562 0.695786 0.670312 0.697866 0.668750 0.699946 0.668750 0.702026 0.667187 0.704106 0.667187 0.706186 0.665625 0.708267 0.665625 0.710347 0.664062 0.712427 0.664062 0.718667 0.659375 0.720747 0.659375 0.720747 0.657812 0.729067 0.651562 0.729067 0.650000 0.731147 0.648438 0.731147 0.646875 0.737388 0.642187 0.737388 0.639062 0.739468 0.637500 0.739468 0.635937 0.741548 0.634375 0.741548 0.631250 0.745708 0.628125 0.751948 0.628125 0.751948 0.595312 0.745708 0.595312 0.743628 0.593750 0.743628 0.592187 0.741548 0.590625 0.741548 0.589062 0.739468 0.587500 0.739468 0.584375 0.737388 0.582812 0.737388 0.581250 0.733227 0.578125 0.733227 0.576562 0.726987 0.571875 0.726987 0.570312 0.724907 0.570312 0.718667 0.565625 0.718667 0.564062 0.714507 0.560937 0.712427 0.560937 0.710347 0.559375 0.706186 0.559375 0.704106 0.557812 0.704106 0.553125
2 0.398335 0.221875 0.398335 0.226562 0.394175 0.229687 0.390015 0.229687 0.387935 0.231250 0.383774 0.231250 0.381694 0.232812 0.379614 0.232812 0.377534 0.234375 0.375454 0.234375 0.371294 0.237500 0.369214 0.237500 0.352573 0.250000 0.352573 0.251562 0.350493 0.253125 0.350493 0.254687 0.344253 0.259375 0.344253 0.260937 0.342173 0.262500 0.342173 0.264062 0.340093 0.265625 0.340093 0.267187 0.338013 0.268750 0.329692 0.268750 0.329692 0.317187 0.335933 0.317187 0.340093 0.320312 0.340093 0.323437 0.342173 0.325000 0.342173 0.326562 0.348413 0.331250 0.348413 0.332812 0.362974 0.343750 0.365054 0.343750 0.373374 0.350000 0.375454 0.350000 0.379614 0.353125 0.383774 0.353125 0.385854 0.354687 0.387935 0.354687 0.390015 0.356250 0.394175 0.356250 0.398335 0.359375 0.398335 0.364062 0.429536 0.364062 0.429536 0.359375 0.433696 0.356250 0.435776 0.356250 0.437856 0.354687 0.439936 0.354687 0.444097 0.351562 0.446177 0.351562 0.448257 0.350000 0.450337 0.350000 0.454497 0.346875 0.456577 0.346875 0.458657 0.345312 0.460737 0.345312 0.464897 0.342187 0.466978 0.342187 0.469058 0.340625 0.473218 0.340625 0.475298 0.339062 0.477378 0.339062 0.479458 0.337500 0.481538 0.337500 0.496099 0.326562 0.496099 0.325000 0.498179 0.323437 0.498179 0.320312 0.500259 0.318750 0.500259 0.317187 0.502339 0.315625 0.502339 0.314062 0.504419 0.312500 0.510659 0.312500 0.510659 0.276562 0.504419 0.276562 0.500259 0.273437 0.500259 0.270312 0.498179 0.268750 0.498179 0.267187 0.496099 0.265625 0.496099 0.264062 0.491938 0.260937 0.491938 0.259375 0.489858 0.257812 0.489858 0.256250 0.479458 0.248437 0.479458 0.246875 0.475298 0.243750 0.473218 0.243750 0.464897 0.237500 0.462817 0.237500 0.460737 0.235937 0.458657 0.235937 0.454497 0.232812 0.452417 0.232812 0.450337 0.231250 0.448257 0.231250 0.446177 0.229687 0.442017 0.229687 0.437856 0.226562 0.437856 0.221875
2 0.414976 0.590625 0.414976 0.595312 0.410815 0.598437 0.406655 0.598437 0.404575 0.600000 0.402495 0.600000 0.398335 0.603125 0.396255 0.603125 0.392095 0.606250 0.390015 0.606250 0.381694 0.612500 0.381694 0.614062 0.373374 0.620312 0.373374 0.621875 0.369214 0.625000 0.369214 0.626562 0.367134 0.628125 0.367134 0.629687 0.365054 0.631250 0.365054 0.632812 0.360894 0.635937 0.354653 0.635937 0.354653 0.684375 0.360894 0.684375 0.365054 0.687500 0.365054 0.689062 0.367134 0.690625 0.367134 0.692187 0.369214 0.693750 0.369214 0.695312 0.390015 0.710938 0.392095 0.710938 0.396255 0.714062 0.398335 0.714062 0.400415 0.715625 0.402495 0.715625 0.404575 0.717187 0.406655 0.717187 0.408735 0.718750 0.410815 0.718750 0.414976 0.721875 0.414976 0.726562 0.464897 0.726562 0.464897 0.721875 0.469058 0.718750 0.473218 0.718750 0.475298 0.717187 0.477378 0.717187 0.479458 0.715625 0.481538 0.715625 0.485698 0.712500 0.487778 0.712500 0.491938 0.709375 0.494019 0.709375 0.502339 0.703125 0.502339 0.701562 0.508579 0.696875 0.508579 0.695312 0.512739 0.692187 0.512739 0.690625 0.514819 0.689062 0.514819 0.687500 0.521060 0.682812 0.527300 0.682812 0.527300 0.634375 0.518979 0.634375 0.516899 0.632812 0.516899 0.631250 0.514819 0.629687 0.514819 0.628125 0.512739 0.626562 0.512739 0.625000 0.510659 0.623438 0.510659 0.621875 0.504419 0.617188 0.504419 0.615625 0.489858 0.604687 0.487778 0.604687 0.483618 0.601562 0.481538 0.601562 0.479458 0.600000 0.477378 0.600000 0.475298 0.598437 0.471138 0.598437 0.466978 0.595312 0.466978 0.590625
2 0.313052 0.384375 0.313052 0.389062 0.308892 0.392187 0.306812 0.392187 0.304731 0.393750 0.302651 0.393750 0.300571 0.395312 0.298491 0.395312 0.292251 0.400000 0.290171 0.400000 0.273530 0.412500 0.273530 0.414062 0.267290 0.418750 0.267290 0.420312 0.265210 0.421875 0.265210 0.423437 0.261050 0.426562 0.254810 0.426562 0.254810 0.476562 0.261050 0.476562 0.267290 0.481250 0.267290 0.482812 0.269370 0.484375 0.269370 0.485937 0.294331 0.504687 0.296411 0.504687 0.300571 0.507812 0.302651 0.507812 0.304731 0.509375 0.306812 0.509375 0.308892 0.510937 0.313052 0.510937 0.315132 0.512500 0.317212 0.512500 0.321372 0.515625 0.321372 0.520312 0.365054 0.520312 0.365054 0.515625 0.367134 0.514062 0.369214 0.514062 0.371294 0.512500 0.375454 0.512500 0.377534 0.510937 0.381694 0.510937 0.383774 0.509375 0.385854 0.509375 0.387935 0.507812 0.390015 0.507812 0.394175 0.504687 0.396255 0.504687 0.414976 0.490625 0.414976 0.489062 0.421216 0.484375 0.427456 0.484375 0.427456 0.432812 0.421216 0.432812 0.417056 0.429688 0.417056 0.426562 0.414976 0.425000 0.414976 0.423437 0.410815 0.420312 0.410815 0.418750 0.408735 0.417187 0.408735 0.415625 0.406655 0.414062 0.406655 0.412500 0.404575 0.410937 0.404575 0.409375 0.402495 0.407812 0.402495 0.406250 0.385854 0.393750 0.383774 0.393750 0.377534 0.389062 0.377534 0.384375
2 0.173687 0.115625 0.169526 0.115625 0.167446 0.117188 0.167446 0.118750 0.165366 0.120312 0.165366 0.121875 0.161206 0.125000 0.161206 0.131250 0.159126 0.132812 0.159126 0.137500 0.157046 0.139062 0.157046 0.140625 0.152886 0.143750 0.152886 0.145312 0.150806 0.146875 0.150806 0.154687 0.152886 0.156250 0.152886 0.157812 0.161206 0.164062 0.169526 0.164062 0.171606 0.162500 0.171606 0.159375 0.173687 0.157812 0.173687 0.145312 0.177847 0.142187 0.177847 0.126562 0.175767 0.125000 0.175767 0.121875 0.173687 0.120312 0.173687 0.115625 0.198647 0.101562 0.204888 0.106250 0.204888 0.109375 0.206968 0.110937 0.206968 0.114062 0.213208 0.118750 0.213208 0.120312 0.217368 0.123437 0.219448 0.123437 0.223608 0.126562 0.223608 0.128125 0.229849 0.132812 0.229849 0.134375 0.238169 0.140625 0.238169 0.142187 0.244409 0.146875 0.244409 0.148437 0.248569 0.151562 0.248569 0.153125 0.256890 0.159375 0.256890 0.160937 0.261050 0.164062 0.263130 0.164062 0.269370 0.168750 0.271450 0.168750 0.275610 0.171875 0.275610 0.176562 0.350493 0.176562 0.350493 0.171875 0.352573 0.170312 0.356733 0.170312 0.358813 0.168750 0.377534 0.168750 0.379614 0.167187 0.392095 0.167187 0.394175 0.165625 0.406655 0.165625 0.408735 0.164062 0.419136 0.164062 0.421216 0.162500 0.425376 0.162500 0.427456 0.160937 0.429536 0.160937 0.431616 0.159375 0.433696 0.159375 0.433696 0.151562 0.435776 0.150000 0.435776 0.146875 0.437856 0.145312 0.444097 0.145312 0.444097 0.115625 0.437856 0.115625 0.435776 0.114062 0.435776 0.112500 0.433696 0.110937 0.433696 0.100000 0.431616 0.098437 0.431616 0.076562 0.429536 0.075000 0.429536 0.065625 0.427456 0.064062 0.427456 0.054688 0.425376 0.053125 0.425376 0.035937 0.423296 0.034375 0.423296 0.012500 0.421216 0.010937 0.421216 0.000000 0.184087 0.000000 0.184087 0.001562 0.177847 0.006250 0.177847 0.007812 0.173687 0.010937 0.173687 0.012500 0.171606 0.014062 0.171606 0.015625 0.167446 0.018750 0.167446 0.020312 0.165366 0.021875 0.165366 0.023438 0.163286 0.025000 0.163286 0.026562 0.152886 0.034375 0.152886 0.035937 0.148726 0.039062 0.148726 0.040625 0.144565 0.043750 0.144565 0.045312 0.136245 0.051562 0.130005 0.051562 0.130005 0.070312 0.138325 0.070312 0.142485 0.073437 0.144565 0.073437 0.146646 0.075000 0.148726 0.075000 0.150806 0.076562 0.152886 0.076562 0.154966 0.078125 0.157046 0.078125 0.159126 0.079687 0.161206 0.079687 0.165366 0.082812 0.167446 0.082812 0.175767 0.089062 0.177847 0.089062 0.182007 0.092187 0.186167 0.092187 0.188247 0.093750 0.192407 0.093750 0.198647 0.098437 0.198647 0.101562
1 0.414976 0.590625 0.414976 0.595312 0.410815 0.598437 0.406655 0.598437 0.404575 0.600000 0.402495 0.600000 0.398335 0.603125 0.396255 0.603125 0.392095 0.606250 0.390015 0.606250 0.381694 0.612500 0.381694 0.614062 0.373374 0.620312 0.373374 0.621875 0.369214 0.625000 0.369214 0.626562 0.367134 0.628125 0.367134 0.629687 0.365054 0.631250 0.365054 0.632812 0.360894 0.635937 0.354653 0.635937 0.354653 0.684375 0.360894 0.684375 0.365054 0.687500 0.365054 0.689062 0.367134 0.690625 0.367134 0.692187 0.371294 0.695312 0.371294 0.696875 0.390015 0.710938 0.392095 0.710938 0.396255 0.714062 0.398335 0.714062 0.400415 0.715625 0.402495 0.715625 0.404575 0.717187 0.406655 0.717187 0.408735 0.718750 0.410815 0.718750 0.414976 0.721875 0.414976 0.726562 0.464897 0.726562 0.464897 0.721875 0.469058 0.718750 0.473218 0.718750 0.475298 0.717187 0.477378 0.717187 0.479458 0.715625 0.481538 0.715625 0.485698 0.712500 0.487778 0.712500 0.491938 0.709375 0.494019 0.709375 0.502339 0.703125 0.502339 0.701562 0.508579 0.696875 0.508579 0.695312 0.512739 0.692187 0.512739 0.690625 0.514819 0.689062 0.514819 0.687500 0.521060 0.682812 0.527300 0.682812 0.527300 0.635937 0.521060 0.635937 0.516899 0.632812 0.516899 0.631250 0.514819 0.629687 0.514819 0.628125 0.512739 0.626562 0.512739 0.625000 0.508579 0.621875 0.508579 0.620312 0.502339 0.615625 0.502339 0.614062 0.491938 0.606250 0.489858 0.606250 0.485698 0.603125 0.483618 0.603125 0.479458 0.600000 0.475298 0.600000 0.473218 0.598437 0.471138 0.598437 0.466978 0.595312 0.466978 0.590625