1 0.576562 0.487500 0.576562 0.495833 0.584375 0.506250 0.584375 0.508333 0.587500 0.512500 0.587500 0.514583 0.598437 0.529167 0.603125 0.529167 0.603125 0.597917 0.598437 0.597917 0.592187 0.606250 0.592187 0.608333 0.587500 0.614583 0.587500 0.616667 0.584375 0.620833 0.584375 0.622917 0.581250 0.627083 0.581250 0.635417 0.523438 0.635417 0.523438 0.627083 0.521875 0.625000 0.520312 0.625000 0.509375 0.610417 0.509375 0.608333 0.507812 0.606250 0.507812 0.604167 0.506250 0.602083 0.506250 0.600000 0.503125 0.595833 0.498438 0.595833 0.498438 0.529167 0.503125 0.529167 0.506250 0.525000 0.506250 0.522917 0.518750 0.506250 0.518750 0.504167 0.521875 0.500000 0.523438 0.500000 0.525000 0.497917 0.526563 0.497917 0.528125 0.495833 0.528125 0.487500
0 0.645312 0.404167 0.645312 0.410417 0.648438 0.414583 0.651563 0.414583 0.653125 0.416667 0.654687 0.416667 0.657813 0.420833 0.659375 0.420833 0.662500 0.425000 0.664062 0.425000 0.668750 0.431250 0.670312 0.431250 0.681250 0.445833 0.681250 0.447917 0.682813 0.450000 0.682813 0.452083 0.685937 0.456250 0.690625 0.456250 0.690625 0.522917 0.685937 0.522917 0.682813 0.527083 0.682813 0.529167 0.679688 0.533333 0.679688 0.535417 0.667188 0.552083 0.665625 0.552083 0.662500 0.556250 0.660937 0.556250 0.659375 0.558333 0.656250 0.558333 0.653125 0.562500 0.653125 0.568750 0.617188 0.568750 0.617188 0.562500 0.612500 0.556250 0.610938 0.556250 0.604688 0.547917 0.604688 0.545833 0.601562 0.541667 0.601562 0.537500 0.600000 0.535417 0.600000 0.533333 0.598437 0.531250 0.598437 0.529167 0.590625 0.518750 0.590625 0.516667 0.585938 0.510417 0.585938 0.508333 0.584375 0.506250 0.584375 0.504167 0.578125 0.495833 0.573438 0.495833 0.573438 0.462500 0.578125 0.462500 0.581250 0.458333 0.581250 0.456250 0.582812 0.454167 0.582812 0.452083 0.590625 0.441667 0.590625 0.439583 0.593750 0.435417 0.595313 0.435417 0.598437 0.431250 0.598437 0.429167 0.600000 0.427083 0.601562 0.427083 0.610938 0.414583 0.612500 0.414583 0.615625 0.410417 0.615625 0.404167
0 0.487500 0.479167 0.487500 0.487500 0.489062 0.489583 0.490625 0.489583 0.493750 0.493750 0.493750 0.495833 0.498438 0.502083 0.503125 0.502083 0.503125 0.587500 0.498438 0.587500 0.495313 0.591667 0.495313 0.593750 0.490625 0.600000 0.489062 0.600000 0.479688 0.612500 0.479688 0.618750 0.431250 0.618750 0.431250 0.612500 0.428125 0.608333 0.426562 0.608333 0.421875 0.602083 0.420313 0.602083 0.410937 0.589583 0.410937 0.587500 0.407812 0.583333 0.407812 0.581250 0.406250 0.579167 0.406250 0.577083 0.403125 0.572917 0.398438 0.572917 0.398438 0.518750 0.404688 0.518750 0.406250 0.516667 0.406250 0.514583 0.407812 0.512500 0.407812 0.510417 0.410937 0.506250 0.410937 0.504167 0.414062 0.500000 0.414062 0.497917 0.421875 0.487500 0.421875 0.479167
1 0.612500 0.795833 0.612500 0.802083 0.615625 0.806250 0.617188 0.806250 0.618750 0.808333 0.620313 0.808333 0.632812 0.825000 0.632812 0.827083 0.635938 0.831250 0.635938 0.833333 0.637500 0.835417 0.637500 0.837500 0.639062 0.839583 0.639062 0.841667 0.642188 0.845833 0.646875 0.845833 0.646875 0.897917 0.642188 0.897917 0.639062 0.902083 0.639062 0.904167 0.637500 0.906250 0.637500 0.908333 0.634375 0.912500 0.634375 0.914583 0.631250 0.918750 0.631250 0.920833 0.620313 0.935417 0.618750 0.935417 0.615625 0.939583 0.614062 0.939583 0.612500 0.941667 0.610938 0.941667 0.607812 0.945833 0.607812 0.952083 0.559375 0.952083 0.559375 0.945833 0.556250 0.941667 0.554688 0.941667 0.553125 0.939583 0.551562 0.939583 0.550000 0.937500 0.548438 0.937500 0.546875 0.935417 0.545312 0.935417 0.543750 0.933333 0.542188 0.933333 0.539062 0.929167 0.537500 0.929167 0.535937 0.927083 0.535937 0.925000 0.532813 0.920833 0.532813 0.918750 0.528125 0.912500 0.523438 0.912500 0.523438 0.843750 0.528125 0.843750 0.531250 0.839583 0.531250 0.837500 0.532813 0.835417 0.532813 0.833333 0.534375 0.831250 0.534375 0.829167 0.537500 0.825000 0.537500 0.822917 0.548438 0.808333 0.550000 0.808333 0.554688 0.802083 0.554688 0.795833
2 0.573438 0.329167 0.573438 0.335417 0.576562 0.339583 0.578125 0.339583 0.579688 0.341667 0.582812 0.341667 0.587500 0.347917 0.589063 0.347917 0.604688 0.368750 0.609375 0.368750 0.609375 0.420833 0.603125 0.420833 0.585938 0.443750 0.585938 0.445833 0.581250 0.452083 0.581250 0.454167 0.579688 0.456250 0.579688 0.458333 0.578125 0.460417 0.578125 0.462500 0.571875 0.470833 0.571875 0.477083 0.568750 0.477083 0.568750 0.470833 0.567187 0.468750 0.553125 0.468750 0.551562 0.470833 0.551562 0.477083 0.528125 0.477083 0.528125 0.470833 0.521875 0.462500 0.520312 0.462500 0.520312 0.460417 0.509375 0.445833 0.504687 0.445833 0.504687 0.360417 0.510938 0.360417 0.523438 0.343750 0.525000 0.343750 0.526563 0.341667 0.528125 0.341667 0.529687 0.339583 0.531250 0.339583 0.534375 0.335417 0.534375 0.329167
1 0.481250 0.345833 0.481250 0.354167 0.482813 0.356250 0.484375 0.356250 0.485937 0.358333 0.487500 0.358333 0.495313 0.368750 0.496875 0.368750 0.504687 0.379167 0.509375 0.379167 0.509375 0.450000 0.504687 0.450000 0.500000 0.456250 0.500000 0.458333 0.498438 0.460417 0.498438 0.462500 0.495313 0.466667 0.495313 0.468750 0.493750 0.468750 0.490625 0.472917 0.489062 0.472917 0.487500 0.475000 0.485937 0.475000 0.482813 0.479167 0.482813 0.485417 0.435938 0.485417 0.435938 0.479167 0.432813 0.475000 0.431250 0.475000 0.428125 0.470833 0.426562 0.470833 0.421875 0.464583 0.421875 0.462500 0.417188 0.456250 0.417188 0.454167 0.415625 0.452083 0.415625 0.450000 0.414062 0.447917 0.414062 0.445833 0.412500 0.443750 0.412500 0.441667 0.409375 0.437500 0.404688 0.437500 0.404688 0.402083 0.409375 0.402083 0.410937 0.400000 0.410937 0.397917 0.412500 0.395833 0.412500 0.393750 0.414062 0.391667 0.414062 0.389583 0.415625 0.387500 0.415625 0.385417 0.420313 0.379167 0.420313 0.377083 0.423437 0.372917 0.423437 0.370833 0.428125 0.364583 0.428125 0.362500 0.429688 0.360417 0.431250 0.360417 0.435938 0.354167 0.435938 0.345833
2 0.396875 0.395833 0.396875 0.404167 0.403125 0.412500 0.403125 0.414583 0.404688 0.416667 0.404688 0.420833 0.406250 0.422917 0.406250 0.429167 0.407812 0.431250 0.407812 0.433333 0.409375 0.435417 0.409375 0.437500 0.410937 0.439583 0.410937 0.441667 0.412500 0.443750 0.412500 0.445833 0.414062 0.447917 0.414062 0.450000 0.417188 0.454167 0.421875 0.454167 0.421875 0.485417 0.417188 0.485417 0.414062 0.489583 0.414062 0.491667 0.409375 0.497917 0.409375 0.500000 0.404688 0.506250 0.404688 0.508333 0.403125 0.510417 0.403125 0.512500 0.401563 0.514583 0.401563 0.516667 0.398438 0.520833 0.396875 0.520833 0.390625 0.529167 0.390625 0.535417 0.350000 0.535417 0.350000 0.529167 0.345312 0.522917 0.343750 0.522917 0.340625 0.518750 0.339063 0.518750 0.328125 0.504167 0.328125 0.502083 0.325000 0.497917 0.325000 0.495833 0.323438 0.493750 0.317187 0.493750 0.317187 0.433333 0.323438 0.433333 0.325000 0.431250 0.325000 0.429167 0.328125 0.425000 0.328125 0.422917 0.334375 0.414583 0.334375 0.412500 0.335938 0.410417 0.337500 0.410417 0.343750 0.402083 0.343750 0.395833
2 0.450000 0.629167 0.450000 0.635417 0.457812 0.645833 0.459375 0.645833 0.470312 0.660417 0.470312 0.662500 0.475000 0.668750 0.475000 0.670833 0.476562 0.672917 0.476562 0.675000 0.478125 0.677083 0.478125 0.679167 0.479688 0.681250 0.484375 0.681250 0.484375 0.720833 0.479688 0.720833 0.478125 0.722917 0.478125 0.725000 0.476562 0.727083 0.476562 0.729167 0.475000 0.731250 0.475000 0.733333 0.470312 0.739583 0.470312 0.741667 0.459375 0.756250 0.457812 0.756250 0.453125 0.762500 0.450000 0.762500 0.448438 0.764583 0.445312 0.764583 0.443750 0.766667 0.442187 0.766667 0.440625 0.768750 0.439062 0.768750 0.437500 0.770833 0.437500 0.777083 0.410937 0.777083 0.410937 0.770833 0.407812 0.766667 0.406250 0.766667 0.404688 0.764583 0.401563 0.764583 0.400000 0.762500 0.398438 0.762500 0.393750 0.756250 0.392187 0.756250 0.384375 0.745833 0.384375 0.743750 0.382812 0.741667 0.382812 0.739583 0.381250 0.737500 0.381250 0.735417 0.379687 0.733333 0.373438 0.733333 0.373438 0.670833 0.378125 0.670833 0.382812 0.664583 0.382812 0.662500 0.389063 0.654167 0.389063 0.652083 0.390625 0.652083 0.395312 0.645833 0.396875 0.645833 0.400000 0.641667 0.401563 0.641667 0.403125 0.639583 0.404688 0.639583 0.407812 0.635417 0.407812 0.629167
2 0.659375 0.570833 0.659375 0.577083 0.662500 0.581250 0.664062 0.581250 0.670312 0.589583 0.671875 0.589583 0.682813 0.604167 0.682813 0.606250 0.684375 0.608333 0.690625 0.608333 0.690625 0.683333 0.685937 0.683333 0.681250 0.689583 0.681250 0.691667 0.670312 0.706250 0.668750 0.706250 0.664062 0.712500 0.660937 0.712500 0.659375 0.714583 0.657813 0.714583 0.656250 0.716667 0.653125 0.716667 0.650000 0.720833 0.650000 0.727083 0.621875 0.727083 0.621875 0.720833 0.618750 0.716667 0.617188 0.716667 0.615625 0.714583 0.614062 0.714583 0.612500 0.712500 0.609375 0.712500 0.600000 0.700000 0.598437 0.700000 0.590625 0.689583 0.590625 0.687500 0.589063 0.685417 0.589063 0.683333 0.584375 0.677083 0.579688 0.677083 0.579688 0.622917 0.584375 0.622917 0.590625 0.614583 0.590625 0.612500 0.596875 0.604167 0.596875 0.602083 0.612500 0.581250 0.614062 0.581250 0.617188 0.577083 0.617188 0.570833
2 0.714063 0.304167 0.714063 0.310417 0.718750 0.316667 0.720313 0.316667 0.721875 0.318750 0.723437 0.318750 0.729688 0.327083 0.731250 0.327083 0.731250 0.329167 0.737500 0.337500 0.737500 0.339583 0.739062 0.341667 0.739062 0.343750 0.740625 0.345833 0.746875 0.345833 0.746875 0.406250 0.742188 0.406250 0.739062 0.410417 0.739062 0.412500 0.735938 0.416667 0.735938 0.418750 0.721875 0.437500 0.720313 0.437500 0.718750 0.439583 0.717187 0.439583 0.715625 0.441667 0.714063 0.441667 0.710938 0.445833 0.710938 0.452083 0.682813 0.452083 0.682813 0.443750 0.681250 0.441667 0.679688 0.441667 0.670312 0.429167 0.668750 0.429167 0.662500 0.420833 0.660937 0.420833 0.659375 0.418750 0.657813 0.418750 0.653125 0.412500 0.651563 0.412500 0.650000 0.410417 0.648438 0.410417 0.643750 0.404167 0.642188 0.404167 0.637500 0.397917 0.637500 0.395833 0.634375 0.391667 0.629687 0.391667 0.629687 0.354167 0.634375 0.354167 0.637500 0.350000 0.637500 0.347917 0.639062 0.345833 0.639062 0.343750 0.640625 0.341667 0.640625 0.339583 0.643750 0.335417 0.643750 0.333333 0.654687 0.318750 0.656250 0.318750 0.662500 0.310417 0.662500 0.304167
2 0.746875 0.000000 0.746875 0.045833 0.742188 0.045833 0.739062 0.050000 0.739062 0.054167 0.737500 0.056250 0.737500 0.060417 0.734375 0.064583 0.734375 0.066667 0.731250 0.070833 0.731250 0.072917 0.728125 0.077083 0.728125 0.079167 0.721875 0.087500 0.720313 0.087500 0.717187 0.091667 0.715625 0.091667 0.710938 0.097917 0.709375 0.097917 0.707812 0.100000 0.706250 0.100000 0.704688 0.102083 0.703125 0.102083 0.701562 0.104167 0.701562 0.110417 0.665625 0.110417 0.665625 0.104167 0.664062 0.102083 0.659375 0.102083 0.657813 0.100000 0.635938 0.100000 0.634375 0.097917 0.601562 0.097917 0.600000 0.095833 0.575000 0.095833 0.573438 0.093750 0.570312 0.093750 0.568750 0.091667 0.565625 0.091667 0.564063 0.089583 0.560937 0.089583 0.551562 0.077083 0.551562 0.070833 0.550000 0.068750 0.550000 0.064583 0.546875 0.060417 0.542188 0.060417 0.542188 0.016667 0.546875 0.016667 0.550000 0.012500 0.550000 0.008333 0.551562 0.006250 0.551562 0.000000
1 0.176562 0.145833 0.176562 0.152083 0.178125 0.154167 0.179688 0.154167 0.181250 0.156250 0.184375 0.156250 0.185938 0.158333 0.187500 0.158333 0.190625 0.162500 0.196875 0.162500 0.198438 0.164583 0.203125 0.164583 0.203125 0.256250 0.198438 0.256250 0.196875 0.258333 0.196875 0.260417 0.193750 0.264583 0.189062 0.264583 0.187500 0.262500 0.185938 0.262500 0.179688 0.270833 0.178125 0.270833 0.176562 0.272917 0.176562 0.275000 0.171875 0.281250 0.171875 0.283333 0.170313 0.285417 0.170313 0.287500 0.168750 0.289583 0.168750 0.291667 0.167188 0.293750 0.167188 0.295833 0.165625 0.297917 0.165625 0.302083 0.164062 0.304167 0.164062 0.306250 0.162500 0.308333 0.162500 0.312500 0.160937 0.314583 0.160937 0.318750 0.159375 0.320833 0.159375 0.325000 0.157812 0.327083 0.157812 0.333333 0.156250 0.335417 0.156250 0.341667 0.154688 0.343750 0.154688 0.347917 0.153125 0.350000 0.153125 0.354167 0.151563 0.356250 0.151563 0.360417 0.150000 0.362500 0.150000 0.366667 0.148438 0.368750 0.148438 0.370833 0.146875 0.372917 0.146875 0.375000 0.145312 0.377083 0.145312 0.379167 0.143750 0.381250 0.143750 0.383333 0.140625 0.387500 0.140625 0.389583 0.131250 0.402083 0.129687 0.402083 0.126562 0.406250 0.125000 0.406250 0.123438 0.408333 0.121875 0.408333 0.118750 0.412500 0.118750 0.418750 0.073438 0.418750 0.073438 0.412500 0.070312 0.408333 0.068750 0.408333 0.067187 0.406250 0.065625 0.406250 0.060938 0.400000 0.059375 0.400000 0.053125 0.391667 0.053125 0.389583 0.050000 0.385417 0.050000 0.383333 0.048437 0.381250 0.048437 0.379167 0.045313 0.375000 0.045313 0.370833 0.043750 0.368750 0.043750 0.364583 0.042188 0.362500 0.042188 0.360417 0.040625 0.358333 0.040625 0.356250 0.039062 0.354167 0.039062 0.350000 0.037500 0.347917 0.037500 0.337500 0.035937 0.335417 0.035937 0.333333 0.034375 0.331250 0.029688 0.331250 0.029688 0.264583 0.034375 0.264583 0.035937 0.262500 0.035937 0.260417 0.037500 0.258333 0.037500 0.254167 0.039062 0.252083 0.039062 0.250000 0.040625 0.247917 0.040625 0.245833 0.042188 0.243750 0.042188 0.241667 0.043750 0.239583 0.043750 0.235417 0.045313 0.233333 0.045313 0.231250 0.046875 0.229167 0.046875 0.227083 0.048437 0.225000 0.048437 0.222917 0.051562 0.218750 0.051562 0.216667 0.056250 0.210417 0.056250 0.208333 0.059375 0.204167 0.059375 0.202083 0.064062 0.195833 0.064062 0.193750 0.085938 0.164583 0.087500 0.164583 0.092188 0.158333 0.093750 0.158333 0.095312 0.156250 0.096875 0.156250 0.100000 0.152083 0.100000 0.145833
2 1.000000 0.237500 1.000000 0.997917 0.867188 0.997917 0.867188 0.416667 0.871875 0.416667 0.873437 0.414583 0.873437 0.412500 0.875000 0.410417 0.875000 0.404167 0.876562 0.402083 0.876562 0.395833 0.878125 0.393750 0.878125 0.389583 0.879688 0.387500 0.879688 0.383333 0.881250 0.381250 0.881250 0.377083 0.882812 0.375000 0.882812 0.370833 0.884375 0.368750 0.884375 0.366667 0.885937 0.364583 0.885937 0.362500 0.887500 0.360417 0.887500 0.358333 0.895313 0.347917 0.895313 0.345833 0.900000 0.339583 0.901562 0.339583 0.907812 0.331250 0.909375 0.331250 0.921875 0.314583 0.923437 0.314583 0.926563 0.310417 0.926563 0.308333 0.928125 0.308333 0.940625 0.291667 0.942187 0.291667 0.957812 0.270833 0.959375 0.270833 0.964063 0.264583 0.965625 0.264583 0.970313 0.258333 0.971875 0.258333 0.975000 0.254167 0.976562 0.254167 0.979688 0.250000 0.981250 0.250000 0.982812 0.247917 0.984375 0.247917 0.985938 0.245833 0.987500 0.245833 0.989063 0.243750 0.989063 0.237500