1 0.403125 0.320833 0.403125 0.327083 0.400000 0.331250 0.398438 0.331250 0.387500 0.345833 0.385938 0.345833 0.385938 0.347917 0.384375 0.350000 0.378125 0.350000 0.378125 0.420833 0.382812 0.420833 0.385938 0.425000 0.385938 0.427083 0.400000 0.445833 0.400000 0.452083 0.448438 0.452083 0.448438 0.445833 0.453125 0.439583 0.454688 0.439583 0.457812 0.435417 0.459375 0.435417 0.465625 0.427083 0.470313 0.427083 0.470313 0.356250 0.465625 0.356250 0.462500 0.352083 0.462500 0.350000 0.457812 0.343750 0.457812 0.341667 0.453125 0.335417 0.453125 0.333333 0.448438 0.327083 0.448438 0.320833
0 0.310937 0.245833 0.310937 0.252083 0.307813 0.256250 0.306250 0.256250 0.304688 0.258333 0.303125 0.258333 0.301562 0.260417 0.300000 0.260417 0.295312 0.266667 0.293750 0.266667 0.282813 0.281250 0.281250 0.281250 0.276563 0.287500 0.271875 0.287500 0.271875 0.358333 0.276563 0.358333 0.279687 0.362500 0.279687 0.364583 0.282813 0.368750 0.282813 0.370833 0.287500 0.377083 0.287500 0.379167 0.290625 0.383333 0.292188 0.383333 0.296875 0.389583 0.298438 0.389583 0.300000 0.391667 0.301562 0.391667 0.304688 0.395833 0.304688 0.402083 0.353125 0.402083 0.353125 0.395833 0.356250 0.391667 0.357812 0.391667 0.373437 0.370833 0.373437 0.368750 0.375000 0.366667 0.375000 0.364583 0.376563 0.362500 0.376563 0.358333 0.378125 0.356250 0.378125 0.354167 0.379687 0.352083 0.379687 0.350000 0.381250 0.347917 0.381250 0.343750 0.384375 0.339583 0.389062 0.339583 0.389062 0.304167 0.384375 0.304167 0.381250 0.300000 0.381250 0.295833 0.379687 0.293750 0.379687 0.289583 0.378125 0.287500 0.378125 0.285417 0.375000 0.281250 0.375000 0.279167 0.364062 0.264583 0.362500 0.264583 0.359375 0.260417 0.357812 0.260417 0.356250 0.258333 0.354688 0.258333 0.353125 0.256250 0.351562 0.256250 0.348437 0.252083 0.348437 0.245833
0 0.509375 0.254167 0.509375 0.260417 0.506250 0.264583 0.504687 0.264583 0.503125 0.266667 0.501562 0.266667 0.496875 0.272917 0.495313 0.272917 0.487500 0.283333 0.487500 0.285417 0.485938 0.287500 0.485938 0.289583 0.484375 0.291667 0.478125 0.291667 0.478125 0.358333 0.484375 0.358333 0.485938 0.360417 0.485938 0.362500 0.489062 0.366667 0.489062 0.368750 0.500000 0.383333 0.501562 0.383333 0.506250 0.389583 0.507812 0.389583 0.509375 0.391667 0.512500 0.391667 0.515625 0.395833 0.515625 0.402083 0.554688 0.402083 0.554688 0.395833 0.557813 0.391667 0.560938 0.391667 0.562500 0.389583 0.564062 0.389583 0.575000 0.375000 0.575000 0.372917 0.576563 0.370833 0.576563 0.368750 0.578125 0.366667 0.578125 0.364583 0.579687 0.362500 0.579687 0.360417 0.581250 0.358333 0.581250 0.356250 0.582812 0.354167 0.582812 0.352083 0.584375 0.350000 0.589063 0.350000 0.589063 0.306250 0.584375 0.306250 0.582812 0.304167 0.582812 0.302083 0.581250 0.300000 0.581250 0.297917 0.579687 0.295833 0.579687 0.293750 0.578125 0.291667 0.578125 0.289583 0.576563 0.287500 0.576563 0.285417 0.571875 0.279167 0.571875 0.277083 0.570312 0.275000 0.568750 0.275000 0.560938 0.264583 0.559375 0.264583 0.557813 0.262500 0.557813 0.254167
0 0.675000 0.395833 0.675000 0.402083 0.671875 0.406250 0.670313 0.406250 0.665625 0.412500 0.664062 0.412500 0.660937 0.416667 0.660937 0.418750 0.651563 0.431250 0.646875 0.431250 0.646875 0.483333 0.651563 0.483333 0.654688 0.487500 0.657812 0.487500 0.659375 0.489583 0.662500 0.489583 0.664062 0.491667 0.667188 0.491667 0.668750 0.493750 0.670313 0.493750 0.671875 0.495833 0.675000 0.495833 0.676562 0.497917 0.678125 0.497917 0.679688 0.500000 0.682813 0.500000 0.685938 0.504167 0.685938 0.510417 0.723437 0.510417 0.723437 0.502083 0.725000 0.500000 0.726562 0.500000 0.734375 0.489583 0.734375 0.487500 0.737500 0.483333 0.737500 0.481250 0.739062 0.479167 0.739062 0.477083 0.740625 0.475000 0.745313 0.475000 0.745313 0.431250 0.740625 0.431250 0.735937 0.425000 0.735937 0.422917 0.723437 0.406250 0.721875 0.406250 0.718750 0.402083 0.718750 0.395833
1 0.562500 0.408333 0.556250 0.416667 0.556250 0.418750 0.551562 0.425000 0.551562 0.427083 0.550000 0.429167 0.550000 0.431250 0.548437 0.433333 0.548437 0.435417 0.546875 0.437500 0.546875 0.441667 0.545313 0.443750 0.540625 0.443750 0.540625 0.458333 0.545313 0.458333 0.546875 0.460417 0.546875 0.462500 0.545313 0.464583 0.540625 0.464583 0.540625 0.477083 0.546875 0.477083 0.550000 0.481250 0.551562 0.481250 0.553125 0.483333 0.553125 0.485417 0.554688 0.487500 0.554688 0.489583 0.562500 0.500000 0.564062 0.500000 0.567187 0.504167 0.567187 0.510417 0.614062 0.510417 0.614062 0.502083 0.615625 0.500000 0.617188 0.500000 0.618750 0.497917 0.620313 0.497917 0.623438 0.493750 0.623438 0.491667 0.625000 0.489583 0.625000 0.487500 0.626562 0.485417 0.626562 0.483333 0.628125 0.481250 0.632812 0.481250 0.632812 0.425000 0.626562 0.425000 0.625000 0.422917 0.625000 0.420833 0.621875 0.416667 0.618750 0.416667 0.617188 0.414583 0.615625 0.414583 0.614062 0.412500 0.612500 0.412500 0.610937 0.410417 0.609375 0.410417 0.607813 0.408333 0.606250 0.408333 0.604688 0.406250 0.603125 0.406250 0.601562 0.404167 0.600000 0.404167 0.598437 0.402083 0.596875 0.402083 0.595312 0.400000 0.589063 0.400000 0.587500 0.402083 0.582812 0.402083 0.581250 0.404167 0.578125 0.404167 0.576563 0.406250 0.565625 0.406250 0.564062 0.408333 0.562500 0.408333 0.548437 0.393750 0.548437 0.387500 0.540625 0.387500 0.540625 0.395833 0.545313 0.395833 0.546875 0.393750 0.548437 0.393750
0 0.362500 0.504167 0.362500 0.510417 0.359375 0.514583 0.357812 0.514583 0.356250 0.516667 0.354688 0.516667 0.353125 0.518750 0.351562 0.518750 0.345313 0.527083 0.343750 0.527083 0.331250 0.543750 0.331250 0.545833 0.326562 0.552083 0.321875 0.552083 0.321875 0.618750 0.328125 0.618750 0.329688 0.620833 0.329688 0.622917 0.331250 0.625000 0.331250 0.627083 0.335938 0.633333 0.335938 0.635417 0.339063 0.639583 0.339063 0.641667 0.345313 0.650000 0.346875 0.650000 0.351562 0.656250 0.353125 0.656250 0.354688 0.658333 0.356250 0.658333 0.357812 0.660417 0.357812 0.668750 0.392188 0.668750 0.392188 0.662500 0.395312 0.658333 0.396875 0.658333 0.398438 0.656250 0.400000 0.656250 0.401563 0.654167 0.403125 0.654167 0.406250 0.650000 0.407813 0.650000 0.410937 0.645833 0.412500 0.645833 0.420312 0.635417 0.420312 0.633333 0.429688 0.620833 0.429688 0.616667 0.431250 0.614583 0.431250 0.610417 0.434375 0.606250 0.439063 0.606250 0.439063 0.566667 0.434375 0.566667 0.431250 0.562500 0.431250 0.560417 0.426562 0.554167 0.426562 0.547917 0.425000 0.545833 0.425000 0.541667 0.423438 0.539583 0.423438 0.537500 0.417188 0.529167 0.417188 0.527083 0.415625 0.525000 0.414062 0.525000 0.409375 0.518750 0.407813 0.518750 0.406250 0.516667 0.404687 0.516667 0.400000 0.510417 0.400000 0.504167
1 0.354688 0.912500 0.354688 0.918750 0.351562 0.922917 0.348437 0.922917 0.346875 0.925000 0.345313 0.925000 0.342187 0.929167 0.340625 0.929167 0.339063 0.931250 0.337500 0.931250 0.335938 0.933333 0.334375 0.933333 0.329688 0.939583 0.328125 0.939583 0.312500 0.960417 0.312500 0.962500 0.306250 0.970833 0.306250 0.972917 0.301562 0.979167 0.296875 0.979167 0.296875 0.997917 0.451562 0.997917 0.451562 0.975000 0.446875 0.975000 0.443750 0.970833 0.443750 0.966667 0.442187 0.964583 0.442187 0.962500 0.440625 0.960417 0.440625 0.958333 0.439063 0.956250 0.439063 0.954167 0.423438 0.933333 0.421875 0.933333 0.420312 0.931250 0.418750 0.931250 0.417188 0.929167 0.415625 0.929167 0.412500 0.925000 0.410937 0.925000 0.409375 0.922917 0.406250 0.922917 0.403125 0.918750 0.403125 0.912500
1 0.643750 0.612500 0.643750 0.618750 0.640625 0.622917 0.637500 0.622917 0.635938 0.625000 0.634375 0.625000 0.629687 0.631250 0.629687 0.633333 0.628125 0.635417 0.628125 0.637500 0.626562 0.639583 0.625000 0.639583 0.625000 0.641667 0.620313 0.647917 0.615625 0.647917 0.615625 0.702083 0.620313 0.702083 0.623438 0.706250 0.623438 0.708333 0.625000 0.710417 0.625000 0.712500 0.629687 0.718750 0.629687 0.720833 0.632812 0.725000 0.634375 0.725000 0.639063 0.731250 0.642187 0.731250 0.643750 0.733333 0.645312 0.733333 0.648438 0.737500 0.648438 0.743750 0.670313 0.743750 0.670313 0.737500 0.673437 0.733333 0.676562 0.733333 0.678125 0.731250 0.681250 0.731250 0.682813 0.729167 0.684375 0.729167 0.687500 0.725000 0.689062 0.725000 0.696875 0.714583 0.696875 0.712500 0.698438 0.710417 0.698438 0.706250 0.700000 0.704167 0.700000 0.700000 0.703125 0.695833 0.707812 0.695833 0.707812 0.658333 0.703125 0.658333 0.700000 0.654167 0.700000 0.652083 0.698438 0.650000 0.698438 0.647917 0.685938 0.631250 0.684375 0.631250 0.681250 0.627083 0.679688 0.627083 0.678125 0.625000 0.676562 0.625000 0.675000 0.622917 0.673437 0.622917 0.670313 0.618750 0.670313 0.612500
2 0.414062 0.170833 0.414062 0.177083 0.410937 0.181250 0.407813 0.181250 0.406250 0.183333 0.404687 0.183333 0.403125 0.185417 0.401563 0.185417 0.387500 0.204167 0.387500 0.206250 0.382812 0.212500 0.378125 0.212500 0.378125 0.275000 0.382812 0.275000 0.387500 0.281250 0.387500 0.283333 0.392188 0.289583 0.393750 0.289583 0.396875 0.293750 0.398438 0.293750 0.401563 0.297917 0.403125 0.297917 0.404687 0.300000 0.406250 0.300000 0.407813 0.302083 0.407813 0.310417 0.457812 0.310417 0.457812 0.304167 0.462500 0.297917 0.464063 0.297917 0.467187 0.293750 0.467187 0.291667 0.475000 0.281250 0.475000 0.279167 0.478125 0.275000 0.482812 0.275000 0.482812 0.208333 0.476562 0.208333 0.475000 0.206250 0.475000 0.204167 0.470313 0.197917 0.470313 0.195833 0.468750 0.195833 0.460938 0.185417 0.459375 0.185417 0.453125 0.177083 0.453125 0.170833
0 0.545313 0.520833 0.545313 0.527083 0.542188 0.531250 0.542188 0.533333 0.534375 0.543750 0.532812 0.543750 0.529688 0.547917 0.528125 0.547917 0.520312 0.558333 0.515625 0.558333 0.515625 0.606250 0.520312 0.606250 0.521875 0.608333 0.521875 0.610417 0.523438 0.612500 0.523438 0.614583 0.529688 0.622917 0.529688 0.625000 0.532812 0.629167 0.534375 0.629167 0.540625 0.637500 0.542188 0.637500 0.543750 0.639583 0.545313 0.639583 0.546875 0.641667 0.550000 0.641667 0.553125 0.645833 0.553125 0.652083 0.571875 0.652083 0.571875 0.645833 0.573438 0.643750 0.575000 0.643750 0.576563 0.641667 0.579687 0.641667 0.581250 0.639583 0.584375 0.639583 0.585938 0.637500 0.587500 0.637500 0.590625 0.633333 0.592188 0.633333 0.603125 0.618750 0.603125 0.616667 0.604688 0.614583 0.604688 0.612500 0.606250 0.610417 0.606250 0.608333 0.609375 0.604167 0.614062 0.604167 0.614062 0.560417 0.609375 0.560417 0.606250 0.556250 0.606250 0.554167 0.604688 0.552083 0.604688 0.550000 0.587500 0.527083 0.587500 0.520833
2 0.489062 0.645833 0.489062 0.652083 0.485938 0.656250 0.484375 0.656250 0.482812 0.658333 0.481250 0.658333 0.479688 0.660417 0.478125 0.660417 0.473437 0.666667 0.471875 0.666667 0.465625 0.675000 0.459375 0.675000 0.459375 0.747917 0.465625 0.747917 0.468750 0.752083 0.468750 0.754167 0.476562 0.764583 0.478125 0.764583 0.482812 0.770833 0.484375 0.770833 0.485938 0.772917 0.487500 0.772917 0.489062 0.775000 0.492188 0.775000 0.495313 0.779167 0.495313 0.785417 0.526563 0.785417 0.526563 0.777083 0.528125 0.775000 0.529688 0.775000 0.531250 0.772917 0.532812 0.772917 0.534375 0.770833 0.535937 0.770833 0.542188 0.762500 0.543750 0.762500 0.545313 0.760417 0.545313 0.758333 0.548437 0.754167 0.548437 0.752083 0.553125 0.745833 0.557813 0.745833 0.557813 0.685417 0.551562 0.685417 0.548437 0.681250 0.548437 0.679167 0.540625 0.668750 0.539062 0.668750 0.535937 0.664583 0.534375 0.664583 0.532812 0.662500 0.531250 0.662500 0.529688 0.660417 0.528125 0.660417 0.526563 0.658333 0.523438 0.658333 0.521875 0.656250 0.518750 0.656250 0.515625 0.652083 0.515625 0.645833
1 0.440625 0.520833 0.440625 0.529167 0.426562 0.547917 0.421875 0.547917 0.421875 0.627083 0.428125 0.627083 0.445312 0.650000 0.446875 0.650000 0.450000 0.654167 0.450000 0.660417 0.487500 0.660417 0.487500 0.654167 0.490625 0.650000 0.493750 0.650000 0.495313 0.647917 0.496875 0.647917 0.498437 0.645833 0.501562 0.645833 0.503125 0.643750 0.504687 0.643750 0.509375 0.637500 0.514063 0.637500 0.514063 0.560417 0.509375 0.560417 0.506250 0.556250 0.506250 0.554167 0.498437 0.543750 0.496875 0.543750 0.490625 0.535417 0.489062 0.535417 0.482812 0.527083 0.482812 0.520833
2 0.609375 0.279167 0.609375 0.285417 0.606250 0.289583 0.604688 0.289583 0.603125 0.291667 0.601562 0.291667 0.593750 0.302083 0.593750 0.304167 0.592188 0.306250 0.592188 0.308333 0.589063 0.312500 0.584375 0.312500 0.584375 0.379167 0.589063 0.379167 0.590625 0.381250 0.590625 0.383333 0.592188 0.385417 0.592188 0.387500 0.596875 0.393750 0.598437 0.393750 0.603125 0.400000 0.606250 0.400000 0.607813 0.402083 0.609375 0.402083 0.610937 0.404167 0.610937 0.410417 0.646875 0.410417 0.646875 0.404167 0.651563 0.397917 0.653125 0.397917 0.657812 0.391667 0.659375 0.391667 0.667188 0.381250 0.667188 0.379167 0.671875 0.372917 0.676562 0.372917 0.676562 0.320833 0.671875 0.320833 0.668750 0.316667 0.668750 0.314583 0.667188 0.312500 0.667188 0.310417 0.653125 0.291667 0.651563 0.291667 0.650000 0.289583 0.648438 0.289583 0.645312 0.285417 0.645312 0.279167
2 0.637500 0.495833 0.637500 0.504167 0.635938 0.506250 0.634375 0.506250 0.629687 0.512500 0.628125 0.512500 0.621875 0.520833 0.621875 0.522917 0.618750 0.527083 0.618750 0.531250 0.617188 0.533333 0.617188 0.535417 0.615625 0.537500 0.615625 0.539583 0.614062 0.541667 0.609375 0.541667 0.609375 0.572917 0.614062 0.572917 0.615625 0.575000 0.615625 0.577083 0.617188 0.579167 0.617188 0.583333 0.618750 0.585417 0.618750 0.587500 0.632812 0.606250 0.634375 0.606250 0.635938 0.608333 0.637500 0.608333 0.640625 0.612500 0.640625 0.618750 0.676562 0.618750 0.676562 0.612500 0.679688 0.608333 0.681250 0.608333 0.682813 0.606250 0.684375 0.606250 0.685938 0.604167 0.687500 0.604167 0.689062 0.602083 0.690625 0.602083 0.690625 0.600000 0.692187 0.597917 0.693750 0.597917 0.703125 0.585417 0.707812 0.585417 0.707812 0.520833 0.701563 0.520833 0.700000 0.518750 0.700000 0.516667 0.698438 0.516667 0.696875 0.514583 0.695312 0.514583 0.689062 0.506250 0.687500 0.506250 0.685938 0.504167 0.684375 0.504167 0.682813 0.502083 0.682813 0.495833
2 0.317187 0.404167 0.315625 0.406250 0.307813 0.406250 0.306250 0.408333 0.296875 0.408333 0.295312 0.410417 0.292188 0.410417 0.290625 0.412500 0.289062 0.412500 0.285937 0.416667 0.284375 0.416667 0.281250 0.420833 0.281250 0.422917 0.279687 0.425000 0.278125 0.425000 0.275000 0.429167 0.275000 0.431250 0.270312 0.437500 0.265625 0.437500 0.265625 0.514583 0.270312 0.514583 0.275000 0.520833 0.275000 0.522917 0.278125 0.527083 0.278125 0.529167 0.285937 0.539583 0.287500 0.539583 0.293750 0.547917 0.295312 0.547917 0.296875 0.550000 0.298438 0.550000 0.301562 0.554167 0.301562 0.560417 0.326562 0.560417 0.326562 0.552083 0.328125 0.550000 0.328125 0.547917 0.331250 0.543750 0.331250 0.541667 0.334375 0.537500 0.335938 0.537500 0.346875 0.522917 0.348437 0.522917 0.350000 0.520833 0.351562 0.520833 0.356250 0.514583 0.357812 0.514583 0.359375 0.512500 0.362500 0.512500 0.364062 0.510417 0.365625 0.510417 0.370313 0.504167 0.371875 0.504167 0.373437 0.502083 0.375000 0.502083 0.376563 0.500000 0.382812 0.500000 0.382812 0.443750 0.376563 0.443750 0.375000 0.441667 0.375000 0.439583 0.373437 0.437500 0.373437 0.435417 0.371875 0.433333 0.371875 0.431250 0.360938 0.416667 0.359375 0.416667 0.354688 0.410417 0.353125 0.410417 0.351562 0.408333 0.348437 0.408333 0.346875 0.406250 0.340625 0.406250 0.339063 0.404167
1 0.328125 0.745833 0.328125 0.847917 0.332812 0.847917 0.337500 0.854167 0.337500 0.856250 0.345313 0.866667 0.345313 0.868750 0.346875 0.870833 0.346875 0.877083 0.404687 0.877083 0.404687 0.870833 0.406250 0.868750 0.407813 0.868750 0.409375 0.866667 0.410937 0.866667 0.415625 0.860417 0.417188 0.860417 0.420312 0.856250 0.421875 0.856250 0.426562 0.850000 0.428125 0.850000 0.434375 0.841667 0.439063 0.841667 0.439063 0.800000 0.434375 0.800000 0.431250 0.795833 0.431250 0.789583 0.429688 0.787500 0.429688 0.783333 0.426562 0.779167 0.426562 0.777083 0.417188 0.764583 0.415625 0.764583 0.409375 0.756250 0.407813 0.756250 0.404687 0.752083 0.404687 0.745833 0.357812 0.745833 0.357812 0.752083 0.354688 0.756250 0.353125 0.756250 0.351562 0.758333 0.350000 0.758333 0.345313 0.764583 0.342187 0.764583 0.340625 0.766667 0.339063 0.766667 0.335938 0.762500 0.335938 0.760417 0.334375 0.758333 0.334375 0.745833
1 0.378125 0.000000 0.378125 0.047917 0.384375 0.047917 0.385938 0.050000 0.385938 0.052083 0.396875 0.066667 0.398438 0.066667 0.401563 0.070833 0.401563 0.072917 0.403125 0.075000 0.407813 0.075000 0.409375 0.072917 0.429688 0.072917 0.431250 0.075000 0.440625 0.075000 0.442187 0.077083 0.443750 0.077083 0.445312 0.079167 0.445312 0.085417 0.479688 0.085417 0.479688 0.079167 0.481250 0.077083 0.482812 0.077083 0.484375 0.075000 0.485938 0.075000 0.487500 0.072917 0.490625 0.072917 0.492188 0.070833 0.493750 0.070833 0.496875 0.066667 0.498437 0.066667 0.504687 0.058333 0.504687 0.056250 0.506250 0.054167 0.506250 0.052083 0.509375 0.047917 0.514063 0.047917 0.514063 0.004167 0.509375 0.004167 0.507812 0.002083 0.507812 0.000000
2 0.471875 0.425000 0.471875 0.429167 0.473437 0.431250 0.473437 0.433333 0.475000 0.435417 0.475000 0.437500 0.468750 0.445833 0.468750 0.450000 0.467187 0.452083 0.467187 0.454167 0.457812 0.466667 0.453125 0.466667 0.453125 0.502083 0.457812 0.502083 0.460938 0.506250 0.460938 0.510417 0.462500 0.512500 0.462500 0.514583 0.465625 0.518750 0.467187 0.518750 0.468750 0.520833 0.471875 0.520833 0.473437 0.522917 0.475000 0.522917 0.476562 0.525000 0.478125 0.525000 0.479688 0.527083 0.481250 0.527083 0.482812 0.529167 0.484375 0.529167 0.485938 0.531250 0.487500 0.531250 0.492188 0.537500 0.493750 0.537500 0.500000 0.545833 0.500000 0.552083 0.531250 0.552083 0.531250 0.543750 0.535937 0.537500 0.537500 0.537500 0.540625 0.533333 0.540625 0.531250 0.542188 0.529167 0.542188 0.527083 0.546875 0.520833 0.551562 0.520833 0.551562 0.468750 0.545313 0.468750 0.543750 0.466667 0.543750 0.464583 0.542188 0.462500 0.542188 0.460417 0.540625 0.458333 0.540625 0.456250 0.537500 0.452083 0.537500 0.450000 0.534375 0.445833 0.534375 0.443750 0.532812 0.441667 0.532812 0.439583 0.529688 0.435417 0.529688 0.433333 0.528125 0.431250 0.528125 0.429167 0.520312 0.418750 0.518750 0.418750 0.515625 0.414583 0.514063 0.414583 0.510938 0.410417 0.510938 0.404167 0.489062 0.404167 0.489062 0.410417 0.487500 0.412500 0.485938 0.412500 0.484375 0.414583 0.482812 0.414583 0.481250 0.416667 0.479688 0.416667 0.478125 0.418750 0.476562 0.418750 0.475000 0.420833 0.473437 0.420833 0.473437 0.422917 0.471875 0.425000 0.468750 0.427083 0.467187 0.427083 0.462500 0.420833 0.462500 0.404167 0.453125 0.404167 0.453125 0.435417 0.457812 0.435417 0.459375 0.433333 0.460938 0.433333 0.462500 0.431250 0.464063 0.431250 0.465625 0.429167 0.467187 0.429167 0.468750 0.427083
0 0.484375 0.195833 0.484375 0.241667 0.489062 0.241667 0.492188 0.245833 0.492188 0.252083 0.510938 0.252083 0.510938 0.245833 0.512500 0.243750 0.512500 0.241667 0.514063 0.239583 0.520312 0.239583 0.520312 0.195833
2 0.509375 0.000000 0.509375 0.018750 0.514063 0.018750 0.515625 0.020833 0.515625 0.022917 0.517187 0.025000 0.517187 0.029167 0.518750 0.031250 0.518750 0.035417 0.520312 0.037500 0.520312 0.039583 0.521875 0.039583 0.525000 0.043750 0.525000 0.052083 0.537500 0.052083 0.537500 0.045833 0.540625 0.041667 0.542188 0.041667 0.543750 0.039583 0.546875 0.039583 0.548437 0.037500 0.553125 0.037500 0.554688 0.035417 0.556250 0.035417 0.557813 0.033333 0.562500 0.033333 0.564062 0.031250 0.573438 0.031250 0.575000 0.029167 0.584375 0.029167 0.585938 0.027083 0.592188 0.027083 0.593750 0.025000 0.596875 0.025000 0.598437 0.022917 0.601562 0.022917 0.606250 0.016667 0.606250 0.014583 0.607813 0.012500 0.614062 0.012500 0.614062 0.000000