1 0.464063 0.445833 0.464063 0.454167 0.465625 0.456250 0.467188 0.456250 0.468750 0.458333 0.470312 0.458333 0.473437 0.462500 0.475000 0.462500 0.487500 0.479167 0.487500 0.481250 0.492188 0.487500 0.496875 0.487500 0.496875 0.560417 0.492188 0.560417 0.490625 0.562500 0.489062 0.562500 0.485937 0.566667 0.485937 0.568750 0.484375 0.570833 0.482813 0.570833 0.471875 0.585417 0.470312 0.585417 0.467188 0.589583 0.465625 0.589583 0.460938 0.595833 0.460938 0.602083 0.406250 0.602083 0.406250 0.595833 0.403125 0.591667 0.403125 0.589583 0.401563 0.587500 0.400000 0.587500 0.375000 0.554167 0.375000 0.552083 0.371875 0.547917 0.367188 0.547917 0.367188 0.502083 0.371875 0.502083 0.375000 0.497917 0.375000 0.495833 0.376562 0.493750 0.376562 0.491667 0.378125 0.489583 0.378125 0.487500 0.379687 0.485417 0.379687 0.483333 0.381250 0.481250 0.381250 0.479167 0.384375 0.475000 0.384375 0.472917 0.395312 0.458333 0.396875 0.458333 0.398438 0.456250 0.400000 0.456250 0.403125 0.452083 0.403125 0.445833
0 0.482813 0.304167 0.482813 0.310417 0.485937 0.314583 0.487500 0.314583 0.495313 0.325000 0.496875 0.325000 0.506250 0.337500 0.506250 0.339583 0.509375 0.343750 0.515625 0.343750 0.515625 0.389583 0.510938 0.389583 0.509375 0.391667 0.509375 0.408333 0.510938 0.410417 0.515625 0.410417 0.515625 0.420833 0.510938 0.420833 0.509375 0.422917 0.509375 0.427083 0.507812 0.429167 0.507812 0.431250 0.506250 0.433333 0.506250 0.435417 0.501563 0.441667 0.500000 0.441667 0.495313 0.447917 0.493750 0.447917 0.490625 0.452083 0.489062 0.452083 0.487500 0.454167 0.487500 0.460417 0.460938 0.460417 0.460938 0.454167 0.457812 0.450000 0.453125 0.450000 0.451563 0.447917 0.443750 0.447917 0.442187 0.445833 0.432813 0.445833 0.431250 0.443750 0.428125 0.443750 0.425000 0.439583 0.423437 0.439583 0.414062 0.427083 0.414062 0.425000 0.412500 0.422917 0.412500 0.420833 0.409375 0.416667 0.404688 0.416667 0.404688 0.350000 0.409375 0.350000 0.412500 0.345833 0.412500 0.343750 0.431250 0.318750 0.432813 0.318750 0.435938 0.314583 0.437500 0.314583 0.440625 0.310417 0.440625 0.304167
1 0.587500 0.320833 0.587500 0.327083 0.590625 0.331250 0.593750 0.331250 0.595313 0.333333 0.596875 0.333333 0.598437 0.335417 0.600000 0.335417 0.603125 0.339583 0.604688 0.339583 0.618750 0.358333 0.618750 0.360417 0.620313 0.362500 0.620313 0.364583 0.621875 0.366667 0.621875 0.368750 0.623437 0.370833 0.628125 0.370833 0.628125 0.429167 0.623437 0.429167 0.620313 0.433333 0.620313 0.435417 0.618750 0.437500 0.618750 0.439583 0.614062 0.445833 0.614062 0.447917 0.601562 0.464583 0.600000 0.464583 0.595313 0.470833 0.595313 0.477083 0.539062 0.477083 0.539062 0.470833 0.535937 0.466667 0.534375 0.466667 0.531250 0.462500 0.529687 0.462500 0.523438 0.454167 0.521875 0.454167 0.521875 0.452083 0.517188 0.445833 0.517188 0.443750 0.514062 0.439583 0.514062 0.437500 0.512500 0.435417 0.512500 0.433333 0.509375 0.429167 0.504687 0.429167 0.504687 0.381250 0.509375 0.381250 0.510938 0.379167 0.510938 0.377083 0.512500 0.375000 0.512500 0.370833 0.514062 0.368750 0.514062 0.364583 0.515625 0.362500 0.515625 0.358333 0.517188 0.356250 0.517188 0.354167 0.526563 0.341667 0.528125 0.341667 0.531250 0.337500 0.532813 0.337500 0.534375 0.335417 0.535937 0.335417 0.537500 0.333333 0.539062 0.333333 0.540625 0.331250 0.543750 0.331250 0.546875 0.327083 0.546875 0.320833
0 0.514062 0.562500 0.514062 0.568750 0.517188 0.572917 0.518750 0.572917 0.543750 0.606250 0.543750 0.608333 0.548438 0.614583 0.553125 0.614583 0.553125 0.675000 0.548438 0.675000 0.543750 0.681250 0.543750 0.683333 0.542188 0.685417 0.542188 0.687500 0.540625 0.689583 0.539062 0.689583 0.537500 0.691667 0.537500 0.693750 0.531250 0.702083 0.531250 0.704167 0.523438 0.714583 0.521875 0.714583 0.520312 0.716667 0.518750 0.716667 0.515625 0.720833 0.515625 0.727083 0.465625 0.727083 0.465625 0.718750 0.464063 0.716667 0.462500 0.716667 0.460938 0.714583 0.459375 0.714583 0.457812 0.712500 0.456250 0.712500 0.451563 0.706250 0.450000 0.706250 0.442187 0.695833 0.442187 0.693750 0.439062 0.689583 0.439062 0.687500 0.434375 0.681250 0.429688 0.681250 0.429688 0.616667 0.434375 0.616667 0.442187 0.606250 0.443750 0.606250 0.446875 0.602083 0.448438 0.602083 0.450000 0.600000 0.451563 0.600000 0.453125 0.597917 0.454687 0.597917 0.457812 0.593750 0.459375 0.593750 0.460938 0.591667 0.464063 0.591667 0.468750 0.585417 0.470312 0.585417 0.476562 0.577083 0.478125 0.577083 0.481250 0.572917 0.482813 0.572917 0.484375 0.570833 0.484375 0.562500
2 0.603125 0.654167 0.603125 0.662500 0.606250 0.666667 0.607812 0.666667 0.610938 0.670833 0.612500 0.670833 0.612500 0.672917 0.614062 0.675000 0.614062 0.677083 0.620313 0.685417 0.620313 0.689583 0.621875 0.691667 0.621875 0.693750 0.623437 0.695833 0.628125 0.695833 0.628125 0.762500 0.623437 0.762500 0.620313 0.766667 0.620313 0.768750 0.618750 0.770833 0.618750 0.772917 0.617188 0.775000 0.617188 0.777083 0.615625 0.779167 0.615625 0.781250 0.614062 0.783333 0.614062 0.785417 0.606250 0.795833 0.604688 0.795833 0.601562 0.800000 0.600000 0.800000 0.598437 0.802083 0.598437 0.810417 0.554688 0.810417 0.554688 0.804167 0.550000 0.797917 0.548438 0.797917 0.546875 0.795833 0.545312 0.795833 0.542188 0.791667 0.540625 0.791667 0.529687 0.777083 0.529687 0.775000 0.528125 0.772917 0.528125 0.770833 0.526563 0.768750 0.526563 0.766667 0.521875 0.760417 0.517188 0.760417 0.517188 0.720833 0.521875 0.720833 0.531250 0.708333 0.531250 0.706250 0.537500 0.697917 0.537500 0.695833 0.542188 0.689583 0.542188 0.687500 0.545312 0.683333 0.545312 0.681250 0.548438 0.677083 0.548438 0.675000 0.556250 0.664583 0.557813 0.664583 0.560937 0.660417 0.560937 0.654167
2 0.548438 0.195833 0.548438 0.202083 0.551562 0.206250 0.553125 0.206250 0.554688 0.208333 0.556250 0.208333 0.557813 0.210417 0.559375 0.210417 0.560937 0.212500 0.562500 0.212500 0.565625 0.216667 0.567187 0.216667 0.578125 0.231250 0.584375 0.231250 0.584375 0.308333 0.578125 0.308333 0.576562 0.310417 0.576562 0.312500 0.571875 0.318750 0.570312 0.318750 0.568750 0.320833 0.564063 0.320833 0.562500 0.322917 0.557813 0.322917 0.556250 0.325000 0.553125 0.325000 0.551562 0.327083 0.548438 0.327083 0.546875 0.329167 0.543750 0.329167 0.542188 0.331250 0.539062 0.331250 0.537500 0.333333 0.535937 0.333333 0.534375 0.335417 0.532813 0.335417 0.531250 0.337500 0.531250 0.343750 0.510938 0.343750 0.510938 0.337500 0.501563 0.325000 0.500000 0.325000 0.498438 0.322917 0.496875 0.322917 0.493750 0.318750 0.492188 0.318750 0.484375 0.308333 0.484375 0.306250 0.482813 0.304167 0.482813 0.300000 0.481250 0.297917 0.481250 0.295833 0.479688 0.293750 0.479688 0.291667 0.478125 0.289583 0.473437 0.289583 0.473437 0.260417 0.478125 0.260417 0.479688 0.258333 0.479688 0.256250 0.481250 0.254167 0.481250 0.247917 0.482813 0.245833 0.482813 0.243750 0.484375 0.241667 0.484375 0.239583 0.485937 0.237500 0.485937 0.235417 0.489062 0.231250 0.489062 0.229167 0.498438 0.216667 0.500000 0.216667 0.504687 0.210417 0.506250 0.210417 0.507812 0.208333 0.509375 0.208333 0.510938 0.206250 0.512500 0.206250 0.514062 0.204167 0.515625 0.204167 0.517188 0.202083 0.517188 0.195833
1 0.204687 0.462500 0.204687 0.468750 0.207812 0.472917 0.212500 0.472917 0.214063 0.475000 0.215625 0.475000 0.217188 0.477083 0.218750 0.477083 0.220312 0.479167 0.221875 0.479167 0.225000 0.483333 0.226562 0.483333 0.235937 0.495833 0.237500 0.495833 0.237500 0.497917 0.243750 0.506250 0.243750 0.508333 0.245313 0.510417 0.245313 0.512500 0.248438 0.516667 0.253125 0.516667 0.253125 0.570833 0.248438 0.570833 0.246875 0.572917 0.246875 0.575000 0.245313 0.577083 0.245313 0.579167 0.234375 0.593750 0.234375 0.595833 0.232813 0.597917 0.232813 0.600000 0.229688 0.604167 0.229688 0.606250 0.226562 0.610417 0.223437 0.610417 0.221875 0.612500 0.221875 0.618750 0.171875 0.618750 0.171875 0.612500 0.168750 0.608333 0.167188 0.608333 0.165625 0.606250 0.164062 0.606250 0.162500 0.604167 0.160937 0.604167 0.159375 0.602083 0.157812 0.602083 0.154688 0.597917 0.153125 0.597917 0.143750 0.585417 0.143750 0.583333 0.142187 0.581250 0.135938 0.581250 0.135938 0.506250 0.140625 0.506250 0.143750 0.502083 0.143750 0.500000 0.145312 0.497917 0.145312 0.495833 0.146875 0.493750 0.146875 0.491667 0.151563 0.485417 0.151563 0.483333 0.153125 0.483333 0.159375 0.475000 0.160937 0.475000 0.162500 0.472917 0.164062 0.472917 0.167188 0.468750 0.167188 0.462500
2 0.581250 0.470833 0.581250 0.477083 0.584375 0.481250 0.587500 0.481250 0.589063 0.483333 0.593750 0.483333 0.595313 0.485417 0.598437 0.485417 0.601562 0.489583 0.603125 0.489583 0.607812 0.495833 0.609375 0.495833 0.617188 0.506250 0.621875 0.506250 0.621875 0.562500 0.617188 0.562500 0.614062 0.566667 0.614062 0.570833 0.607812 0.579167 0.607812 0.581250 0.598437 0.593750 0.598437 0.595833 0.596875 0.595833 0.590625 0.604167 0.589063 0.604167 0.585938 0.608333 0.584375 0.608333 0.581250 0.612500 0.581250 0.618750 0.556250 0.618750 0.556250 0.612500 0.554688 0.610417 0.553125 0.610417 0.551562 0.608333 0.550000 0.608333 0.548438 0.606250 0.546875 0.606250 0.545312 0.604167 0.543750 0.604167 0.525000 0.579167 0.523438 0.579167 0.521875 0.577083 0.521875 0.575000 0.515625 0.566667 0.510938 0.566667 0.510938 0.502083 0.517188 0.502083 0.521875 0.495833 0.521875 0.493750 0.523438 0.491667 0.525000 0.491667 0.529687 0.485417 0.531250 0.485417 0.532813 0.483333 0.534375 0.483333 0.535937 0.481250 0.537500 0.481250 0.540625 0.477083 0.540625 0.470833
2 0.353125 0.379167 0.353125 0.385417 0.357813 0.391667 0.359375 0.391667 0.364062 0.397917 0.365625 0.397917 0.373438 0.408333 0.373438 0.410417 0.379687 0.418750 0.384375 0.418750 0.384375 0.479167 0.379687 0.479167 0.376562 0.483333 0.376562 0.485417 0.375000 0.487500 0.375000 0.489583 0.371875 0.493750 0.371875 0.497917 0.370313 0.500000 0.370313 0.502083 0.368750 0.504167 0.368750 0.506250 0.367188 0.508333 0.367188 0.512500 0.364062 0.516667 0.364062 0.518750 0.362500 0.520833 0.362500 0.527083 0.303125 0.527083 0.303125 0.520833 0.298437 0.514583 0.296875 0.514583 0.282812 0.495833 0.282812 0.493750 0.281250 0.491667 0.281250 0.489583 0.279688 0.487500 0.273438 0.487500 0.273438 0.425000 0.278125 0.425000 0.281250 0.420833 0.281250 0.418750 0.282812 0.416667 0.282812 0.414583 0.289062 0.406250 0.289062 0.404167 0.292188 0.400000 0.293750 0.400000 0.300000 0.391667 0.301562 0.391667 0.303125 0.389583 0.304688 0.389583 0.307813 0.385417 0.307813 0.379167
1 0.990625 0.154167 0.990625 0.375000 0.985938 0.375000 0.982812 0.379167 0.985938 0.383333 0.990625 0.383333 0.990625 0.450000 0.981250 0.450000 0.979688 0.452083 0.978125 0.452083 0.976562 0.450000 0.973437 0.450000 0.971875 0.447917 0.971875 0.431250 0.973437 0.429167 0.973437 0.402083 0.971875 0.400000 0.968750 0.404167 0.968750 0.406250 0.970313 0.408333 0.970313 0.412500 0.968750 0.412500 0.964063 0.418750 0.964063 0.422917 0.962500 0.425000 0.962500 0.427083 0.957812 0.433333 0.957812 0.437500 0.951563 0.445833 0.951563 0.447917 0.942187 0.460417 0.942187 0.462500 0.940625 0.464583 0.940625 0.466667 0.939062 0.468750 0.939062 0.472917 0.937500 0.475000 0.937500 0.477083 0.935938 0.479167 0.935938 0.483333 0.934375 0.485417 0.934375 0.487500 0.928125 0.495833 0.928125 0.502083 0.857812 0.502083 0.857812 0.495833 0.848438 0.483333 0.848438 0.481250 0.846875 0.479167 0.846875 0.477083 0.845313 0.475000 0.845313 0.470833 0.843750 0.468750 0.843750 0.464583 0.842187 0.462500 0.842187 0.460417 0.840625 0.458333 0.840625 0.456250 0.832813 0.445833 0.831250 0.445833 0.829688 0.443750 0.828125 0.443750 0.825000 0.439583 0.823437 0.439583 0.820312 0.435417 0.818750 0.435417 0.806250 0.418750 0.806250 0.416667 0.803125 0.412500 0.803125 0.410417 0.801563 0.408333 0.801563 0.406250 0.800000 0.404167 0.800000 0.402083 0.798438 0.400000 0.798438 0.397917 0.796875 0.395833 0.792187 0.395833 0.792187 0.272917 0.796875 0.272917 0.798438 0.270833 0.798438 0.268750 0.800000 0.266667 0.800000 0.262500 0.801563 0.260417 0.801563 0.254167 0.803125 0.252083 0.803125 0.247917 0.806250 0.243750 0.806250 0.241667 0.807812 0.239583 0.807812 0.235417 0.809375 0.233333 0.809375 0.231250 0.817188 0.220833 0.817188 0.218750 0.818750 0.218750 0.825000 0.210417 0.825000 0.208333 0.826562 0.206250 0.826562 0.202083 0.828125 0.200000 0.828125 0.185417 0.829688 0.183333 0.829688 0.179167 0.832813 0.175000 0.832813 0.172917 0.835938 0.168750 0.837500 0.168750 0.840625 0.164583 0.842187 0.164583 0.845313 0.160417 0.845313 0.154167 0.901562 0.154167 0.901562 0.160417 0.903125 0.162500 0.932812 0.162500 0.934375 0.160417 0.934375 0.154167 0.935938 0.154167 0.935938 0.160417 0.937500 0.162500 0.943750 0.162500 0.945312 0.160417 0.945312 0.154167 0.948438 0.154167 0.948438 0.160417 0.950000 0.162500 0.951563 0.162500 0.953125 0.164583 0.954687 0.164583 0.956250 0.162500 0.956250 0.154167
2 0.379687 0.554167 0.379687 0.562500 0.410937 0.604167 0.415625 0.604167 0.415625 0.677083 0.410937 0.677083 0.407812 0.681250 0.407812 0.685417 0.403125 0.691667 0.403125 0.693750 0.401563 0.695833 0.400000 0.695833 0.395312 0.702083 0.393750 0.702083 0.392187 0.704167 0.390625 0.704167 0.389063 0.706250 0.387500 0.706250 0.385938 0.708333 0.384375 0.708333 0.381250 0.712500 0.381250 0.718750 0.348437 0.718750 0.348437 0.712500 0.345312 0.708333 0.343750 0.708333 0.342188 0.706250 0.340625 0.706250 0.339063 0.704167 0.335938 0.704167 0.331250 0.697917 0.329687 0.697917 0.320312 0.685417 0.320312 0.683333 0.315625 0.677083 0.315625 0.675000 0.314062 0.672917 0.314062 0.670833 0.312500 0.668750 0.312500 0.666667 0.309375 0.662500 0.304688 0.662500 0.304688 0.602083 0.309375 0.602083 0.312500 0.597917 0.312500 0.595833 0.314062 0.593750 0.314062 0.591667 0.315625 0.589583 0.315625 0.587500 0.320312 0.581250 0.320312 0.579167 0.321875 0.577083 0.323438 0.577083 0.328125 0.570833 0.329687 0.570833 0.332812 0.566667 0.334375 0.566667 0.335938 0.564583 0.337500 0.564583 0.339063 0.562500 0.340625 0.562500 0.342188 0.560417 0.342188 0.554167
2 0.870312 0.554167 0.870312 0.560417 0.871875 0.562500 0.873437 0.562500 0.875000 0.564583 0.878125 0.564583 0.879688 0.566667 0.881250 0.566667 0.882812 0.568750 0.884375 0.568750 0.885937 0.570833 0.887500 0.570833 0.889063 0.572917 0.890625 0.572917 0.892187 0.575000 0.895313 0.575000 0.896875 0.577083 0.898438 0.577083 0.900000 0.579167 0.901562 0.579167 0.903125 0.581250 0.904688 0.581250 0.907812 0.585417 0.909375 0.585417 0.910938 0.587500 0.912500 0.587500 0.917187 0.593750 0.917187 0.595833 0.918750 0.597917 0.918750 0.600000 0.920313 0.602083 0.920313 0.606250 0.921875 0.608333 0.921875 0.612500 0.923437 0.614583 0.923437 0.620833 0.925000 0.622917 0.925000 0.627083 0.926563 0.629167 0.926563 0.635417 0.928125 0.637500 0.928125 0.639583 0.929688 0.641667 0.934375 0.641667 0.934375 0.704167 0.929688 0.704167 0.928125 0.706250 0.928125 0.712500 0.926563 0.714583 0.926563 0.722917 0.925000 0.725000 0.925000 0.731250 0.923437 0.733333 0.923437 0.737500 0.921875 0.739583 0.921875 0.743750 0.920313 0.745833 0.920313 0.747917 0.918750 0.750000 0.918750 0.754167 0.917187 0.756250 0.917187 0.758333 0.915625 0.760417 0.915625 0.764583 0.914062 0.766667 0.914062 0.768750 0.912500 0.770833 0.912500 0.775000 0.910938 0.777083 0.910938 0.779167 0.909375 0.781250 0.909375 0.785417 0.907812 0.787500 0.907812 0.791667 0.906250 0.793750 0.906250 0.795833 0.904688 0.797917 0.904688 0.802083 0.903125 0.804167 0.903125 0.806250 0.901562 0.808333 0.901562 0.810417 0.900000 0.812500 0.900000 0.814583 0.896875 0.818750 0.896875 0.820833 0.890625 0.829167 0.889063 0.829167 0.887500 0.831250 0.885937 0.831250 0.884375 0.833333 0.882812 0.833333 0.879688 0.837500 0.879688 0.843750 0.839062 0.843750 0.839062 0.837500 0.834375 0.831250 0.831250 0.831250 0.829688 0.829167 0.828125 0.829167 0.826562 0.827083 0.825000 0.827083 0.823437 0.825000 0.821875 0.825000 0.807812 0.806250 0.807812 0.804167 0.803125 0.797917 0.803125 0.795833 0.801563 0.793750 0.801563 0.791667 0.800000 0.789583 0.800000 0.787500 0.796875 0.783333 0.792187 0.783333 0.792187 0.735417 0.796875 0.735417 0.798438 0.733333 0.798438 0.731250 0.800000 0.729167 0.800000 0.716667 0.801563 0.714583 0.801563 0.700000 0.803125 0.697917 0.803125 0.691667 0.804688 0.689583 0.804688 0.683333 0.806250 0.681250 0.806250 0.670833 0.807812 0.668750 0.807812 0.647917 0.809375 0.645833 0.809375 0.633333 0.810937 0.631250 0.810937 0.627083 0.812500 0.625000 0.812500 0.608333 0.814063 0.606250 0.814063 0.595833 0.815625 0.593750 0.815625 0.591667 0.817188 0.589583 0.817188 0.587500 0.818750 0.585417 0.818750 0.583333 0.820312 0.581250 0.820312 0.579167 0.829688 0.566667 0.832813 0.566667 0.834375 0.564583 0.837500 0.564583 0.839062 0.562500 0.840625 0.562500 0.842187 0.560417 0.842187 0.554167