0 0.568901 0.365625 0.568901 0.370312 0.566821 0.371875 0.564741 0.371875 0.562661 0.373437 0.560581 0.373437 0.558501 0.375000 0.556421 0.375000 0.552261 0.378125 0.550181 0.378125 0.546021 0.381250 0.543940 0.381250 0.541860 0.382812 0.539780 0.382812 0.527300 0.392187 0.527300 0.393750 0.523140 0.396875 0.523140 0.398438 0.518979 0.401562 0.512739 0.401562 0.512739 0.443750 0.518979 0.443750 0.523140 0.446875 0.523140 0.448437 0.529380 0.453125 0.529380 0.454687 0.543940 0.465625 0.546021 0.465625 0.550181 0.468750 0.552261 0.468750 0.556421 0.471875 0.556421 0.476562 0.610503 0.476562 0.610503 0.471875 0.614663 0.468750 0.618823 0.468750 0.625063 0.464062 0.627144 0.464062 0.635464 0.457812 0.635464 0.456250 0.641704 0.451562 0.641704 0.450000 0.645864 0.446875 0.645864 0.445312 0.647944 0.443750 0.647944 0.442187 0.650024 0.440625 0.650024 0.437500 0.652104 0.435937 0.652104 0.434375 0.654185 0.432812 0.660425 0.432812 0.660425 0.412500 0.654185 0.412500 0.650024 0.409375 0.650024 0.406250 0.645864 0.403125 0.645864 0.400000 0.643784 0.398438 0.643784 0.396875 0.637544 0.392187 0.637544 0.390625 0.618823 0.376562 0.618823 0.375000 0.616743 0.375000 0.614663 0.373437 0.610503 0.373437 0.606343 0.370312 0.606343 0.365625
0 0.335933 0.365625 0.335933 0.370312 0.333853 0.371875 0.331772 0.371875 0.329692 0.373437 0.325532 0.373437 0.323452 0.375000 0.321372 0.375000 0.319292 0.376562 0.317212 0.376562 0.313052 0.379687 0.310972 0.379687 0.306812 0.382812 0.304731 0.382812 0.294331 0.390625 0.288091 0.390625 0.288091 0.435937 0.294331 0.435937 0.300571 0.440625 0.300571 0.442187 0.310972 0.450000 0.310972 0.451562 0.313052 0.451562 0.317212 0.454687 0.319292 0.454687 0.321372 0.456250 0.323452 0.456250 0.325532 0.457812 0.327612 0.457812 0.329692 0.459375 0.329692 0.464062 0.381694 0.464062 0.381694 0.459375 0.385854 0.456250 0.387935 0.456250 0.390015 0.454687 0.392095 0.454687 0.406655 0.443750 0.406655 0.442187 0.408735 0.440625 0.408735 0.439062 0.412896 0.435937 0.419136 0.435937 0.419136 0.392187 0.412896 0.392187 0.392095 0.376562 0.390015 0.376562 0.385854 0.373437 0.383774 0.373437 0.379614 0.370312 0.379614 0.365625
1 0.444097 0.415625 0.444097 0.420312 0.439936 0.423437 0.437856 0.423437 0.435776 0.425000 0.433696 0.425000 0.431616 0.426562 0.431616 0.428125 0.429536 0.429688 0.427456 0.429688 0.423296 0.432812 0.423296 0.434375 0.414976 0.440625 0.414976 0.442187 0.412896 0.443750 0.412896 0.445312 0.410815 0.446875 0.404575 0.446875 0.404575 0.481250 0.410815 0.481250 0.414976 0.484375 0.417056 0.484375 0.427456 0.492188 0.427456 0.493750 0.439936 0.503125 0.439936 0.507812 0.481538 0.507812 0.481538 0.501562 0.494019 0.492188 0.496099 0.492188 0.498179 0.490625 0.500259 0.490625 0.502339 0.489062 0.504419 0.489062 0.504419 0.487500 0.506499 0.485937 0.508579 0.485937 0.510659 0.484375 0.518979 0.484375 0.518979 0.467187 0.512739 0.467187 0.510659 0.465625 0.510659 0.462500 0.508579 0.460938 0.508579 0.448437 0.510659 0.446875 0.510659 0.443750 0.512739 0.442187 0.518979 0.442187 0.518979 0.437500 0.512739 0.437500 0.508579 0.434375 0.508579 0.432812 0.506499 0.431250 0.506499 0.429688 0.502339 0.426562 0.502339 0.425000 0.500259 0.423437 0.500259 0.421875 0.498179 0.420312 0.498179 0.415625
1 0.506499 0.278125 0.506499 0.284375 0.504419 0.285937 0.502339 0.285937 0.500259 0.287500 0.500259 0.289062 0.496099 0.292187 0.496099 0.293750 0.494019 0.295312 0.494019 0.296875 0.491938 0.298437 0.491938 0.301562 0.489858 0.303125 0.489858 0.304688 0.485698 0.307813 0.479458 0.307813 0.479458 0.348437 0.485698 0.348437 0.487778 0.350000 0.487778 0.351562 0.489858 0.353125 0.491938 0.353125 0.498179 0.357812 0.498179 0.359375 0.512739 0.370312 0.512739 0.376562 0.570981 0.376562 0.570981 0.371875 0.575142 0.368750 0.581382 0.368750 0.583462 0.367188 0.587622 0.367188 0.589702 0.365625 0.591782 0.365625 0.593862 0.364062 0.595942 0.364062 0.604263 0.357812 0.604263 0.356250 0.612583 0.350000 0.612583 0.348437 0.614663 0.346875 0.614663 0.345312 0.616743 0.343750 0.616743 0.342187 0.620903 0.339062 0.627144 0.339062 0.627144 0.331250 0.620903 0.331250 0.618823 0.329687 0.618823 0.318750 0.616743 0.317187 0.616743 0.314062 0.591782 0.295312 0.591782 0.293750 0.589702 0.292187 0.587622 0.292187 0.583462 0.289062 0.583462 0.287500 0.577222 0.282812 0.577222 0.278125
2 0.329692 0.465625 0.329692 0.471875 0.327612 0.473437 0.325532 0.473437 0.321372 0.476562 0.319292 0.476562 0.313052 0.481250 0.313052 0.482812 0.308892 0.485937 0.308892 0.487500 0.302651 0.492188 0.296411 0.492188 0.296411 0.537500 0.302651 0.537500 0.308892 0.542187 0.308892 0.543750 0.325532 0.556250 0.327612 0.556250 0.331772 0.559375 0.335933 0.559375 0.338013 0.560937 0.340093 0.560937 0.342173 0.562500 0.346333 0.562500 0.350493 0.565625 0.350493 0.570312 0.390015 0.570312 0.390015 0.565625 0.394175 0.562500 0.396255 0.562500 0.398335 0.560937 0.400415 0.560937 0.402495 0.559375 0.406655 0.559375 0.412896 0.554687 0.414976 0.554687 0.421216 0.550000 0.421216 0.548437 0.425376 0.545312 0.425376 0.543750 0.427456 0.542187 0.435776 0.542187 0.435776 0.496875 0.429536 0.496875 0.419136 0.489062 0.419136 0.487500 0.414976 0.484375 0.412896 0.484375 0.400415 0.475000 0.398335 0.475000 0.396255 0.473437 0.394175 0.473437 0.390015 0.470312 0.390015 0.465625
2 0.248569 0.284375 0.248569 0.289062 0.242329 0.293750 0.240249 0.293750 0.234009 0.298437 0.231929 0.298437 0.227769 0.301562 0.225688 0.301562 0.225688 0.303125 0.211128 0.314062 0.204888 0.314062 0.204888 0.362500 0.211128 0.362500 0.217368 0.367188 0.217368 0.368750 0.238169 0.384375 0.240249 0.384375 0.242329 0.385937 0.244409 0.385937 0.246489 0.387500 0.248569 0.387500 0.252729 0.390625 0.252729 0.395312 0.290171 0.395312 0.290171 0.390625 0.298491 0.384375 0.300571 0.384375 0.310972 0.376562 0.313052 0.376562 0.315132 0.375000 0.317212 0.375000 0.329692 0.365625 0.329692 0.364062 0.333853 0.360937 0.333853 0.359375 0.335933 0.357812 0.344253 0.357812 0.344253 0.321875 0.338013 0.321875 0.333853 0.318750 0.333853 0.317187 0.331772 0.315625 0.331772 0.314062 0.327612 0.310937 0.327612 0.309375 0.323452 0.306250 0.323452 0.304688 0.313052 0.296875 0.310972 0.296875 0.306812 0.293750 0.304731 0.293750 0.302651 0.292187 0.300571 0.292187 0.296411 0.289062 0.296411 0.284375
2 0.514819 0.478125 0.514819 0.482812 0.510659 0.485937 0.508579 0.485937 0.506499 0.487500 0.504419 0.487500 0.500259 0.490625 0.498179 0.490625 0.494019 0.493750 0.491938 0.493750 0.477378 0.504687 0.475298 0.504687 0.473218 0.506250 0.473218 0.507812 0.471138 0.509375 0.462817 0.509375 0.462817 0.554687 0.469058 0.554687 0.473218 0.557812 0.473218 0.559375 0.477378 0.562500 0.477378 0.564062 0.483618 0.568750 0.483618 0.570312 0.500259 0.582812 0.502339 0.582812 0.506499 0.585937 0.508579 0.585937 0.510659 0.587500 0.514819 0.587500 0.516899 0.589062 0.516899 0.595312 0.558501 0.595312 0.558501 0.590625 0.562661 0.587500 0.564741 0.587500 0.566821 0.585937 0.568901 0.585937 0.570981 0.584375 0.573062 0.584375 0.575142 0.582812 0.577222 0.582812 0.591782 0.571875 0.591782 0.570312 0.593862 0.568750 0.602183 0.568750 0.602183 0.510937 0.595942 0.510937 0.589702 0.506250 0.589702 0.504687 0.587622 0.503125 0.587622 0.501562 0.570981 0.489062 0.568901 0.489062 0.566821 0.487500 0.564741 0.487500 0.562661 0.485937 0.558501 0.485937 0.554341 0.482812 0.554341 0.478125
2 0.404575 0.290625 0.404575 0.295312 0.400415 0.298437 0.398335 0.298437 0.396255 0.300000 0.394175 0.300000 0.375454 0.314062 0.375454 0.315625 0.373374 0.317187 0.373374 0.318750 0.369214 0.321875 0.362974 0.321875 0.362974 0.357812 0.369214 0.357812 0.373374 0.360937 0.373374 0.362500 0.383774 0.370312 0.385854 0.370312 0.394175 0.376562 0.396255 0.376562 0.404575 0.382812 0.406655 0.382812 0.417056 0.390625 0.417056 0.395312 0.454497 0.395312 0.454497 0.390625 0.460737 0.385937 0.462817 0.385937 0.464897 0.384375 0.466978 0.384375 0.487778 0.368750 0.494019 0.368750 0.494019 0.332812 0.487778 0.332812 0.485698 0.331250 0.485698 0.328125 0.483618 0.326562 0.483618 0.315625 0.481538 0.314062 0.481538 0.312500 0.479458 0.310937 0.479458 0.309375 0.473218 0.304688 0.473218 0.303125 0.471138 0.301562 0.469058 0.301562 0.464897 0.298437 0.462817 0.298437 0.458657 0.295312 0.458657 0.290625
2 0.283931 0.065625 0.283931 0.070312 0.281851 0.071875 0.279770 0.071875 0.277690 0.073437 0.269370 0.073437 0.267290 0.075000 0.261050 0.075000 0.258970 0.076562 0.256890 0.076562 0.254810 0.078125 0.252729 0.078125 0.250649 0.079687 0.246489 0.079687 0.244409 0.081250 0.242329 0.081250 0.238169 0.084375 0.236089 0.084375 0.234009 0.085938 0.231929 0.085938 0.227769 0.089062 0.225688 0.089062 0.221528 0.092187 0.219448 0.092187 0.217368 0.093750 0.215288 0.093750 0.211128 0.096875 0.209048 0.096875 0.204888 0.100000 0.202808 0.100000 0.190327 0.109375 0.190327 0.110937 0.188247 0.112500 0.186167 0.112500 0.184087 0.114062 0.184087 0.115625 0.182007 0.117188 0.182007 0.118750 0.177847 0.121875 0.171606 0.121875 0.171606 0.151562 0.177847 0.151562 0.182007 0.154687 0.182007 0.156250 0.184087 0.157812 0.184087 0.159375 0.190327 0.164062 0.190327 0.165625 0.202808 0.175000 0.204888 0.175000 0.211128 0.179688 0.213208 0.179688 0.215288 0.181250 0.217368 0.181250 0.221528 0.184375 0.221528 0.189062 0.258970 0.189062 0.258970 0.184375 0.261050 0.182812 0.263130 0.182812 0.265210 0.181250 0.271450 0.181250 0.273530 0.179688 0.279770 0.179688 0.281851 0.178125 0.286011 0.178125 0.288091 0.176562 0.292251 0.176562 0.294331 0.175000 0.300571 0.175000 0.302651 0.173437 0.308892 0.173437 0.310972 0.171875 0.317212 0.171875 0.319292 0.170312 0.323452 0.170312 0.325532 0.168750 0.331772 0.168750 0.333853 0.167187 0.342173 0.167187 0.344253 0.165625 0.350493 0.165625 0.352573 0.164062 0.356733 0.164062 0.358813 0.162500 0.365054 0.162500 0.367134 0.160937 0.373374 0.160937 0.375454 0.159375 0.379614 0.159375 0.385854 0.154687 0.387935 0.154687 0.394175 0.150000 0.394175 0.148437 0.398335 0.145312 0.398335 0.142187 0.400415 0.140625 0.400415 0.137500 0.404575 0.134375 0.410815 0.134375 0.410815 0.112500 0.402495 0.112500 0.400415 0.110937 0.400415 0.109375 0.398335 0.107812 0.398335 0.106250 0.396255 0.104687 0.396255 0.101562 0.390015 0.096875 0.390015 0.095312 0.387935 0.093750 0.387935 0.092187 0.383774 0.089062 0.383774 0.087500 0.379614 0.084375 0.379614 0.082812 0.371294 0.076562 0.369214 0.076562 0.367134 0.075000 0.365054 0.075000 0.362974 0.073437 0.356733 0.073437 0.354653 0.071875 0.352573 0.071875 0.350493 0.070312 0.350493 0.065625
1 0.479458 0.590625 0.475298 0.587500 0.473218 0.587500 0.462817 0.579687 0.460737 0.579687 0.458657 0.578125 0.454497 0.578125 0.452417 0.576562 0.412896 0.576562 0.410815 0.575000 0.408735 0.576562 0.402495 0.576562 0.400415 0.575000 0.394175 0.575000 0.392095 0.576562 0.377534 0.576562 0.375454 0.578125 0.369214 0.578125 0.369214 0.584375 0.362974 0.589062 0.352573 0.589062 0.350493 0.587500 0.344253 0.587500 0.344253 0.589062 0.342173 0.590625 0.342173 0.593750 0.340093 0.595312 0.340093 0.596875 0.338013 0.598437 0.333853 0.598437 0.331772 0.600000 0.321372 0.600000 0.321372 0.739062 0.392095 0.739062 0.392095 0.731250 0.390015 0.729687 0.390015 0.726562 0.387935 0.725000 0.387935 0.706250 0.390015 0.704687 0.390015 0.698437 0.392095 0.696875 0.392095 0.695312 0.398335 0.690625 0.400415 0.690625 0.402495 0.689062 0.406655 0.692187 0.406655 0.693750 0.412896 0.698437 0.412896 0.700000 0.414976 0.701562 0.414976 0.703125 0.423296 0.709375 0.423296 0.710938 0.433696 0.718750 0.435776 0.718750 0.442017 0.723437 0.444097 0.723437 0.446177 0.725000 0.448257 0.725000 0.450337 0.726562 0.452417 0.726562 0.454497 0.728125 0.458657 0.728125 0.460737 0.729687 0.469058 0.729687 0.471138 0.731250 0.483618 0.731250 0.485698 0.729687 0.498179 0.729687 0.500259 0.728125 0.504419 0.728125 0.508579 0.725000 0.510659 0.725000 0.521060 0.717187 0.523140 0.717187 0.525220 0.715625 0.525220 0.714062 0.531460 0.709375 0.531460 0.707812 0.537700 0.703125 0.543940 0.703125 0.543940 0.653125 0.537700 0.653125 0.531460 0.648438 0.531460 0.646875 0.521060 0.639062 0.521060 0.637500 0.518979 0.637500 0.512739 0.632812 0.512739 0.631250 0.508579 0.628125 0.508579 0.626562 0.504419 0.623438 0.504419 0.621875 0.502339 0.620312 0.502339 0.617188 0.500259 0.615625 0.500259 0.610937 0.498179 0.609375 0.498179 0.607813 0.496099 0.606250 0.496099 0.604687 0.479458 0.592187 0.479458 0.590625 0.543940 0.559375 0.543940 0.573437 0.537700 0.573437 0.535620 0.571875 0.387935 0.559375 0.352573 0.559375 0.352573 0.565625 0.375454 0.565625 0.377534 0.564062 0.379614 0.564062 0.381694 0.565625 0.387935 0.565625 0.387935 0.559375 0.535620 0.571875 0.531460 0.571875 0.527300 0.568750 0.527300 0.567187 0.523140 0.564062 0.523140 0.559375 0.543940 0.559375
2 0.662505 0.303125 0.662505 0.307813 0.660425 0.309375 0.658345 0.309375 0.656265 0.310937 0.654185 0.310937 0.652104 0.312500 0.650024 0.312500 0.647944 0.314062 0.645864 0.314062 0.637544 0.320312 0.635464 0.320312 0.635464 0.321875 0.629224 0.326562 0.629224 0.328125 0.627144 0.329687 0.627144 0.331250 0.625063 0.332812 0.625063 0.334375 0.622983 0.335938 0.622983 0.337500 0.620903 0.339062 0.612583 0.339062 0.612583 0.375000 0.618823 0.375000 0.622983 0.378125 0.625063 0.378125 0.627144 0.379687 0.627144 0.381250 0.631304 0.384375 0.633384 0.384375 0.635464 0.385937 0.635464 0.387500 0.645864 0.395312 0.645864 0.401562 0.708267 0.401562 0.708267 0.395312 0.710347 0.393750 0.712427 0.393750 0.714507 0.392187 0.716587 0.392187 0.729067 0.382812 0.729067 0.381250 0.731147 0.379687 0.731147 0.378125 0.737388 0.373437 0.743628 0.373437 0.743628 0.332812 0.737388 0.332812 0.731147 0.328125 0.731147 0.326562 0.712427 0.312500 0.710347 0.312500 0.708267 0.310937 0.706186 0.310937 0.702026 0.307813 0.702026 0.303125
1 0.726987 0.000000 0.726987 0.001562 0.731147 0.004687 0.731147 0.006250 0.733227 0.007812 0.733227 0.029687 0.731147 0.031250 0.729067 0.031250 0.726987 0.029687 0.726987 0.028125 0.724907 0.026562 0.724907 0.015625 0.720747 0.012500 0.712427 0.012500 0.712427 0.117188 0.731147 0.117188 0.733227 0.115625 0.735308 0.115625 0.739468 0.112500 0.739468 0.110937 0.741548 0.109375 0.741548 0.106250 0.745708 0.103125 0.751948 0.103125 0.758188 0.107812 0.758188 0.109375 0.760269 0.110937 0.760269 0.115625 0.762349 0.117188 0.762349 0.123437 0.760269 0.125000 0.760269 0.131250 0.762349 0.132812 0.762349 0.134375 0.764429 0.135937 0.764429 0.137500 0.768589 0.140625 0.778989 0.140625 0.781069 0.142187 0.797710 0.142187 0.799790 0.143750 0.818511 0.143750 0.820591 0.142187 0.822671 0.142187 0.824751 0.140625 0.826831 0.140625 0.828911 0.139062 0.830991 0.139062 0.835151 0.135937 0.837231 0.135937 0.839311 0.134375 0.841392 0.134375 0.843472 0.132812 0.845552 0.132812 0.853872 0.126562 0.853872 0.125000 0.858032 0.121875 0.860112 0.121875 0.866352 0.117188 0.868433 0.117188 0.870513 0.115625 0.872593 0.115625 0.874673 0.114062 0.876753 0.114062 0.880913 0.110937 0.882993 0.110937 0.885073 0.109375 0.887153 0.109375 0.899634 0.100000 0.901714 0.100000 0.903794 0.098437 0.903794 0.096875 0.907954 0.093750 0.910034 0.093750 0.912114 0.092187 0.918354 0.092187 0.918354 0.073437 0.912114 0.073437 0.907954 0.070312 0.907954 0.056250 0.912114 0.053125 0.918354 0.053125 0.918354 0.032812 0.912114 0.032812 0.910034 0.031250 0.910034 0.029687 0.907954 0.028125 0.907954 0.023438 0.905874 0.021875 0.905874 0.020312 0.903794 0.018750 0.901714 0.018750 0.899634 0.017187 0.897554 0.017187 0.895474 0.015625 0.893394 0.015625 0.887153 0.010937 0.887153 0.007812 0.885073 0.006250 0.885073 0.004687 0.882993 0.003125 0.882993 0.000000
1 0.897554 0.103125 0.897554 0.107812 0.893394 0.110937 0.891313 0.110937 0.882993 0.117188 0.880913 0.117188 0.870513 0.125000 0.868433 0.125000 0.866352 0.126562 0.866352 0.128125 0.858032 0.134375 0.855952 0.134375 0.851792 0.137500 0.845552 0.137500 0.845552 0.276562 0.874673 0.276562 0.874673 0.259375 0.876753 0.257812 0.876753 0.250000 0.874673 0.248437 0.874673 0.243750 0.872593 0.242188 0.870513 0.242188 0.868433 0.240625 0.868433 0.239062 0.866352 0.237500 0.866352 0.232812 0.864272 0.231250 0.864272 0.225000 0.868433 0.221875 0.876753 0.221875 0.878833 0.223437 0.880913 0.223437 0.882993 0.225000 0.889233 0.225000 0.893394 0.221875 0.895474 0.221875 0.899634 0.218750 0.899634 0.217187 0.903794 0.214062 0.907954 0.217187 0.910034 0.217187 0.924595 0.228125 0.924595 0.229687 0.928755 0.232812 0.928755 0.234375 0.939155 0.242188 0.939155 0.243750 0.943315 0.246875 0.945395 0.246875 0.957876 0.256250 0.959956 0.256250 0.966196 0.260937 0.968276 0.260937 0.974517 0.265625 0.976597 0.265625 0.980757 0.268750 0.982837 0.268750 0.986997 0.271875 0.986997 0.276562 1.000000 0.276562 1.000000 0.103125
1 0.464897 0.000000 0.464897 0.004687 0.466978 0.006250 0.466978 0.007812 0.473218 0.012500 0.475298 0.012500 0.481538 0.017187 0.483618 0.017187 0.485698 0.018750 0.487778 0.018750 0.491938 0.021875 0.494019 0.021875 0.496099 0.023438 0.502339 0.023438 0.504419 0.025000 0.510659 0.025000 0.512739 0.026562 0.500259 0.035937 0.498179 0.035937 0.487778 0.043750 0.485698 0.043750 0.485698 0.045312 0.479458 0.050000 0.477378 0.050000 0.469058 0.056250 0.466978 0.056250 0.462817 0.059375 0.462817 0.060937 0.458657 0.064062 0.458657 0.067187 0.456577 0.068750 0.456577 0.076562 0.454497 0.078125 0.454497 0.079687 0.452417 0.081250 0.446177 0.081250 0.446177 0.114062 0.452417 0.114062 0.460737 0.120312 0.460737 0.121875 0.462817 0.123437 0.464897 0.123437 0.475298 0.131250 0.485698 0.131250 0.487778 0.132812 0.489858 0.132812 0.491938 0.134375 0.494019 0.134375 0.506499 0.143750 0.508579 0.143750 0.514819 0.148437 0.516899 0.148437 0.518979 0.150000 0.521060 0.150000 0.523140 0.151562 0.525220 0.151562 0.527300 0.153125 0.529380 0.153125 0.531460 0.154687 0.537700 0.154687 0.539780 0.156250 0.543940 0.156250 0.546021 0.157812 0.550181 0.157812 0.552261 0.159375 0.552261 0.164062 0.591782 0.164062 0.591782 0.159375 0.593862 0.157812 0.595942 0.157812 0.598022 0.156250 0.606343 0.156250 0.608423 0.154687 0.618823 0.154687 0.620903 0.153125 0.627144 0.153125 0.629224 0.151562 0.635464 0.151562 0.637544 0.150000 0.641704 0.150000 0.643784 0.148437 0.647944 0.148437 0.650024 0.146875 0.654185 0.146875 0.656265 0.145312 0.658345 0.145312 0.660425 0.143750 0.662505 0.143750 0.664585 0.142187 0.666665 0.142187 0.668745 0.140625 0.670825 0.140625 0.674985 0.137500 0.677065 0.137500 0.679145 0.135937 0.681226 0.135937 0.695786 0.125000 0.697866 0.125000 0.702026 0.121875 0.704106 0.121875 0.708267 0.118750 0.720747 0.118750 0.722827 0.117188 0.729067 0.117188 0.731147 0.115625 0.735308 0.115625 0.739468 0.112500 0.739468 0.110937 0.741548 0.109375 0.741548 0.107812 0.743628 0.106250 0.743628 0.104687 0.745708 0.103125 0.751948 0.103125 0.751948 0.075000 0.745708 0.075000 0.743628 0.073437 0.743628 0.071875 0.741548 0.070312 0.741548 0.065625 0.739468 0.064062 0.739468 0.059375 0.737388 0.057812 0.737388 0.054688 0.735308 0.053125 0.735308 0.050000 0.733227 0.048437 0.733227 0.043750 0.731147 0.042187 0.731147 0.039062 0.729067 0.037500 0.729067 0.035937 0.726987 0.034375 0.726987 0.031250 0.724907 0.029687 0.724907 0.023438 0.722827 0.021875 0.722827 0.018750 0.720747 0.017187 0.720747 0.014062 0.718667 0.012500 0.718667 0.010937 0.716587 0.009375 0.716587 0.004687 0.714507 0.003125 0.714507 0.000000 0.604263 0.000000 0.604263 0.003125 0.606343 0.004687 0.606343 0.015625 0.604263 0.017187 0.600103 0.014062 0.600103 0.010937 0.598022 0.009375 0.598022 0.006250 0.600103 0.004687 0.600103 0.000000
1 0.662505 0.303125 0.662505 0.307813 0.658345 0.310937 0.654185 0.310937 0.652104 0.312500 0.650024 0.312500 0.647944 0.314062 0.645864 0.314062 0.637544 0.320312 0.635464 0.320312 0.635464 0.321875 0.629224 0.326562 0.629224 0.328125 0.627144 0.329687 0.627144 0.331250 0.625063 0.332812 0.625063 0.334375 0.618823 0.339062 0.612583 0.339062 0.612583 0.375000 0.618823 0.375000 0.622983 0.378125 0.625063 0.378125 0.627144 0.379687 0.627144 0.381250 0.645864 0.395312 0.645864 0.401562 0.708267 0.401562 0.708267 0.395312 0.710347 0.393750 0.712427 0.393750 0.714507 0.392187 0.716587 0.392187 0.729067 0.382812 0.729067 0.381250 0.731147 0.379687 0.731147 0.378125 0.737388 0.373437 0.743628 0.373437 0.743628 0.332812 0.737388 0.332812 0.731147 0.328125 0.731147 0.326562 0.712427 0.312500 0.710347 0.312500 0.708267 0.310937 0.706186 0.310937 0.702026 0.307813 0.702026 0.303125