0 0.483101 0.490625 0.483101 0.495312 0.485181 0.496875 0.487261 0.496875 0.491421 0.500000 0.493501 0.500000 0.497661 0.503125 0.499741 0.503125 0.508062 0.509375 0.508062 0.510937 0.516382 0.517187 0.516382 0.518750 0.518462 0.520312 0.518462 0.523437 0.522622 0.526562 0.528862 0.526562 0.528862 0.568750 0.520542 0.568750 0.518462 0.570312 0.518462 0.573437 0.516382 0.575000 0.516382 0.576562 0.512222 0.579687 0.512222 0.581250 0.510142 0.582812 0.510142 0.584375 0.508062 0.585937 0.508062 0.587500 0.503901 0.590625 0.503901 0.592187 0.499741 0.595312 0.499741 0.601562 0.416538 0.601562 0.416538 0.596875 0.412378 0.593750 0.410298 0.593750 0.397817 0.584375 0.397817 0.582812 0.391577 0.578125 0.391577 0.576562 0.387417 0.573437 0.381177 0.573437 0.381177 0.520312 0.387417 0.520312 0.393657 0.515625 0.393657 0.514062 0.406138 0.504687 0.408218 0.504687 0.412378 0.501562 0.414458 0.501562 0.416538 0.500000 0.418618 0.500000 0.420698 0.498437 0.422778 0.498437 0.426938 0.495312 0.426938 0.490625
0 0.639106 0.296875 0.639106 0.301562 0.643267 0.304688 0.645347 0.304688 0.647427 0.306250 0.649507 0.306250 0.657827 0.312500 0.659907 0.312500 0.672388 0.321875 0.672388 0.323437 0.674468 0.325000 0.674468 0.326562 0.676548 0.328125 0.676548 0.329687 0.678628 0.331250 0.686948 0.331250 0.686948 0.367188 0.680708 0.367188 0.676548 0.370312 0.676548 0.371875 0.674468 0.373437 0.674468 0.375000 0.672388 0.376562 0.672388 0.378125 0.666147 0.382812 0.666147 0.384375 0.659907 0.389062 0.657827 0.389062 0.653667 0.392187 0.651587 0.392187 0.645347 0.396875 0.645347 0.401562 0.576704 0.401562 0.576704 0.395312 0.574624 0.393750 0.572544 0.393750 0.568384 0.390625 0.566304 0.390625 0.557983 0.384375 0.557983 0.382812 0.551743 0.378125 0.551743 0.376562 0.549663 0.375000 0.549663 0.371875 0.545503 0.368750 0.539263 0.368750 0.539263 0.332812 0.545503 0.332812 0.549663 0.329687 0.549663 0.326562 0.553823 0.323437 0.553823 0.321875 0.557983 0.318750 0.557983 0.317187 0.570464 0.307813 0.572544 0.307813 0.574624 0.306250 0.576704 0.306250 0.578784 0.304688 0.580864 0.304688 0.582944 0.303125 0.582944 0.296875
1 0.647427 0.428125 0.647427 0.432812 0.651587 0.435937 0.653667 0.435937 0.655747 0.437500 0.657827 0.437500 0.664067 0.442187 0.666147 0.442187 0.668228 0.443750 0.670308 0.443750 0.674468 0.446875 0.674468 0.448437 0.680708 0.453125 0.680708 0.454687 0.684868 0.457812 0.684868 0.459375 0.686948 0.460938 0.695269 0.460938 0.695269 0.506250 0.686948 0.506250 0.684868 0.507812 0.684868 0.509375 0.680708 0.512500 0.680708 0.514062 0.674468 0.518750 0.674468 0.520312 0.666147 0.526562 0.664067 0.526562 0.659907 0.529687 0.655747 0.529687 0.653667 0.531250 0.651587 0.531250 0.647427 0.534375 0.647427 0.539062 0.597505 0.539062 0.597505 0.534375 0.593345 0.531250 0.591265 0.531250 0.589185 0.529687 0.587104 0.529687 0.582944 0.526562 0.580864 0.526562 0.572544 0.520312 0.572544 0.518750 0.570464 0.517187 0.570464 0.515625 0.568384 0.514062 0.568384 0.512500 0.566304 0.510937 0.566304 0.509375 0.564224 0.507812 0.555903 0.507812 0.555903 0.462500 0.562144 0.462500 0.566304 0.459375 0.566304 0.457812 0.570464 0.454687 0.570464 0.453125 0.576704 0.448437 0.576704 0.446875 0.587104 0.439062 0.589185 0.439062 0.591265 0.437500 0.593345 0.437500 0.595425 0.435937 0.597505 0.435937 0.601665 0.432812 0.601665 0.428125
0 0.745190 0.515625 0.745190 0.520312 0.749351 0.523437 0.751431 0.523437 0.753511 0.525000 0.755591 0.525000 0.759751 0.528125 0.761831 0.528125 0.768071 0.532812 0.770151 0.532812 0.776392 0.537500 0.776392 0.539062 0.782632 0.543750 0.782632 0.545312 0.784712 0.546875 0.784712 0.548437 0.788872 0.551562 0.795112 0.551562 0.795112 0.601562 0.786792 0.601562 0.784712 0.603125 0.784712 0.604687 0.782632 0.606250 0.782632 0.607813 0.774312 0.614062 0.774312 0.615625 0.772231 0.615625 0.763911 0.621875 0.761831 0.621875 0.759751 0.623438 0.757671 0.623438 0.755591 0.625000 0.753511 0.625000 0.749351 0.628125 0.749351 0.632812 0.686948 0.632812 0.686948 0.626562 0.684868 0.625000 0.682788 0.625000 0.680708 0.623438 0.678628 0.623438 0.676548 0.621875 0.674468 0.621875 0.670308 0.618750 0.668228 0.618750 0.655747 0.609375 0.655747 0.607813 0.653667 0.606250 0.653667 0.604687 0.651587 0.603125 0.651587 0.601562 0.649507 0.600000 0.649507 0.598437 0.645347 0.595312 0.639106 0.595312 0.639106 0.554687 0.645347 0.554687 0.649507 0.551562 0.649507 0.550000 0.651587 0.548437 0.651587 0.546875 0.653667 0.545312 0.653667 0.543750 0.657827 0.540625 0.657827 0.539062 0.670308 0.529687 0.672388 0.529687 0.676548 0.526562 0.678628 0.526562 0.682788 0.523437 0.684868 0.523437 0.689028 0.520312 0.689028 0.515625
1 0.478940 0.609375 0.478940 0.615625 0.481021 0.617188 0.483101 0.617188 0.499741 0.629687 0.499741 0.631250 0.512222 0.640625 0.512222 0.642187 0.518462 0.646875 0.518462 0.648438 0.520542 0.650000 0.528862 0.650000 0.528862 0.695312 0.520542 0.695312 0.516382 0.698437 0.516382 0.700000 0.503901 0.709375 0.501821 0.709375 0.495581 0.714062 0.493501 0.714062 0.489341 0.717187 0.489341 0.718750 0.485181 0.721875 0.485181 0.726562 0.426938 0.726562 0.426938 0.721875 0.424858 0.720312 0.422778 0.720312 0.420698 0.718750 0.416538 0.718750 0.414458 0.717187 0.410298 0.717187 0.406138 0.714062 0.404058 0.714062 0.399897 0.710938 0.397817 0.710938 0.383257 0.700000 0.383257 0.698437 0.379097 0.695312 0.379097 0.693750 0.374937 0.690625 0.374937 0.687500 0.370776 0.684375 0.364536 0.684375 0.364536 0.645312 0.370776 0.645312 0.372856 0.643750 0.372856 0.642187 0.374937 0.640625 0.374937 0.639062 0.379097 0.635937 0.379097 0.634375 0.383257 0.631250 0.383257 0.629687 0.385337 0.628125 0.385337 0.626562 0.387417 0.626562 0.404058 0.614062 0.404058 0.609375
1 0.368696 0.390625 0.368696 0.395312 0.372856 0.398438 0.374937 0.398438 0.383257 0.404687 0.385337 0.404687 0.397817 0.414062 0.397817 0.415625 0.401978 0.418750 0.401978 0.420312 0.404058 0.421875 0.404058 0.423437 0.406138 0.425000 0.412378 0.425000 0.412378 0.468750 0.406138 0.468750 0.399897 0.473437 0.399897 0.475000 0.397817 0.476562 0.397817 0.478125 0.381177 0.490625 0.379097 0.490625 0.377017 0.492188 0.374937 0.492188 0.372856 0.493750 0.370776 0.493750 0.368696 0.495312 0.368696 0.501562 0.310454 0.501562 0.310454 0.496875 0.306294 0.493750 0.304214 0.493750 0.302134 0.492188 0.300054 0.492188 0.297974 0.490625 0.295894 0.490625 0.289653 0.485937 0.287573 0.485937 0.283413 0.482812 0.283413 0.481250 0.279253 0.478125 0.279253 0.476562 0.275093 0.473437 0.275093 0.471875 0.270933 0.468750 0.264692 0.468750 0.264692 0.420312 0.270933 0.420312 0.275093 0.417187 0.275093 0.415625 0.279253 0.412500 0.279253 0.410937 0.287573 0.404687 0.289653 0.404687 0.293814 0.401562 0.295894 0.401562 0.300054 0.398438 0.302134 0.398438 0.306294 0.395312 0.306294 0.390625
1 0.017163 0.728125 0.017163 0.732812 0.023403 0.737500 0.025483 0.737500 0.031724 0.742188 0.033804 0.742188 0.035884 0.743750 0.037964 0.743750 0.042124 0.746875 0.044204 0.746875 0.048364 0.750000 0.050444 0.750000 0.065005 0.760937 0.065005 0.762500 0.071245 0.767187 0.071245 0.768750 0.077485 0.773438 0.077485 0.775000 0.081646 0.778125 0.087886 0.778125 0.087886 0.846875 0.081646 0.846875 0.079565 0.848437 0.079565 0.850000 0.077485 0.851562 0.077485 0.853125 0.075405 0.854687 0.075405 0.857812 0.073325 0.859375 0.073325 0.860937 0.071245 0.862500 0.071245 0.864062 0.069165 0.865625 0.069165 0.867188 0.067085 0.868750 0.067085 0.870312 0.065005 0.871875 0.065005 0.873437 0.062925 0.875000 0.062925 0.876562 0.056685 0.881250 0.056685 0.882812 0.050444 0.887500 0.050444 0.889062 0.042124 0.895312 0.040044 0.895312 0.031724 0.901562 0.029644 0.901562 0.025483 0.904687 0.023403 0.904687 0.021323 0.906250 0.019243 0.906250 0.015083 0.909375 0.015083 0.914062 0.000000 0.914062 0.000000 0.728125
2 0.647427 0.585937 0.653667 0.585937 0.653667 0.612500 0.647427 0.612500 0.645347 0.614062 0.645347 0.617188 0.647427 0.618750 0.653667 0.618750 0.653667 0.634375 0.647427 0.634375 0.643267 0.637500 0.643267 0.639062 0.641187 0.640625 0.641187 0.642187 0.620386 0.657812 0.618306 0.657812 0.614146 0.660937 0.612065 0.660937 0.609985 0.662500 0.607905 0.662500 0.605825 0.664062 0.605825 0.670312 0.545503 0.670312 0.545503 0.665625 0.526782 0.651562 0.526782 0.650000 0.524702 0.648438 0.522622 0.648438 0.520542 0.646875 0.520542 0.645312 0.514302 0.640625 0.514302 0.639062 0.508062 0.634375 0.508062 0.632812 0.503901 0.629687 0.497661 0.629687 0.497661 0.600000 0.503901 0.600000 0.508062 0.596875 0.508062 0.595312 0.510142 0.593750 0.510142 0.592187 0.514302 0.589062 0.514302 0.587500 0.516382 0.585937 0.516382 0.584375 0.524702 0.578125 0.524702 0.576562 0.526782 0.575000 0.528862 0.575000 0.537183 0.568750 0.539263 0.568750 0.543423 0.565625 0.543423 0.559375 0.599585 0.559375 0.599585 0.564062 0.605825 0.568750 0.607905 0.568750 0.612065 0.571875 0.614146 0.571875 0.618306 0.575000 0.620386 0.575000 0.628706 0.581250 0.630786 0.581250 0.634946 0.584375 0.634946 0.587500 0.639106 0.590625 0.643267 0.587500 0.645347 0.587500 0.647427 0.585937 0.647427 0.568750 0.647427 0.559375 0.653667 0.559375 0.653667 0.568750 0.647427 0.568750
2 0.329175 0.559375 0.329175 0.564062 0.333335 0.567187 0.335415 0.567187 0.337495 0.568750 0.339575 0.568750 0.347896 0.575000 0.349976 0.575000 0.358296 0.581250 0.358296 0.582812 0.364536 0.587500 0.364536 0.589062 0.368696 0.592187 0.368696 0.593750 0.370776 0.595312 0.370776 0.596875 0.372856 0.598437 0.379097 0.598437 0.379097 0.640625 0.372856 0.640625 0.370776 0.642187 0.370776 0.643750 0.368696 0.645312 0.368696 0.646875 0.366616 0.648438 0.366616 0.650000 0.364536 0.651562 0.364536 0.653125 0.362456 0.654687 0.362456 0.656250 0.358296 0.659375 0.358296 0.660937 0.356216 0.662500 0.354136 0.662500 0.347896 0.667187 0.345815 0.667187 0.343735 0.668750 0.341655 0.668750 0.337495 0.671875 0.337495 0.676562 0.273013 0.676562 0.273013 0.671875 0.266773 0.667187 0.264692 0.667187 0.262612 0.665625 0.260532 0.665625 0.243892 0.653125 0.243892 0.651562 0.237651 0.646875 0.231411 0.646875 0.231411 0.598437 0.237651 0.598437 0.243892 0.593750 0.243892 0.592187 0.245972 0.590625 0.245972 0.589062 0.252212 0.584375 0.252212 0.582812 0.254292 0.581250 0.256372 0.581250 0.266773 0.573437 0.268853 0.573437 0.273013 0.570312 0.275093 0.570312 0.277173 0.568750 0.279253 0.568750 0.281333 0.567187 0.283413 0.567187 0.287573 0.564062 0.287573 0.559375
2 0.497661 0.384375 0.497661 0.390625 0.499741 0.392187 0.501821 0.392187 0.503901 0.393750 0.505981 0.393750 0.508062 0.395312 0.510142 0.395312 0.512222 0.396875 0.514302 0.396875 0.520542 0.401562 0.522622 0.401562 0.522622 0.403125 0.533022 0.410937 0.533022 0.412500 0.535103 0.414062 0.535103 0.415625 0.539263 0.418750 0.545503 0.418750 0.545503 0.454687 0.539263 0.454687 0.535103 0.457812 0.535103 0.459375 0.533022 0.460938 0.533022 0.462500 0.526782 0.467187 0.526782 0.468750 0.522622 0.471875 0.522622 0.473437 0.516382 0.478125 0.516382 0.479687 0.508062 0.485937 0.505981 0.485937 0.503901 0.487500 0.497661 0.487500 0.495581 0.489062 0.491421 0.489062 0.489341 0.490625 0.489341 0.495312 0.466460 0.495312 0.466460 0.490625 0.464380 0.489062 0.460220 0.489062 0.458140 0.487500 0.451899 0.487500 0.449819 0.485937 0.447739 0.485937 0.445659 0.484375 0.443579 0.484375 0.441499 0.482812 0.439419 0.482812 0.435259 0.479687 0.433179 0.479687 0.418618 0.468750 0.418618 0.467187 0.416538 0.465625 0.416538 0.464062 0.414458 0.462500 0.414458 0.460938 0.412378 0.459375 0.406138 0.459375 0.406138 0.412500 0.412378 0.412500 0.416538 0.409375 0.416538 0.407812 0.426938 0.400000 0.429019 0.400000 0.435259 0.395312 0.437339 0.395312 0.439419 0.393750 0.441499 0.393750 0.443579 0.392187 0.445659 0.392187 0.449819 0.389062 0.449819 0.384375
1 0.811753 0.940625 0.811753 0.945312 0.813833 0.946875 0.815913 0.946875 0.817993 0.948437 0.820073 0.948437 0.826313 0.953125 0.828394 0.953125 0.830474 0.954687 0.834634 0.954687 0.836714 0.956250 0.838794 0.956250 0.842954 0.959375 0.845034 0.959375 0.847114 0.960938 0.849194 0.960938 0.853354 0.964062 0.855435 0.964062 0.859595 0.967187 0.861675 0.967187 0.863755 0.968750 0.865835 0.968750 0.869995 0.971875 0.872075 0.971875 0.876235 0.975000 0.876235 0.976562 0.890796 0.987500 0.890796 0.989062 0.892876 0.990625 0.892876 0.992188 0.894956 0.993750 0.903276 0.993750 0.903276 0.998437 0.730630 0.998437 0.730630 0.979687 0.736870 0.979687 0.741030 0.976562 0.741030 0.975000 0.747271 0.970312 0.747271 0.965625 0.749351 0.964062 0.749351 0.954687 0.751431 0.953125 0.751431 0.948437 0.753511 0.946875 0.753511 0.940625
1 0.239731 0.784375 0.239731 0.790625 0.241812 0.792187 0.241812 0.793750 0.243892 0.795312 0.243892 0.803125 0.241812 0.804688 0.241812 0.810937 0.239731 0.812500 0.239731 0.814062 0.237651 0.815625 0.237651 0.821875 0.239731 0.823437 0.241812 0.823437 0.241812 0.825000 0.250132 0.831250 0.250132 0.832812 0.256372 0.837500 0.262612 0.837500 0.262612 0.867188 0.254292 0.867188 0.248052 0.871875 0.248052 0.876562 0.214771 0.876562 0.214771 0.871875 0.210610 0.868750 0.206450 0.868750 0.204370 0.867188 0.200210 0.867188 0.198130 0.865625 0.193970 0.865625 0.189810 0.862500 0.173169 0.862500 0.171089 0.864062 0.169009 0.864062 0.166929 0.865625 0.164849 0.865625 0.162769 0.867188 0.158608 0.867188 0.156528 0.868750 0.154448 0.868750 0.152368 0.867188 0.150288 0.867188 0.148208 0.865625 0.148208 0.864062 0.146128 0.862500 0.146128 0.860937 0.139888 0.856250 0.139888 0.854687 0.137808 0.853125 0.137808 0.851562 0.131567 0.846875 0.131567 0.845312 0.129487 0.843750 0.129487 0.842187 0.127407 0.840625 0.127407 0.839062 0.125327 0.837500 0.125327 0.834375 0.123247 0.832812 0.123247 0.828125 0.125327 0.826562 0.125327 0.818750 0.127407 0.817187 0.127407 0.814062 0.129487 0.812500 0.129487 0.810937 0.133648 0.807812 0.133648 0.806250 0.135728 0.804688 0.137808 0.804688 0.139888 0.803125 0.139888 0.801562 0.141968 0.800000 0.141968 0.796875 0.148208 0.792187 0.150288 0.792187 0.152368 0.790625 0.164849 0.790625 0.166929 0.789062 0.166929 0.784375
1 0.127407 0.834375 0.127407 0.839062 0.131567 0.842187 0.131567 0.843750 0.133648 0.845312 0.133648 0.846875 0.135728 0.848437 0.135728 0.850000 0.137808 0.851562 0.137808 0.853125 0.139888 0.854687 0.139888 0.856250 0.141968 0.857812 0.141968 0.860937 0.144048 0.862500 0.144048 0.864062 0.146128 0.865625 0.154448 0.865625 0.154448 0.900000 0.148208 0.900000 0.139888 0.906250 0.139888 0.907812 0.129487 0.915625 0.129487 0.920312 0.100366 0.920312 0.100366 0.915625 0.096206 0.912500 0.094126 0.912500 0.092046 0.910937 0.087886 0.910937 0.085806 0.909375 0.083726 0.909375 0.081646 0.907812 0.079565 0.907812 0.073325 0.903125 0.073325 0.901562 0.071245 0.900000 0.071245 0.898438 0.067085 0.895312 0.067085 0.871875 0.071245 0.868750 0.071245 0.864062 0.073325 0.862500 0.073325 0.860937 0.075405 0.859375 0.075405 0.857812 0.077485 0.856250 0.077485 0.853125 0.079565 0.851562 0.079565 0.850000 0.081646 0.848437 0.081646 0.846875 0.087886 0.842187 0.089966 0.842187 0.094126 0.839062 0.094126 0.834375
1 0.187730 0.709375 0.187730 0.714062 0.191890 0.717187 0.193970 0.717187 0.196050 0.718750 0.200210 0.718750 0.206450 0.723437 0.208530 0.723437 0.212690 0.726562 0.214771 0.726562 0.214771 0.728125 0.221011 0.732812 0.223091 0.732812 0.223091 0.734375 0.233491 0.742188 0.233491 0.743750 0.235571 0.745312 0.235571 0.746875 0.237651 0.748437 0.237651 0.750000 0.239731 0.751562 0.245972 0.751562 0.245972 0.782812 0.239731 0.782812 0.237651 0.784375 0.237651 0.789062 0.133648 0.789062 0.133648 0.784375 0.129487 0.781250 0.127407 0.781250 0.125327 0.779687 0.125327 0.776562 0.123247 0.775000 0.123247 0.771875 0.121167 0.770312 0.114927 0.770312 0.114927 0.720312 0.121167 0.720312 0.123247 0.718750 0.123247 0.717187 0.125327 0.715625 0.125327 0.709375
1 0.352056 0.971875 0.352056 0.976562 0.356216 0.979687 0.358296 0.979687 0.362456 0.982812 0.364536 0.982812 0.366616 0.984375 0.368696 0.984375 0.372856 0.987500 0.374937 0.987500 0.379097 0.990625 0.387417 0.990625 0.387417 0.998437 0.273013 0.998437 0.273013 0.993750 0.283413 0.993750 0.289653 0.989062 0.291733 0.989062 0.293814 0.987500 0.295894 0.987500 0.300054 0.984375 0.302134 0.984375 0.304214 0.982812 0.306294 0.982812 0.308374 0.981250 0.310454 0.981250 0.312534 0.979687 0.314614 0.979687 0.318774 0.976562 0.318774 0.971875