1 0.487261 0.446875 0.487261 0.451562 0.491421 0.454687 0.493501 0.454687 0.501821 0.460938 0.503901 0.460938 0.503901 0.462500 0.508062 0.465625 0.508062 0.467187 0.510142 0.468750 0.510142 0.470312 0.512222 0.471875 0.520542 0.471875 0.520542 0.528125 0.512222 0.528125 0.510142 0.529687 0.510142 0.531250 0.491421 0.545312 0.489341 0.545312 0.487261 0.546875 0.487261 0.548437 0.485181 0.548437 0.483101 0.550000 0.478940 0.550000 0.474780 0.553125 0.474780 0.557812 0.424858 0.557812 0.424858 0.553125 0.420698 0.550000 0.418618 0.550000 0.416538 0.548437 0.414458 0.548437 0.412378 0.546875 0.410298 0.546875 0.408218 0.545312 0.406138 0.545312 0.391577 0.534375 0.391577 0.532812 0.389497 0.531250 0.387417 0.531250 0.379097 0.525000 0.372856 0.525000 0.372856 0.475000 0.379097 0.475000 0.381177 0.473437 0.381177 0.471875 0.383257 0.470312 0.383257 0.468750 0.399897 0.456250 0.401978 0.456250 0.408218 0.451562 0.408218 0.446875
0 0.576704 0.521875 0.576704 0.526562 0.580864 0.529687 0.582944 0.529687 0.585024 0.531250 0.587104 0.531250 0.591265 0.534375 0.593345 0.534375 0.595425 0.535937 0.597505 0.535937 0.599585 0.537500 0.601665 0.537500 0.609985 0.543750 0.612065 0.543750 0.618306 0.548437 0.618306 0.550000 0.624546 0.554687 0.624546 0.556250 0.626626 0.557812 0.626626 0.560937 0.630786 0.564062 0.637026 0.564062 0.637026 0.600000 0.630786 0.600000 0.624546 0.604687 0.624546 0.606250 0.622466 0.607813 0.622466 0.609375 0.620386 0.610937 0.620386 0.612500 0.614146 0.617188 0.614146 0.618750 0.601665 0.628125 0.599585 0.628125 0.597505 0.629687 0.595425 0.629687 0.589185 0.634375 0.589185 0.639062 0.516382 0.639062 0.516382 0.634375 0.510142 0.629687 0.508062 0.629687 0.493501 0.618750 0.493501 0.617188 0.487261 0.612500 0.481021 0.612500 0.481021 0.553125 0.489341 0.553125 0.491421 0.551562 0.491421 0.550000 0.514302 0.532812 0.516382 0.532812 0.520542 0.529687 0.524702 0.529687 0.528862 0.526562 0.528862 0.521875
1 0.158608 0.496875 0.158608 0.503125 0.160689 0.504687 0.162769 0.504687 0.164849 0.506250 0.166929 0.506250 0.171089 0.509375 0.173169 0.509375 0.177329 0.512500 0.179409 0.512500 0.183569 0.515625 0.185649 0.515625 0.198130 0.525000 0.198130 0.526562 0.200210 0.528125 0.200210 0.529687 0.202290 0.531250 0.202290 0.534375 0.206450 0.537500 0.212690 0.537500 0.212690 0.573437 0.206450 0.573437 0.202290 0.576562 0.202290 0.578125 0.198130 0.581250 0.198130 0.582812 0.191890 0.587500 0.191890 0.589062 0.179409 0.598437 0.177329 0.598437 0.171089 0.603125 0.169009 0.603125 0.164849 0.606250 0.162769 0.606250 0.158608 0.609375 0.156528 0.609375 0.154448 0.610937 0.150288 0.610937 0.148208 0.612500 0.146128 0.612500 0.141968 0.615625 0.141968 0.620312 0.108687 0.620312 0.108687 0.615625 0.106606 0.614062 0.104526 0.614062 0.102446 0.612500 0.098286 0.612500 0.096206 0.610937 0.092046 0.610937 0.089966 0.609375 0.087886 0.609375 0.083726 0.606250 0.081646 0.606250 0.069165 0.596875 0.069165 0.595312 0.065005 0.592187 0.065005 0.590625 0.062925 0.589062 0.062925 0.587500 0.058765 0.584375 0.058765 0.582812 0.054605 0.579687 0.048364 0.579687 0.048364 0.531250 0.056685 0.531250 0.058765 0.529687 0.058765 0.526562 0.060845 0.525000 0.060845 0.523437 0.069165 0.517187 0.069165 0.515625 0.081646 0.506250 0.083726 0.506250 0.089966 0.501562 0.089966 0.496875
1 0.628706 0.334375 0.628706 0.339062 0.632866 0.342187 0.634946 0.342187 0.637026 0.343750 0.639106 0.343750 0.641187 0.345312 0.643267 0.345312 0.645347 0.346875 0.647427 0.346875 0.651587 0.350000 0.653667 0.350000 0.657827 0.353125 0.659907 0.353125 0.664067 0.356250 0.664067 0.357812 0.672388 0.364062 0.672388 0.365625 0.676548 0.368750 0.676548 0.370312 0.680708 0.373437 0.686948 0.373437 0.686948 0.414062 0.680708 0.414062 0.672388 0.420312 0.672388 0.421875 0.664067 0.428125 0.661987 0.428125 0.653667 0.434375 0.649507 0.434375 0.647427 0.435937 0.645347 0.435937 0.639106 0.440625 0.639106 0.445312 0.564224 0.445312 0.564224 0.440625 0.555903 0.434375 0.553823 0.434375 0.551743 0.432812 0.551743 0.431250 0.545503 0.426562 0.539263 0.426562 0.539263 0.367188 0.545503 0.367188 0.553823 0.360937 0.553823 0.359375 0.557983 0.356250 0.560064 0.356250 0.568384 0.350000 0.570464 0.350000 0.572544 0.348437 0.574624 0.348437 0.578784 0.345312 0.580864 0.345312 0.582944 0.343750 0.589185 0.343750 0.591265 0.342187 0.593345 0.342187 0.597505 0.339062 0.597505 0.334375
0 0.495581 0.340625 0.495581 0.345312 0.499741 0.348437 0.501821 0.348437 0.503901 0.350000 0.505981 0.350000 0.514302 0.356250 0.516382 0.356250 0.520542 0.359375 0.522622 0.359375 0.533022 0.367188 0.533022 0.368750 0.535103 0.370312 0.535103 0.371875 0.539263 0.375000 0.545503 0.375000 0.545503 0.432812 0.537183 0.432812 0.535103 0.434375 0.535103 0.435937 0.526782 0.442187 0.524702 0.442187 0.514302 0.450000 0.512222 0.450000 0.508062 0.453125 0.508062 0.457812 0.483101 0.457812 0.483101 0.453125 0.481021 0.451562 0.478940 0.451562 0.476860 0.450000 0.474780 0.450000 0.472700 0.448437 0.458140 0.448437 0.456060 0.446875 0.429019 0.446875 0.426938 0.445312 0.424858 0.445312 0.422778 0.443750 0.420698 0.443750 0.412378 0.437500 0.412378 0.435937 0.408218 0.432812 0.408218 0.431250 0.404058 0.428125 0.397817 0.428125 0.397817 0.373437 0.404058 0.373437 0.410298 0.368750 0.410298 0.367188 0.422778 0.357812 0.424858 0.357812 0.429019 0.354687 0.431099 0.354687 0.437339 0.350000 0.439419 0.350000 0.441499 0.348437 0.443579 0.348437 0.447739 0.345312 0.447739 0.340625
2 0.709829 0.565625 0.709829 0.570312 0.716069 0.575000 0.720230 0.575000 0.724390 0.578125 0.726470 0.578125 0.732710 0.582812 0.734790 0.582812 0.743110 0.589062 0.743110 0.590625 0.749351 0.595312 0.749351 0.596875 0.755591 0.601562 0.761831 0.601562 0.761831 0.651562 0.755591 0.651562 0.749351 0.656250 0.749351 0.657812 0.747271 0.659375 0.747271 0.660937 0.728550 0.675000 0.726470 0.675000 0.722310 0.678125 0.720230 0.678125 0.718149 0.679688 0.713989 0.679688 0.711909 0.681250 0.709829 0.681250 0.705669 0.684375 0.705669 0.689062 0.664067 0.689062 0.664067 0.684375 0.659907 0.681250 0.655747 0.681250 0.653667 0.679688 0.651587 0.679688 0.649507 0.678125 0.645347 0.678125 0.639106 0.673437 0.637026 0.673437 0.618306 0.659375 0.618306 0.657812 0.612065 0.653125 0.605825 0.653125 0.605825 0.621875 0.612065 0.621875 0.616226 0.618750 0.616226 0.617188 0.618306 0.615625 0.618306 0.614062 0.622466 0.610937 0.622466 0.609375 0.624546 0.607813 0.624546 0.606250 0.628706 0.603125 0.628706 0.600000 0.630786 0.598437 0.630786 0.596875 0.632866 0.595312 0.632866 0.593750 0.634946 0.592187 0.634946 0.590625 0.637026 0.589062 0.637026 0.587500 0.641187 0.584375 0.641187 0.582812 0.649507 0.576562 0.651587 0.576562 0.655747 0.573437 0.657827 0.573437 0.661987 0.570312 0.661987 0.565625
2 0.408218 0.540625 0.408218 0.545312 0.412378 0.548437 0.414458 0.548437 0.416538 0.550000 0.418618 0.550000 0.420698 0.551562 0.422778 0.551562 0.424858 0.553125 0.426938 0.553125 0.429019 0.554687 0.431099 0.554687 0.437339 0.559375 0.439419 0.559375 0.449819 0.567187 0.449819 0.568750 0.451899 0.570312 0.451899 0.571875 0.456060 0.575000 0.456060 0.576562 0.460220 0.579687 0.460220 0.581250 0.464380 0.584375 0.470620 0.584375 0.470620 0.626562 0.464380 0.626562 0.460220 0.629687 0.460220 0.631250 0.458140 0.632812 0.458140 0.634375 0.439419 0.648438 0.437339 0.648438 0.433179 0.651562 0.431099 0.651562 0.429019 0.653125 0.426938 0.653125 0.424858 0.654687 0.420698 0.654687 0.418618 0.656250 0.414458 0.656250 0.410298 0.659375 0.410298 0.664062 0.377017 0.664062 0.377017 0.659375 0.372856 0.656250 0.368696 0.656250 0.366616 0.654687 0.362456 0.654687 0.360376 0.653125 0.356216 0.653125 0.349976 0.648438 0.347896 0.648438 0.345815 0.646875 0.343735 0.646875 0.333335 0.639062 0.333335 0.637500 0.327095 0.632812 0.327095 0.631250 0.325015 0.629687 0.325015 0.628125 0.320855 0.625000 0.314614 0.625000 0.314614 0.578125 0.320855 0.578125 0.325015 0.575000 0.325015 0.573437 0.327095 0.571875 0.327095 0.570312 0.331255 0.567187 0.331255 0.565625 0.345815 0.554687 0.347896 0.554687 0.354136 0.550000 0.356216 0.550000 0.358296 0.548437 0.360376 0.548437 0.364536 0.545312 0.364536 0.540625
1 0.329175 0.409375 0.329175 0.414062 0.333335 0.417187 0.335415 0.417187 0.337495 0.418750 0.339575 0.418750 0.341655 0.420312 0.343735 0.420312 0.345815 0.421875 0.347896 0.421875 0.349976 0.423437 0.352056 0.423437 0.356216 0.426562 0.358296 0.426562 0.370776 0.435937 0.370776 0.437500 0.374937 0.440625 0.374937 0.442187 0.377017 0.443750 0.377017 0.445312 0.381177 0.448437 0.387417 0.448437 0.387417 0.476562 0.381177 0.476562 0.377017 0.479687 0.377017 0.481250 0.374937 0.482812 0.374937 0.485937 0.372856 0.487500 0.372856 0.489062 0.370776 0.490625 0.370776 0.495312 0.368696 0.496875 0.368696 0.498437 0.362456 0.503125 0.362456 0.504687 0.343735 0.518750 0.341655 0.518750 0.339575 0.520312 0.339575 0.526562 0.273013 0.526562 0.273013 0.521875 0.268853 0.518750 0.266773 0.518750 0.264692 0.517187 0.262612 0.517187 0.245972 0.504687 0.245972 0.503125 0.243892 0.501562 0.243892 0.500000 0.237651 0.495312 0.231411 0.495312 0.231411 0.450000 0.237651 0.450000 0.241812 0.446875 0.241812 0.445312 0.243892 0.443750 0.243892 0.442187 0.245972 0.440625 0.245972 0.439062 0.252212 0.434375 0.252212 0.432812 0.260532 0.426562 0.262612 0.426562 0.266773 0.423437 0.268853 0.423437 0.273013 0.420312 0.275093 0.420312 0.277173 0.418750 0.279253 0.418750 0.281333 0.417187 0.283413 0.417187 0.287573 0.414062 0.287573 0.409375
1 0.408218 0.540625 0.408218 0.545312 0.410298 0.546875 0.412378 0.546875 0.416538 0.550000 0.418618 0.550000 0.420698 0.551562 0.422778 0.551562 0.424858 0.553125 0.426938 0.553125 0.429019 0.554687 0.431099 0.554687 0.437339 0.559375 0.439419 0.559375 0.449819 0.567187 0.449819 0.568750 0.451899 0.570312 0.451899 0.571875 0.453979 0.573437 0.453979 0.575000 0.458140 0.578125 0.458140 0.579687 0.464380 0.584375 0.470620 0.584375 0.470620 0.625000 0.464380 0.625000 0.460220 0.628125 0.460220 0.631250 0.458140 0.632812 0.458140 0.634375 0.439419 0.648438 0.437339 0.648438 0.433179 0.651562 0.431099 0.651562 0.429019 0.653125 0.426938 0.653125 0.424858 0.654687 0.420698 0.654687 0.418618 0.656250 0.414458 0.656250 0.410298 0.659375 0.410298 0.664062 0.377017 0.664062 0.377017 0.659375 0.372856 0.656250 0.368696 0.656250 0.366616 0.654687 0.362456 0.654687 0.360376 0.653125 0.356216 0.653125 0.349976 0.648438 0.347896 0.648438 0.345815 0.646875 0.343735 0.646875 0.333335 0.639062 0.333335 0.637500 0.327095 0.632812 0.327095 0.631250 0.325015 0.629687 0.325015 0.628125 0.320855 0.625000 0.314614 0.625000 0.314614 0.578125 0.320855 0.578125 0.325015 0.575000 0.325015 0.573437 0.327095 0.571875 0.327095 0.570312 0.331255 0.567187 0.331255 0.565625 0.343735 0.556250 0.345815 0.556250 0.354136 0.550000 0.358296 0.550000 0.360376 0.548437 0.362456 0.548437 0.366616 0.545312 0.366616 0.540625
1 0.576704 0.246875 0.576704 0.251562 0.580864 0.254687 0.582944 0.254687 0.585024 0.256250 0.587104 0.256250 0.593345 0.260937 0.595425 0.260937 0.616226 0.276562 0.616226 0.278125 0.618306 0.279687 0.618306 0.281250 0.622466 0.284375 0.628706 0.284375 0.628706 0.326562 0.622466 0.326562 0.616226 0.331250 0.616226 0.332812 0.614146 0.334375 0.612065 0.334375 0.605825 0.339062 0.601665 0.339062 0.599585 0.340625 0.593345 0.340625 0.591265 0.342187 0.587104 0.342187 0.585024 0.343750 0.580864 0.343750 0.578784 0.345312 0.576704 0.345312 0.574624 0.346875 0.572544 0.346875 0.568384 0.350000 0.566304 0.350000 0.564224 0.351562 0.562144 0.351562 0.560064 0.353125 0.560064 0.357812 0.512222 0.357812 0.512222 0.353125 0.508062 0.350000 0.505981 0.350000 0.501821 0.346875 0.499741 0.346875 0.485181 0.335938 0.485181 0.334375 0.483101 0.332812 0.483101 0.331250 0.478940 0.328125 0.472700 0.328125 0.472700 0.284375 0.478940 0.284375 0.483101 0.281250 0.483101 0.279687 0.485181 0.278125 0.485181 0.276562 0.491421 0.271875 0.491421 0.270312 0.503901 0.260937 0.505981 0.260937 0.512222 0.256250 0.514302 0.256250 0.516382 0.254687 0.518462 0.254687 0.522622 0.251562 0.522622 0.246875
1 0.840874 0.000000 0.840874 0.012500 0.842954 0.014062 0.842954 0.017187 0.845034 0.018750 0.845034 0.020312 0.847114 0.021875 0.853354 0.021875 0.853354 0.112500 0.845034 0.112500 0.842954 0.114062 0.840874 0.114062 0.830474 0.121875 0.830474 0.123437 0.826313 0.126562 0.826313 0.128125 0.822153 0.131250 0.822153 0.132812 0.811753 0.140625 0.807593 0.140625 0.805513 0.142187 0.795112 0.142187 0.793032 0.143750 0.788872 0.143750 0.772231 0.156250 0.770151 0.156250 0.763911 0.160937 0.761831 0.160937 0.757671 0.164062 0.755591 0.164062 0.751431 0.167187 0.749351 0.167187 0.747271 0.168750 0.743110 0.168750 0.738950 0.171875 0.738950 0.176562 0.705669 0.176562 0.705669 0.171875 0.703589 0.170312 0.701509 0.171875 0.701509 0.176562 0.643267 0.176562 0.643267 0.171875 0.637026 0.167187 0.632866 0.167187 0.630786 0.168750 0.626626 0.165625 0.626626 0.164062 0.622466 0.160937 0.622466 0.159375 0.620386 0.157812 0.620386 0.156250 0.618306 0.154687 0.618306 0.153125 0.616226 0.151562 0.616226 0.145312 0.620386 0.142187 0.620386 0.140625 0.622466 0.139062 0.622466 0.137500 0.624546 0.135937 0.624546 0.132812 0.626626 0.131250 0.626626 0.120312 0.628706 0.118750 0.628706 0.109375 0.630786 0.107812 0.630786 0.106250 0.641187 0.098437 0.641187 0.096875 0.643267 0.095312 0.643267 0.089062 0.645347 0.087500 0.645347 0.082812 0.643267 0.081250 0.643267 0.078125 0.639106 0.075000 0.639106 0.073437 0.626626 0.064062 0.624546 0.064062 0.622466 0.062500 0.620386 0.062500 0.616226 0.059375 0.614146 0.059375 0.612065 0.057812 0.609985 0.057812 0.607905 0.056250 0.603745 0.056250 0.601665 0.054688 0.599585 0.054688 0.597505 0.053125 0.595425 0.053125 0.593345 0.051562 0.591265 0.051562 0.589185 0.050000 0.587104 0.050000 0.582944 0.046875 0.580864 0.046875 0.562144 0.032812 0.562144 0.031250 0.560064 0.029687 0.560064 0.028125 0.557983 0.026562 0.557983 0.025000 0.553823 0.021875 0.547583 0.021875 0.547583 0.000000
1 1.000000 0.165625 1.000000 0.407812 0.965679 0.407812 0.965679 0.401562 0.963599 0.400000 0.963599 0.398438 0.959438 0.395312 0.959438 0.393750 0.957358 0.392187 0.957358 0.390625 0.953198 0.387500 0.951118 0.387500 0.944878 0.382812 0.942798 0.382812 0.940718 0.381250 0.936558 0.381250 0.934478 0.379687 0.932397 0.379687 0.930317 0.378125 0.928237 0.378125 0.926157 0.376562 0.924077 0.376562 0.921997 0.375000 0.919917 0.375000 0.915757 0.371875 0.913677 0.371875 0.903276 0.364062 0.903276 0.362500 0.899116 0.359375 0.899116 0.357812 0.892876 0.353125 0.892876 0.351562 0.890796 0.350000 0.890796 0.348437 0.886636 0.345312 0.886636 0.342187 0.884556 0.340625 0.884556 0.339062 0.882476 0.337500 0.882476 0.329687 0.880396 0.328125 0.880396 0.315625 0.878315 0.314062 0.872075 0.314062 0.872075 0.239062 0.878315 0.239062 0.882476 0.235937 0.882476 0.232812 0.884556 0.231250 0.884556 0.229687 0.888716 0.226562 0.888716 0.225000 0.892876 0.221875 0.892876 0.220312 0.897036 0.217187 0.897036 0.206250 0.894956 0.204687 0.894956 0.195312 0.897036 0.193750 0.897036 0.190625 0.901196 0.187500 0.901196 0.185937 0.913677 0.176562 0.915757 0.176562 0.919917 0.173437 0.921997 0.173437 0.926157 0.170312 0.926157 0.165625 0.990640 0.165625 0.990640 0.170312 0.994800 0.173437 0.996880 0.173437 1.000000 0.170312 1.000000 0.165625
2 0.672388 0.440625 0.672388 0.445312 0.678628 0.450000 0.680708 0.450000 0.686948 0.454687 0.689028 0.454687 0.689028 0.456250 0.699429 0.464062 0.699429 0.465625 0.701509 0.467187 0.701509 0.468750 0.705669 0.471875 0.711909 0.471875 0.711909 0.512500 0.705669 0.512500 0.701509 0.515625 0.701509 0.517187 0.697349 0.520312 0.697349 0.521875 0.691108 0.526562 0.691108 0.528125 0.678628 0.537500 0.676548 0.537500 0.670308 0.542187 0.668228 0.542187 0.661987 0.546875 0.661987 0.551562 0.624546 0.551562 0.624546 0.546875 0.622466 0.545312 0.620386 0.545312 0.618306 0.543750 0.616226 0.543750 0.612065 0.540625 0.609985 0.540625 0.605825 0.537500 0.603745 0.537500 0.601665 0.535937 0.599585 0.535937 0.597505 0.534375 0.595425 0.534375 0.593345 0.532812 0.591265 0.532812 0.587104 0.529687 0.585024 0.529687 0.582944 0.528125 0.580864 0.528125 0.578784 0.526562 0.576704 0.526562 0.568384 0.520312 0.568384 0.518750 0.566304 0.517187 0.566304 0.515625 0.562144 0.512500 0.555903 0.512500 0.555903 0.475000 0.562144 0.475000 0.566304 0.471875 0.566304 0.470312 0.568384 0.468750 0.568384 0.467187 0.570464 0.465625 0.570464 0.464062 0.576704 0.459375 0.576704 0.457812 0.580864 0.454687 0.582944 0.454687 0.585024 0.453125 0.585024 0.451562 0.589185 0.448437 0.591265 0.448437 0.595425 0.445312 0.595425 0.440625
2 0.329175 0.409375 0.329175 0.414062 0.333335 0.417187 0.335415 0.417187 0.337495 0.418750 0.339575 0.418750 0.341655 0.420312 0.343735 0.420312 0.345815 0.421875 0.347896 0.421875 0.352056 0.425000 0.354136 0.425000 0.358296 0.428125 0.360376 0.428125 0.368696 0.434375 0.368696 0.435937 0.374937 0.440625 0.374937 0.442187 0.377017 0.443750 0.377017 0.446875 0.381177 0.450000 0.387417 0.450000 0.387417 0.478125 0.381177 0.478125 0.377017 0.481250 0.377017 0.482812 0.374937 0.484375 0.374937 0.485937 0.372856 0.487500 0.372856 0.489062 0.370776 0.490625 0.370776 0.493750 0.368696 0.495312 0.368696 0.498437 0.366616 0.500000 0.364536 0.500000 0.360376 0.503125 0.360376 0.504687 0.358296 0.506250 0.358296 0.507812 0.345815 0.517187 0.343735 0.517187 0.339575 0.520312 0.339575 0.526562 0.273013 0.526562 0.273013 0.521875 0.268853 0.518750 0.266773 0.518750 0.264692 0.517187 0.262612 0.517187 0.248052 0.506250 0.248052 0.504687 0.243892 0.501562 0.243892 0.500000 0.237651 0.495312 0.231411 0.495312 0.231411 0.450000 0.237651 0.450000 0.241812 0.446875 0.241812 0.445312 0.243892 0.443750 0.243892 0.442187 0.245972 0.440625 0.245972 0.439062 0.252212 0.434375 0.252212 0.432812 0.256372 0.429688 0.258452 0.429688 0.260532 0.428125 0.260532 0.426562 0.262612 0.426562 0.266773 0.423437 0.268853 0.423437 0.273013 0.420312 0.275093 0.420312 0.277173 0.418750 0.279253 0.418750 0.281333 0.417187 0.283413 0.417187 0.287573 0.414062 0.287573 0.409375
2 0.123247 0.839062 0.123247 0.840625 0.119087 0.840625 0.121167 0.839062 0.123247 0.839062 0.393657 0.810937 0.395737 0.812500 0.399897 0.812500 0.401978 0.810937 0.408218 0.812500 0.410298 0.810937 0.412378 0.810937 0.414458 0.809375 0.414458 0.807812 0.416538 0.806250 0.416538 0.804688 0.418618 0.803125 0.410298 0.796875 0.410298 0.790625 0.549663 0.790625 0.549663 0.795312 0.553823 0.798437 0.555903 0.798437 0.557983 0.800000 0.562144 0.800000 0.564224 0.801562 0.566304 0.801562 0.568384 0.803125 0.570464 0.803125 0.572544 0.804688 0.576704 0.804688 0.578784 0.806250 0.582944 0.806250 0.585024 0.807812 0.587104 0.807812 0.589185 0.809375 0.591265 0.809375 0.593345 0.810937 0.595425 0.810937 0.597505 0.812500 0.599585 0.812500 0.601665 0.814062 0.603745 0.814062 0.607905 0.817187 0.609985 0.817187 0.622466 0.826562 0.622466 0.828125 0.630786 0.834375 0.630786 0.835938 0.649507 0.850000 0.649507 0.851562 0.659907 0.859375 0.659907 0.860937 0.668228 0.867188 0.668228 0.868750 0.676548 0.875000 0.676548 0.876562 0.680708 0.879687 0.680708 0.881250 0.684868 0.884375 0.684868 0.885937 0.691108 0.890625 0.691108 0.892187 0.693188 0.893750 0.693188 0.895312 0.697349 0.898438 0.697349 0.900000 0.699429 0.901562 0.699429 0.903125 0.701509 0.904687 0.701509 0.906250 0.705669 0.909375 0.705669 0.910937 0.707749 0.912500 0.707749 0.914062 0.709829 0.915625 0.709829 0.917187 0.711909 0.918750 0.711909 0.920312 0.716069 0.923437 0.716069 0.925000 0.718149 0.926562 0.718149 0.929688 0.720230 0.931250 0.720230 0.932812 0.724390 0.935937 0.724390 0.937500 0.726470 0.939062 0.726470 0.942187 0.734790 0.948437 0.734790 0.950000 0.736870 0.951562 0.736870 0.953125 0.738950 0.954687 0.745190 0.954687 0.745190 0.998437 0.000000 0.998437 0.000000 0.790625 0.040044 0.790625 0.040044 0.795312 0.035884 0.798437 0.033804 0.798437 0.027563 0.803125 0.027563 0.818750 0.029644 0.820312 0.029644 0.831250 0.031724 0.832812 0.031724 0.839062 0.035884 0.842187 0.037964 0.842187 0.046284 0.848437 0.050444 0.848437 0.052524 0.846875 0.058765 0.846875 0.060845 0.848437 0.065005 0.848437 0.067085 0.846875 0.085806 0.846875 0.087886 0.845312 0.096206 0.845312 0.098286 0.846875 0.094126 0.846875 0.089966 0.850000 0.089966 0.851562 0.083726 0.856250 0.081646 0.856250 0.079565 0.857812 0.079565 0.859375 0.077485 0.860937 0.077485 0.865625 0.089966 0.875000 0.092046 0.875000 0.094126 0.876562 0.104526 0.876562 0.106606 0.875000 0.121167 0.875000 0.125327 0.871875 0.127407 0.871875 0.131567 0.868750 0.133648 0.868750 0.135728 0.867188 0.139888 0.867188 0.146128 0.862500 0.148208 0.862500 0.150288 0.860937 0.154448 0.860937 0.160689 0.856250 0.162769 0.856250 0.164849 0.854687 0.169009 0.854687 0.177329 0.848437 0.181489 0.848437 0.183569 0.846875 0.187730 0.846875 0.189810 0.845312 0.191890 0.845312 0.193970 0.843750 0.196050 0.843750 0.198130 0.842187 0.200210 0.842187 0.202290 0.840625 0.206450 0.840625 0.208530 0.839062 0.210610 0.839062 0.212690 0.837500 0.214771 0.837500 0.216851 0.835938 0.218931 0.835938 0.227251 0.829687 0.227251 0.828125 0.229331 0.826562 0.231411 0.826562 0.233491 0.825000 0.235571 0.825000 0.237651 0.823437 0.243892 0.823437 0.245972 0.821875 0.248052 0.821875 0.250132 0.823437 0.254292 0.823437 0.256372 0.825000 0.258452 0.825000 0.260532 0.826562 0.262612 0.826562 0.266773 0.829687 0.268853 0.829687 0.270933 0.831250 0.277173 0.831250 0.279253 0.832812 0.287573 0.832812 0.289653 0.834375 0.297974 0.834375 0.300054 0.835938 0.316694 0.835938 0.318774 0.837500 0.325015 0.837500 0.327095 0.839062 0.331255 0.839062 0.333335 0.840625 0.341655 0.840625 0.343735 0.842187 0.356216 0.842187 0.358296 0.840625 0.362456 0.840625 0.366616 0.837500 0.368696 0.837500 0.370776 0.835938 0.372856 0.835938 0.374937 0.834375 0.374937 0.832812 0.377017 0.831250 0.379097 0.831250 0.381177 0.829687 0.385337 0.829687 0.387417 0.828125 0.391577 0.828125 0.399897 0.821875 0.399897 0.820312 0.408218 0.814062 0.408218 0.812500 0.401978 0.810937 0.401978 0.807812 0.399897 0.806250 0.397817 0.806250 0.393657 0.809375 0.393657 0.810937