0 0.684868 0.403125 0.684868 0.407812 0.689028 0.410937 0.691108 0.410937 0.695269 0.414062 0.697349 0.414062 0.713989 0.426562 0.713989 0.428125 0.718149 0.431250 0.718149 0.432812 0.720230 0.434375 0.728550 0.434375 0.728550 0.479687 0.722310 0.479687 0.718149 0.482812 0.718149 0.484375 0.716069 0.485937 0.716069 0.487500 0.713989 0.489062 0.713989 0.490625 0.699429 0.501562 0.699429 0.503125 0.697349 0.504687 0.695269 0.504687 0.689028 0.509375 0.689028 0.514062 0.622466 0.514062 0.622466 0.507812 0.620386 0.506250 0.618306 0.506250 0.616226 0.504687 0.614146 0.504687 0.612065 0.503125 0.609985 0.503125 0.605825 0.500000 0.603745 0.500000 0.591265 0.490625 0.591265 0.489062 0.587104 0.485937 0.580864 0.485937 0.580864 0.431250 0.589185 0.431250 0.591265 0.429688 0.591265 0.428125 0.612065 0.412500 0.614146 0.412500 0.620386 0.407812 0.620386 0.403125
1 0.555903 0.465625 0.555903 0.470312 0.560064 0.473437 0.562144 0.473437 0.564224 0.475000 0.566304 0.475000 0.570464 0.478125 0.572544 0.478125 0.582944 0.485937 0.582944 0.487500 0.587104 0.490625 0.595425 0.490625 0.595425 0.548437 0.589185 0.548437 0.585024 0.551562 0.585024 0.553125 0.566304 0.567187 0.564224 0.567187 0.562144 0.568750 0.560064 0.568750 0.555903 0.571875 0.555903 0.576562 0.514302 0.576562 0.514302 0.571875 0.510142 0.568750 0.508062 0.568750 0.505981 0.567187 0.503901 0.567187 0.501821 0.565625 0.497661 0.565625 0.495581 0.564062 0.493501 0.564062 0.491421 0.562500 0.489341 0.562500 0.485181 0.559375 0.483101 0.559375 0.466460 0.546875 0.466460 0.545312 0.464380 0.543750 0.456060 0.543750 0.456060 0.501562 0.462300 0.501562 0.466460 0.498437 0.466460 0.496875 0.468540 0.495312 0.468540 0.493750 0.470620 0.492188 0.470620 0.490625 0.478940 0.484375 0.478940 0.482812 0.483101 0.479687 0.485181 0.479687 0.491421 0.475000 0.493501 0.475000 0.499741 0.470312 0.499741 0.465625
0 0.412378 0.428125 0.412378 0.432812 0.414458 0.434375 0.416538 0.434375 0.418618 0.435937 0.424858 0.435937 0.426938 0.437500 0.433179 0.437500 0.435259 0.439062 0.437339 0.439062 0.443579 0.443750 0.445659 0.443750 0.447739 0.445312 0.449819 0.445312 0.464380 0.456250 0.464380 0.457812 0.468540 0.460938 0.468540 0.462500 0.470620 0.464062 0.478940 0.464062 0.478940 0.490625 0.472700 0.490625 0.468540 0.493750 0.468540 0.495312 0.466460 0.496875 0.466460 0.498437 0.464380 0.500000 0.464380 0.501562 0.462300 0.503125 0.462300 0.506250 0.460220 0.507812 0.460220 0.512500 0.458140 0.514062 0.458140 0.518750 0.456060 0.520312 0.456060 0.523437 0.453979 0.525000 0.453979 0.526562 0.443579 0.534375 0.441499 0.534375 0.439419 0.535937 0.437339 0.535937 0.435259 0.537500 0.433179 0.537500 0.431099 0.539062 0.431099 0.545312 0.377017 0.545312 0.377017 0.540625 0.372856 0.537500 0.370776 0.537500 0.368696 0.535937 0.366616 0.535937 0.362456 0.532812 0.360376 0.532812 0.354136 0.528125 0.352056 0.528125 0.345815 0.523437 0.345815 0.521875 0.341655 0.518750 0.341655 0.517187 0.339575 0.515625 0.331255 0.515625 0.331255 0.464062 0.339575 0.464062 0.341655 0.462500 0.341655 0.460938 0.343735 0.459375 0.343735 0.457812 0.347896 0.454687 0.347896 0.453125 0.358296 0.445312 0.360376 0.445312 0.370776 0.437500 0.372856 0.437500 0.374937 0.435937 0.377017 0.435937 0.381177 0.432812 0.381177 0.428125
2 0.331255 0.365625 0.331255 0.370312 0.337495 0.375000 0.339575 0.375000 0.341655 0.376562 0.343735 0.376562 0.354136 0.384375 0.354136 0.385937 0.358296 0.389062 0.358296 0.390625 0.364536 0.395312 0.370776 0.395312 0.370776 0.439062 0.364536 0.439062 0.339575 0.457812 0.339575 0.459375 0.337495 0.460938 0.337495 0.464062 0.329175 0.470312 0.329175 0.476562 0.266773 0.476562 0.266773 0.471875 0.260532 0.467187 0.258452 0.467187 0.254292 0.464062 0.252212 0.464062 0.239731 0.454687 0.239731 0.453125 0.235571 0.450000 0.235571 0.448437 0.233491 0.446875 0.233491 0.445312 0.229331 0.442187 0.223091 0.442187 0.223091 0.398438 0.229331 0.398438 0.233491 0.395312 0.233491 0.393750 0.237651 0.390625 0.237651 0.389062 0.243892 0.384375 0.243892 0.382812 0.245972 0.381250 0.248052 0.381250 0.258452 0.373437 0.260532 0.373437 0.264692 0.370312 0.264692 0.365625
1 0.576704 0.671875 0.576704 0.676562 0.580864 0.679688 0.585024 0.679688 0.587104 0.681250 0.589185 0.681250 0.595425 0.685937 0.597505 0.685937 0.618306 0.701562 0.618306 0.703125 0.620386 0.704687 0.628706 0.704687 0.628706 0.779687 0.622466 0.779687 0.618306 0.782812 0.618306 0.789062 0.516382 0.789062 0.516382 0.784375 0.510142 0.779687 0.508062 0.779687 0.501821 0.775000 0.499741 0.775000 0.489341 0.767187 0.481021 0.767187 0.481021 0.734375 0.487261 0.734375 0.489341 0.732812 0.489341 0.729687 0.491421 0.728125 0.491421 0.718750 0.493501 0.717187 0.493501 0.712500 0.495581 0.710938 0.495581 0.707812 0.497661 0.706250 0.497661 0.703125 0.501821 0.700000 0.501821 0.698437 0.508062 0.693750 0.508062 0.692187 0.512222 0.689062 0.514302 0.689062 0.524702 0.681250 0.526782 0.681250 0.533022 0.676562 0.533022 0.671875
2 0.478940 0.553125 0.478940 0.557812 0.485181 0.562500 0.487261 0.562500 0.489341 0.564062 0.491421 0.564062 0.493501 0.565625 0.495581 0.565625 0.497661 0.567187 0.499741 0.567187 0.501821 0.568750 0.503901 0.568750 0.505981 0.570312 0.510142 0.570312 0.512222 0.571875 0.518462 0.571875 0.520542 0.573437 0.524702 0.573437 0.526782 0.571875 0.535103 0.571875 0.537183 0.573437 0.539263 0.573437 0.543423 0.576562 0.543423 0.578125 0.545503 0.579687 0.553823 0.579687 0.553823 0.628125 0.547583 0.628125 0.541343 0.632812 0.541343 0.634375 0.537183 0.637500 0.537183 0.639062 0.524702 0.648438 0.524702 0.650000 0.520542 0.653125 0.518462 0.653125 0.510142 0.659375 0.508062 0.659375 0.505981 0.660937 0.503901 0.660937 0.501821 0.662500 0.499741 0.662500 0.497661 0.664062 0.497661 0.670312 0.441499 0.670312 0.441499 0.664062 0.439419 0.662500 0.437339 0.662500 0.435259 0.660937 0.433179 0.660937 0.431099 0.659375 0.429019 0.659375 0.429019 0.657812 0.424858 0.654687 0.422778 0.654687 0.418618 0.651562 0.418618 0.650000 0.410298 0.643750 0.410298 0.642187 0.408218 0.640625 0.408218 0.639062 0.404058 0.635937 0.397817 0.635937 0.397817 0.590625 0.404058 0.590625 0.406138 0.589062 0.406138 0.587500 0.408218 0.585937 0.408218 0.584375 0.410298 0.582812 0.410298 0.581250 0.412378 0.579687 0.412378 0.576562 0.420698 0.570312 0.420698 0.568750 0.435259 0.557812 0.435259 0.553125
2 0.589185 0.334375 0.589185 0.340625 0.591265 0.342187 0.593345 0.342187 0.595425 0.343750 0.597505 0.343750 0.603745 0.348437 0.605825 0.348437 0.609985 0.351562 0.609985 0.353125 0.612065 0.354687 0.614146 0.354687 0.616226 0.356250 0.616226 0.357812 0.618306 0.359375 0.618306 0.360937 0.622466 0.364062 0.628706 0.364062 0.628706 0.404687 0.620386 0.404687 0.614146 0.409375 0.612065 0.409375 0.585024 0.429688 0.582944 0.429688 0.580864 0.431250 0.578784 0.431250 0.574624 0.434375 0.574624 0.439062 0.524702 0.439062 0.524702 0.434375 0.518462 0.429688 0.516382 0.429688 0.510142 0.425000 0.508062 0.425000 0.491421 0.412500 0.491421 0.410937 0.489341 0.409375 0.481021 0.409375 0.481021 0.367188 0.487261 0.367188 0.491421 0.364062 0.491421 0.362500 0.493501 0.360937 0.493501 0.359375 0.499741 0.354687 0.499741 0.353125 0.503901 0.350000 0.505981 0.350000 0.512222 0.345312 0.514302 0.345312 0.518462 0.342187 0.520542 0.342187 0.524702 0.339062 0.524702 0.334375
2 0.678628 0.515625 0.678628 0.520312 0.682788 0.523437 0.686948 0.523437 0.689028 0.525000 0.691108 0.525000 0.695269 0.528125 0.697349 0.528125 0.701509 0.531250 0.703589 0.531250 0.707749 0.534375 0.707749 0.535937 0.713989 0.540625 0.713989 0.542187 0.716069 0.543750 0.716069 0.545312 0.722310 0.550000 0.728550 0.550000 0.728550 0.596875 0.722310 0.596875 0.716069 0.601562 0.716069 0.603125 0.713989 0.604687 0.713989 0.606250 0.705669 0.612500 0.705669 0.614062 0.703589 0.615625 0.701509 0.615625 0.699429 0.617188 0.697349 0.617188 0.691108 0.621875 0.689028 0.621875 0.686948 0.623438 0.682788 0.623438 0.680708 0.625000 0.678628 0.625000 0.674468 0.628125 0.674468 0.632812 0.632866 0.632812 0.632866 0.628125 0.628706 0.625000 0.626626 0.625000 0.624546 0.623438 0.622466 0.623438 0.620386 0.621875 0.618306 0.621875 0.616226 0.620312 0.614146 0.620312 0.609985 0.617188 0.607905 0.617188 0.605825 0.615625 0.603745 0.615625 0.593345 0.607813 0.593345 0.606250 0.587104 0.601562 0.587104 0.598437 0.585024 0.596875 0.585024 0.595312 0.582944 0.593750 0.582944 0.590625 0.578784 0.587500 0.572544 0.587500 0.572544 0.559375 0.578784 0.559375 0.585024 0.554687 0.585024 0.553125 0.593345 0.546875 0.593345 0.545312 0.603745 0.537500 0.605825 0.537500 0.609985 0.534375 0.612065 0.534375 0.618306 0.529687 0.620386 0.529687 0.630786 0.521875 0.632866 0.521875 0.634946 0.520312 0.634946 0.515625
2 0.691108 0.078125 0.691108 0.082812 0.693188 0.084375 0.697349 0.084375 0.699429 0.085938 0.705669 0.085938 0.707749 0.087500 0.711909 0.087500 0.713989 0.089062 0.716069 0.089062 0.720230 0.092187 0.722310 0.092187 0.724390 0.093750 0.728550 0.093750 0.730630 0.095312 0.734790 0.095312 0.736870 0.096875 0.738950 0.096875 0.741030 0.098437 0.743110 0.098437 0.745190 0.100000 0.749351 0.100000 0.753511 0.103125 0.755591 0.103125 0.757671 0.104687 0.759751 0.104687 0.761831 0.106250 0.763911 0.106250 0.772231 0.112500 0.774312 0.112500 0.784712 0.120312 0.784712 0.121875 0.793032 0.128125 0.793032 0.129687 0.797192 0.132812 0.803433 0.132812 0.803433 0.157812 0.797192 0.157812 0.795112 0.159375 0.795112 0.160937 0.793032 0.162500 0.793032 0.165625 0.790952 0.167187 0.790952 0.168750 0.786792 0.171875 0.786792 0.173437 0.782632 0.176562 0.782632 0.178125 0.763911 0.192187 0.761831 0.192187 0.759751 0.193750 0.757671 0.193750 0.755591 0.195312 0.755591 0.201562 0.693188 0.201562 0.693188 0.196875 0.689028 0.193750 0.678628 0.193750 0.676548 0.192187 0.664067 0.192187 0.661987 0.190625 0.651587 0.190625 0.649507 0.189062 0.639106 0.189062 0.637026 0.187500 0.618306 0.187500 0.616226 0.185937 0.591265 0.185937 0.589185 0.184375 0.585024 0.184375 0.582944 0.182812 0.578784 0.182812 0.576704 0.181250 0.574624 0.181250 0.572544 0.179688 0.570464 0.179688 0.560064 0.171875 0.560064 0.170312 0.557983 0.168750 0.557983 0.167187 0.553823 0.164062 0.547583 0.164062 0.547583 0.125000 0.553823 0.125000 0.557983 0.121875 0.557983 0.120312 0.560064 0.118750 0.560064 0.117188 0.562144 0.115625 0.562144 0.114062 0.564224 0.112500 0.564224 0.110937 0.566304 0.109375 0.566304 0.107812 0.568384 0.106250 0.568384 0.104687 0.570464 0.103125 0.570464 0.101562 0.580864 0.093750 0.582944 0.093750 0.585024 0.092187 0.589185 0.092187 0.591265 0.090625 0.593345 0.090625 0.595425 0.089062 0.599585 0.089062 0.601665 0.087500 0.607905 0.087500 0.609985 0.085938 0.616226 0.085938 0.618306 0.084375 0.620386 0.084375 0.622466 0.082812 0.622466 0.078125
2 0.743110 0.315625 0.743110 0.320312 0.747271 0.323437 0.749351 0.323437 0.751431 0.325000 0.755591 0.325000 0.757671 0.326562 0.759751 0.326562 0.761831 0.328125 0.763911 0.328125 0.768071 0.331250 0.770151 0.331250 0.782632 0.340625 0.782632 0.342187 0.788872 0.346875 0.788872 0.348437 0.793032 0.351562 0.793032 0.353125 0.797192 0.356250 0.803433 0.356250 0.803433 0.392187 0.797192 0.392187 0.793032 0.395312 0.793032 0.396875 0.790952 0.398438 0.790952 0.400000 0.788872 0.401562 0.788872 0.403125 0.782632 0.407812 0.782632 0.409375 0.780552 0.410937 0.778472 0.410937 0.770151 0.417187 0.768071 0.417187 0.761831 0.421875 0.761831 0.426562 0.713989 0.426562 0.713989 0.421875 0.707749 0.417187 0.705669 0.417187 0.703589 0.415625 0.701509 0.415625 0.697349 0.412500 0.695269 0.412500 0.691108 0.409375 0.686948 0.409375 0.684868 0.407812 0.682788 0.407812 0.678628 0.404687 0.676548 0.404687 0.674468 0.403125 0.672388 0.403125 0.670308 0.401562 0.668228 0.401562 0.661987 0.396875 0.661987 0.395312 0.659907 0.393750 0.659907 0.392187 0.657827 0.390625 0.657827 0.389062 0.653667 0.385937 0.647427 0.385937 0.647427 0.368750 0.653667 0.368750 0.655747 0.367188 0.655747 0.365625 0.657827 0.364062 0.657827 0.360937 0.659907 0.359375 0.659907 0.356250 0.661987 0.354687 0.661987 0.353125 0.664067 0.351562 0.664067 0.350000 0.666147 0.348437 0.666147 0.346875 0.668228 0.345312 0.668228 0.343750 0.684868 0.331250 0.686948 0.331250 0.691108 0.328125 0.693188 0.328125 0.697349 0.325000 0.699429 0.325000 0.701509 0.323437 0.705669 0.323437 0.709829 0.320312 0.709829 0.315625
1 0.443579 0.340625 0.443579 0.345312 0.449819 0.350000 0.451899 0.350000 0.464380 0.359375 0.464380 0.360937 0.468540 0.364062 0.468540 0.365625 0.470620 0.367188 0.470620 0.368750 0.474780 0.371875 0.474780 0.373437 0.481021 0.378125 0.487261 0.378125 0.487261 0.417187 0.481021 0.417187 0.476860 0.420312 0.476860 0.421875 0.474780 0.423437 0.474780 0.426562 0.468540 0.431250 0.466460 0.431250 0.464380 0.432812 0.464380 0.439062 0.379097 0.439062 0.379097 0.432812 0.377017 0.431250 0.377017 0.429688 0.374937 0.428125 0.374937 0.420312 0.372856 0.418750 0.372856 0.414062 0.370776 0.412500 0.370776 0.409375 0.368696 0.407812 0.368696 0.404687 0.366616 0.403125 0.366616 0.401562 0.362456 0.398438 0.356216 0.398438 0.356216 0.370312 0.364536 0.370312 0.366616 0.368750 0.366616 0.367188 0.368696 0.365625 0.368696 0.364062 0.374937 0.359375 0.374937 0.357812 0.385337 0.350000 0.387417 0.350000 0.389497 0.348437 0.391577 0.348437 0.393657 0.346875 0.395737 0.346875 0.397817 0.345312 0.397817 0.340625
1 0.487261 0.000000 0.487261 0.020312 0.478940 0.020312 0.476860 0.021875 0.476860 0.023438 0.474780 0.025000 0.474780 0.028125 0.468540 0.032812 0.468540 0.034375 0.458140 0.042187 0.456060 0.042187 0.449819 0.046875 0.449819 0.051562 0.395737 0.051562 0.395737 0.045312 0.391577 0.042187 0.391577 0.040625 0.387417 0.037500 0.381177 0.037500 0.381177 0.000000