0 0.639106 0.296875 0.639106 0.301562 0.645347 0.306250 0.649507 0.306250 0.653667 0.309375 0.655747 0.309375 0.659907 0.312500 0.661987 0.312500 0.670308 0.318750 0.672388 0.318750 0.672388 0.320312 0.676548 0.323437 0.676548 0.325000 0.680708 0.328125 0.680708 0.329687 0.682788 0.331250 0.682788 0.332812 0.684868 0.334375 0.684868 0.335938 0.689028 0.339062 0.695269 0.339062 0.695269 0.367188 0.689028 0.367188 0.684868 0.370312 0.684868 0.371875 0.682788 0.373437 0.682788 0.375000 0.680708 0.376562 0.680708 0.378125 0.676548 0.381250 0.676548 0.382812 0.661987 0.393750 0.659907 0.393750 0.655747 0.396875 0.653667 0.396875 0.651587 0.398438 0.649507 0.398438 0.647427 0.400000 0.645347 0.400000 0.641187 0.403125 0.641187 0.407812 0.597505 0.407812 0.597505 0.403125 0.593345 0.400000 0.589185 0.400000 0.587104 0.398438 0.585024 0.398438 0.582944 0.396875 0.580864 0.396875 0.574624 0.392187 0.572544 0.392187 0.562144 0.384375 0.562144 0.382812 0.560064 0.381250 0.560064 0.379687 0.553823 0.375000 0.547583 0.375000 0.547583 0.329687 0.553823 0.329687 0.560064 0.325000 0.560064 0.323437 0.562144 0.321875 0.562144 0.320312 0.574624 0.310937 0.576704 0.310937 0.582944 0.306250 0.585024 0.306250 0.587104 0.304688 0.591265 0.304688 0.595425 0.301562 0.595425 0.296875
0 0.747271 0.515625 0.747271 0.520312 0.751431 0.523437 0.755591 0.523437 0.757671 0.525000 0.759751 0.525000 0.768071 0.531250 0.770151 0.531250 0.782632 0.540625 0.782632 0.542187 0.788872 0.546875 0.788872 0.548437 0.793032 0.551562 0.793032 0.554687 0.797192 0.557812 0.803433 0.557812 0.803433 0.593750 0.797192 0.593750 0.793032 0.596875 0.793032 0.598437 0.790952 0.600000 0.790952 0.601562 0.788872 0.603125 0.788872 0.604687 0.782632 0.609375 0.782632 0.610937 0.772231 0.618750 0.770151 0.618750 0.763911 0.623438 0.761831 0.623438 0.759751 0.625000 0.757671 0.625000 0.753511 0.628125 0.753511 0.632812 0.691108 0.632812 0.691108 0.628125 0.686948 0.625000 0.684868 0.625000 0.682788 0.623438 0.680708 0.623438 0.676548 0.620312 0.674468 0.620312 0.664067 0.612500 0.664067 0.610937 0.659907 0.607813 0.659907 0.606250 0.653667 0.601562 0.647427 0.601562 0.647427 0.546875 0.653667 0.546875 0.657827 0.543750 0.657827 0.542187 0.659907 0.540625 0.659907 0.539062 0.672388 0.529687 0.674468 0.529687 0.680708 0.525000 0.682788 0.525000 0.684868 0.523437 0.686948 0.523437 0.691108 0.520312 0.691108 0.515625
0 0.489341 0.490625 0.489341 0.495312 0.493501 0.498437 0.495581 0.498437 0.497661 0.500000 0.499741 0.500000 0.522622 0.517187 0.522622 0.518750 0.524702 0.520312 0.524702 0.521875 0.526782 0.523437 0.526782 0.525000 0.530942 0.528125 0.537183 0.528125 0.537183 0.562500 0.530942 0.562500 0.526782 0.565625 0.526782 0.567187 0.524702 0.568750 0.524702 0.570312 0.522622 0.571875 0.522622 0.573437 0.518462 0.576562 0.518462 0.578125 0.516382 0.579687 0.516382 0.581250 0.514302 0.582812 0.514302 0.584375 0.499741 0.595312 0.499741 0.601562 0.424858 0.601562 0.424858 0.596875 0.416538 0.590625 0.414458 0.590625 0.404058 0.582812 0.404058 0.581250 0.399897 0.578125 0.399897 0.576562 0.397817 0.575000 0.389497 0.575000 0.389497 0.518750 0.395737 0.518750 0.401978 0.514062 0.401978 0.512500 0.406138 0.509375 0.408218 0.509375 0.414458 0.504687 0.416538 0.504687 0.422778 0.500000 0.424858 0.500000 0.426938 0.498437 0.429019 0.498437 0.431099 0.496875 0.431099 0.490625
1 0.489341 0.603125 0.489341 0.607813 0.495581 0.612500 0.497661 0.612500 0.501821 0.615625 0.503901 0.615625 0.514302 0.623438 0.514302 0.625000 0.522622 0.631250 0.522622 0.632812 0.524702 0.634375 0.524702 0.635937 0.528862 0.639062 0.528862 0.640625 0.530942 0.642187 0.530942 0.643750 0.533022 0.645312 0.533022 0.646875 0.535103 0.648438 0.535103 0.650000 0.539263 0.653125 0.545503 0.653125 0.545503 0.689062 0.539263 0.689062 0.533022 0.693750 0.533022 0.695312 0.526782 0.700000 0.526782 0.701562 0.510142 0.714062 0.510142 0.720312 0.418618 0.720312 0.418618 0.715625 0.414458 0.712500 0.412378 0.712500 0.383257 0.690625 0.383257 0.689062 0.379097 0.685937 0.372856 0.685937 0.372856 0.643750 0.379097 0.643750 0.381177 0.642187 0.381177 0.640625 0.383257 0.639062 0.383257 0.637500 0.385337 0.635937 0.385337 0.634375 0.387417 0.632812 0.387417 0.631250 0.391577 0.628125 0.391577 0.626562 0.397817 0.621875 0.399897 0.621875 0.406138 0.617188 0.408218 0.617188 0.414458 0.612500 0.416538 0.612500 0.418618 0.610937 0.420698 0.610937 0.424858 0.607813 0.424858 0.603125
1 0.661987 0.434375 0.661987 0.439062 0.668228 0.443750 0.670308 0.443750 0.674468 0.446875 0.676548 0.446875 0.689028 0.456250 0.689028 0.457812 0.693188 0.460938 0.693188 0.462500 0.697349 0.465625 0.703589 0.465625 0.703589 0.504687 0.695269 0.504687 0.693188 0.506250 0.693188 0.507812 0.689028 0.510937 0.689028 0.512500 0.680708 0.518750 0.680708 0.520312 0.678628 0.520312 0.670308 0.526562 0.668228 0.526562 0.664067 0.529687 0.661987 0.529687 0.659907 0.531250 0.657827 0.531250 0.653667 0.534375 0.653667 0.539062 0.603745 0.539062 0.603745 0.534375 0.599585 0.531250 0.597505 0.531250 0.595425 0.529687 0.593345 0.529687 0.591265 0.528125 0.589185 0.528125 0.576704 0.518750 0.576704 0.517187 0.570464 0.512500 0.564224 0.512500 0.564224 0.460938 0.572544 0.460938 0.574624 0.459375 0.574624 0.457812 0.576704 0.456250 0.576704 0.454687 0.591265 0.443750 0.593345 0.443750 0.599585 0.439062 0.599585 0.434375
1 0.025483 0.721875 0.025483 0.726562 0.029644 0.729687 0.031724 0.729687 0.033804 0.731250 0.035884 0.731250 0.037964 0.732812 0.040044 0.732812 0.044204 0.735937 0.046284 0.735937 0.054605 0.742188 0.056685 0.742188 0.077485 0.757812 0.077485 0.759375 0.079565 0.760937 0.081646 0.760937 0.083726 0.762500 0.083726 0.764062 0.098286 0.775000 0.104526 0.775000 0.104526 0.829687 0.098286 0.829687 0.094126 0.832812 0.094126 0.835938 0.092046 0.837500 0.092046 0.839062 0.087886 0.842187 0.087886 0.843750 0.085806 0.845312 0.085806 0.848437 0.083726 0.850000 0.083726 0.854687 0.081646 0.856250 0.081646 0.859375 0.077485 0.862500 0.077485 0.864062 0.075405 0.865625 0.075405 0.867188 0.071245 0.870312 0.071245 0.871875 0.069165 0.873437 0.069165 0.875000 0.048364 0.890625 0.046284 0.890625 0.040044 0.895312 0.037964 0.895312 0.033804 0.898438 0.031724 0.898438 0.025483 0.903125 0.025483 0.907812 0.000000 0.907812 0.000000 0.721875
1 0.813833 0.940625 0.813833 0.945312 0.817993 0.948437 0.820073 0.948437 0.822153 0.950000 0.824233 0.950000 0.828394 0.953125 0.830474 0.953125 0.832554 0.954687 0.834634 0.954687 0.836714 0.956250 0.838794 0.956250 0.840874 0.957812 0.842954 0.957812 0.847114 0.960938 0.849194 0.960938 0.851274 0.962500 0.853354 0.962500 0.857515 0.965625 0.859595 0.965625 0.861675 0.967187 0.863755 0.967187 0.865835 0.968750 0.867915 0.968750 0.878315 0.976562 0.880396 0.976562 0.880396 0.978125 0.886636 0.982812 0.888716 0.982812 0.888716 0.984375 0.892876 0.987500 0.892876 0.989062 0.897036 0.992188 0.903276 0.992188 0.903276 0.998437 0.738950 0.998437 0.738950 0.979687 0.745190 0.979687 0.747271 0.978125 0.747271 0.976562 0.749351 0.975000 0.749351 0.968750 0.751431 0.967187 0.751431 0.964062 0.753511 0.962500 0.753511 0.960938 0.755591 0.959375 0.755591 0.957812 0.757671 0.956250 0.757671 0.954687 0.761831 0.951562 0.761831 0.950000 0.763911 0.948437 0.763911 0.946875 0.765991 0.945312 0.765991 0.940625
1 0.383257 0.390625 0.383257 0.395312 0.387417 0.398438 0.389497 0.398438 0.406138 0.410937 0.406138 0.412500 0.410298 0.415625 0.410298 0.417187 0.414458 0.420312 0.420698 0.420312 0.420698 0.467187 0.414458 0.467187 0.408218 0.471875 0.408218 0.473437 0.399897 0.479687 0.399897 0.481250 0.393657 0.485937 0.391577 0.485937 0.387417 0.489062 0.387417 0.495312 0.310454 0.495312 0.310454 0.490625 0.306294 0.487500 0.304214 0.487500 0.300054 0.484375 0.297974 0.484375 0.287573 0.476562 0.287573 0.475000 0.283413 0.471875 0.283413 0.470312 0.279253 0.467187 0.273013 0.467187 0.273013 0.418750 0.279253 0.418750 0.283413 0.415625 0.283413 0.414062 0.287573 0.410937 0.287573 0.409375 0.293814 0.404687 0.295894 0.404687 0.304214 0.398438 0.306294 0.398438 0.310454 0.395312 0.310454 0.390625
2 0.647427 0.573437 0.649507 0.575000 0.649507 0.581250 0.647427 0.582812 0.647427 0.589062 0.655747 0.595312 0.661987 0.595312 0.661987 0.606250 0.655747 0.606250 0.651587 0.609375 0.651587 0.610937 0.649507 0.612500 0.649507 0.615625 0.647427 0.617188 0.647427 0.625000 0.649507 0.626562 0.649507 0.635937 0.647427 0.637500 0.647427 0.640625 0.643267 0.643750 0.643267 0.645312 0.637026 0.650000 0.637026 0.651562 0.632866 0.654687 0.630786 0.654687 0.622466 0.660937 0.620386 0.660937 0.614146 0.665625 0.614146 0.670312 0.551743 0.670312 0.551743 0.665625 0.547583 0.662500 0.547583 0.660937 0.541343 0.656250 0.541343 0.654687 0.537183 0.651562 0.537183 0.650000 0.535103 0.648438 0.535103 0.646875 0.533022 0.645312 0.533022 0.643750 0.530942 0.642187 0.530942 0.639062 0.528862 0.637500 0.528862 0.635937 0.524702 0.632812 0.524702 0.631250 0.520542 0.628125 0.520542 0.626562 0.512222 0.620312 0.505981 0.620312 0.505981 0.593750 0.512222 0.593750 0.514302 0.592187 0.514302 0.590625 0.516382 0.589062 0.516382 0.585937 0.518462 0.584375 0.518462 0.582812 0.522622 0.579687 0.522622 0.578125 0.530942 0.571875 0.530942 0.570312 0.535103 0.567187 0.537183 0.567187 0.543423 0.562500 0.545503 0.562500 0.547583 0.560937 0.549663 0.560937 0.551743 0.559375 0.551743 0.553125 0.607905 0.553125 0.607905 0.559375 0.609985 0.560937 0.612065 0.560937 0.614146 0.562500 0.616226 0.562500 0.639106 0.579687 0.641187 0.579687 0.645347 0.576562 0.645347 0.575000 0.647427 0.573437 0.653667 0.564062 0.653667 0.553125 0.661987 0.553125 0.661987 0.564062 0.653667 0.564062
2 0.339575 0.559375 0.339575 0.564062 0.345815 0.568750 0.347896 0.568750 0.356216 0.575000 0.358296 0.575000 0.368696 0.582812 0.368696 0.584375 0.372856 0.587500 0.372856 0.589062 0.374937 0.590625 0.374937 0.592187 0.377017 0.593750 0.377017 0.595312 0.379097 0.596875 0.379097 0.598437 0.381177 0.600000 0.387417 0.600000 0.387417 0.639062 0.381177 0.639062 0.374937 0.643750 0.374937 0.645312 0.370776 0.648438 0.370776 0.650000 0.362456 0.656250 0.362456 0.657812 0.354136 0.664062 0.352056 0.664062 0.349976 0.665625 0.347896 0.665625 0.345815 0.667187 0.343735 0.667187 0.337495 0.671875 0.337495 0.676562 0.289653 0.676562 0.289653 0.671875 0.285493 0.668750 0.283413 0.668750 0.281333 0.667187 0.279253 0.667187 0.277173 0.665625 0.275093 0.665625 0.273013 0.664062 0.270933 0.664062 0.264692 0.659375 0.262612 0.659375 0.254292 0.653125 0.254292 0.651562 0.252212 0.650000 0.252212 0.648438 0.245972 0.643750 0.239731 0.643750 0.239731 0.592187 0.245972 0.592187 0.252212 0.587500 0.252212 0.585937 0.268853 0.573437 0.270933 0.573437 0.277173 0.568750 0.279253 0.568750 0.281333 0.567187 0.283413 0.567187 0.287573 0.564062 0.287573 0.559375
2 0.508062 0.384375 0.508062 0.389062 0.512222 0.392187 0.514302 0.392187 0.516382 0.393750 0.518462 0.393750 0.522622 0.396875 0.524702 0.396875 0.528862 0.400000 0.530942 0.400000 0.533022 0.401562 0.533022 0.403125 0.541343 0.409375 0.541343 0.410937 0.543423 0.412500 0.543423 0.414062 0.545503 0.415625 0.553823 0.415625 0.553823 0.457812 0.547583 0.457812 0.543423 0.460938 0.543423 0.462500 0.541343 0.464062 0.541343 0.465625 0.533022 0.471875 0.533022 0.473437 0.522622 0.481250 0.522622 0.482812 0.520542 0.484375 0.518462 0.484375 0.514302 0.487500 0.512222 0.487500 0.510142 0.489062 0.508062 0.489062 0.505981 0.490625 0.505981 0.495312 0.474780 0.495312 0.474780 0.490625 0.472700 0.489062 0.468540 0.489062 0.466460 0.487500 0.460220 0.487500 0.458140 0.485937 0.453979 0.485937 0.447739 0.481250 0.445659 0.481250 0.441499 0.478125 0.439419 0.478125 0.431099 0.471875 0.431099 0.470312 0.426938 0.467187 0.426938 0.464062 0.424858 0.462500 0.424858 0.460938 0.420698 0.457812 0.414458 0.457812 0.414458 0.415625 0.420698 0.415625 0.424858 0.412500 0.424858 0.410937 0.429019 0.407812 0.429019 0.406250 0.437339 0.400000 0.439419 0.400000 0.447739 0.393750 0.449819 0.393750 0.451899 0.392187 0.453979 0.392187 0.458140 0.389062 0.458140 0.384375
1 0.139888 0.834375 0.139888 0.839062 0.141968 0.840625 0.141968 0.843750 0.144048 0.845312 0.144048 0.846875 0.148208 0.850000 0.148208 0.851562 0.150288 0.853125 0.150288 0.854687 0.152368 0.856250 0.152368 0.857812 0.156528 0.860937 0.162769 0.860937 0.162769 0.893750 0.156528 0.893750 0.150288 0.898438 0.150288 0.900000 0.139888 0.907812 0.139888 0.914062 0.108687 0.914062 0.108687 0.909375 0.104526 0.906250 0.102446 0.906250 0.100366 0.904687 0.098286 0.904687 0.085806 0.895312 0.085806 0.893750 0.087886 0.892187 0.087886 0.889062 0.089966 0.887500 0.089966 0.884375 0.098286 0.878125 0.098286 0.865625 0.096206 0.864062 0.096206 0.862500 0.094126 0.860937 0.094126 0.857812 0.092046 0.856250 0.092046 0.846875 0.094126 0.845312 0.094126 0.834375
1 0.243892 0.784375 0.243892 0.789062 0.245972 0.790625 0.245972 0.792187 0.248052 0.793750 0.248052 0.809375 0.245972 0.810937 0.245972 0.814062 0.248052 0.815625 0.248052 0.818750 0.250132 0.820312 0.250132 0.821875 0.254292 0.825000 0.256372 0.825000 0.256372 0.826562 0.264692 0.832812 0.270933 0.832812 0.270933 0.860937 0.262612 0.860937 0.258452 0.864062 0.258452 0.870312 0.216851 0.870312 0.216851 0.865625 0.212690 0.862500 0.208530 0.862500 0.206450 0.860937 0.200210 0.860937 0.198130 0.859375 0.191890 0.859375 0.189810 0.857812 0.187730 0.857812 0.185649 0.859375 0.177329 0.859375 0.175249 0.860937 0.158608 0.860937 0.156528 0.862500 0.156528 0.864062 0.156528 0.862500 0.154448 0.860937 0.154448 0.857812 0.148208 0.853125 0.148208 0.851562 0.146128 0.850000 0.146128 0.846875 0.144048 0.845312 0.144048 0.843750 0.139888 0.840625 0.131567 0.840625 0.131567 0.812500 0.137808 0.812500 0.141968 0.809375 0.141968 0.806250 0.144048 0.804688 0.144048 0.803125 0.146128 0.801562 0.146128 0.800000 0.150288 0.796875 0.150288 0.795312 0.152368 0.793750 0.152368 0.792187 0.154448 0.792187 0.156528 0.790625 0.158608 0.790625 0.160689 0.789062 0.160689 0.784375
1 0.185649 0.703125 0.185649 0.707812 0.189810 0.710938 0.193970 0.710938 0.196050 0.712500 0.198130 0.712500 0.200210 0.714062 0.202290 0.714062 0.206450 0.717187 0.208530 0.717187 0.210610 0.718750 0.212690 0.718750 0.239731 0.739062 0.239731 0.740625 0.241812 0.742188 0.241812 0.745312 0.243892 0.746875 0.243892 0.748437 0.248052 0.751562 0.254292 0.751562 0.254292 0.782812 0.243892 0.782812 0.241812 0.784375 0.241812 0.789062 0.173169 0.789062 0.173169 0.784375 0.171089 0.782812 0.156528 0.782812 0.154448 0.781250 0.148208 0.781250 0.141968 0.776562 0.141968 0.771875 0.133648 0.765625 0.133648 0.764062 0.131567 0.762500 0.131567 0.760937 0.129487 0.759375 0.129487 0.753125 0.127407 0.751562 0.127407 0.743750 0.125327 0.742188 0.125327 0.734375 0.127407 0.732812 0.127407 0.717187 0.129487 0.715625 0.129487 0.714062 0.133648 0.710938 0.135728 0.710938 0.139888 0.707812 0.139888 0.703125
1 0.368696 0.971875 0.368696 0.976562 0.372856 0.979687 0.374937 0.979687 0.391577 0.992188 0.393657 0.992188 0.395737 0.993750 0.404058 0.993750 0.404058 0.998437 0.264692 0.998437 0.264692 0.995312 0.273013 0.995312 0.275093 0.993750 0.277173 0.993750 0.279253 0.992188 0.281333 0.992188 0.285493 0.989062 0.287573 0.989062 0.289653 0.987500 0.291733 0.987500 0.295894 0.984375 0.297974 0.984375 0.302134 0.981250 0.304214 0.981250 0.306294 0.979687 0.308374 0.979687 0.310454 0.978125 0.310454 0.971875