1 0.453125 0.420833 0.453125 0.427083 0.456250 0.431250 0.457812 0.431250 0.460938 0.435417 0.462500 0.435417 0.470312 0.445833 0.470312 0.447917 0.475000 0.454167 0.475000 0.456250 0.476562 0.458333 0.476562 0.462500 0.479688 0.466667 0.484375 0.466667 0.484375 0.535417 0.479688 0.535417 0.478125 0.537500 0.478125 0.539583 0.476562 0.541667 0.476562 0.545833 0.459375 0.568750 0.457812 0.568750 0.454687 0.572917 0.453125 0.572917 0.451563 0.575000 0.450000 0.575000 0.446875 0.579167 0.446875 0.585417 0.400000 0.585417 0.400000 0.579167 0.398438 0.577083 0.396875 0.577083 0.395312 0.575000 0.393750 0.575000 0.392187 0.572917 0.390625 0.572917 0.387500 0.568750 0.385938 0.568750 0.376562 0.556250 0.376562 0.554167 0.373438 0.550000 0.373438 0.547917 0.371875 0.545833 0.371875 0.543750 0.370313 0.541667 0.370313 0.539583 0.368750 0.537500 0.368750 0.535417 0.365625 0.531250 0.360937 0.531250 0.360937 0.477083 0.365625 0.477083 0.371875 0.468750 0.371875 0.466667 0.400000 0.429167 0.400000 0.420833
1 0.554688 0.587500 0.554688 0.593750 0.556250 0.595833 0.557813 0.595833 0.559375 0.597917 0.560937 0.597917 0.562500 0.600000 0.564063 0.600000 0.565625 0.602083 0.567187 0.602083 0.571875 0.608333 0.573438 0.608333 0.582812 0.620833 0.582812 0.622917 0.584375 0.625000 0.584375 0.627083 0.585938 0.629167 0.585938 0.631250 0.589063 0.635417 0.589063 0.639583 0.592187 0.643750 0.596875 0.643750 0.596875 0.708333 0.592187 0.708333 0.587500 0.714583 0.587500 0.716667 0.585938 0.718750 0.585938 0.720833 0.573438 0.737500 0.571875 0.737500 0.567187 0.743750 0.565625 0.743750 0.564063 0.745833 0.562500 0.745833 0.560937 0.747917 0.559375 0.747917 0.557813 0.750000 0.556250 0.750000 0.554688 0.752083 0.553125 0.752083 0.551562 0.754167 0.551562 0.760417 0.515625 0.760417 0.515625 0.754167 0.512500 0.750000 0.510938 0.750000 0.509375 0.747917 0.506250 0.747917 0.504687 0.745833 0.503125 0.745833 0.498438 0.739583 0.496875 0.739583 0.482813 0.720833 0.482813 0.718750 0.481250 0.716667 0.481250 0.714583 0.478125 0.710417 0.473437 0.710417 0.473437 0.635417 0.478125 0.635417 0.481250 0.631250 0.481250 0.629167 0.482813 0.627083 0.482813 0.625000 0.487500 0.618750 0.487500 0.616667 0.493750 0.608333 0.495313 0.608333 0.503125 0.597917 0.506250 0.597917 0.509375 0.593750 0.509375 0.587500
0 0.554688 0.429167 0.554688 0.435417 0.557813 0.439583 0.560937 0.439583 0.562500 0.441667 0.564063 0.441667 0.567187 0.445833 0.568750 0.445833 0.570312 0.447917 0.571875 0.447917 0.578125 0.456250 0.579688 0.456250 0.581250 0.458333 0.581250 0.460417 0.589063 0.470833 0.589063 0.472917 0.593750 0.479167 0.593750 0.481250 0.595313 0.483333 0.595313 0.487500 0.598437 0.491667 0.603125 0.491667 0.603125 0.543750 0.598437 0.543750 0.595313 0.547917 0.595313 0.550000 0.592187 0.554167 0.592187 0.556250 0.589063 0.560417 0.589063 0.562500 0.584375 0.568750 0.584375 0.570833 0.581250 0.575000 0.581250 0.577083 0.578125 0.581250 0.578125 0.583333 0.575000 0.587500 0.573438 0.587500 0.570312 0.591667 0.568750 0.591667 0.565625 0.595833 0.565625 0.602083 0.546875 0.602083 0.546875 0.595833 0.545312 0.593750 0.543750 0.593750 0.542188 0.591667 0.525000 0.591667 0.523438 0.593750 0.520312 0.593750 0.518750 0.595833 0.518750 0.602083 0.510938 0.602083 0.510938 0.595833 0.509375 0.593750 0.507812 0.593750 0.506250 0.591667 0.503125 0.591667 0.496875 0.583333 0.495313 0.583333 0.487500 0.572917 0.487500 0.570833 0.484375 0.566667 0.479688 0.566667 0.479688 0.466667 0.485937 0.466667 0.487500 0.464583 0.487500 0.462500 0.498438 0.447917 0.500000 0.447917 0.503125 0.443750 0.504687 0.443750 0.507812 0.439583 0.510938 0.439583 0.514062 0.435417 0.514062 0.429167
2 0.442187 0.595833 0.442187 0.602083 0.445312 0.606250 0.446875 0.606250 0.448438 0.608333 0.450000 0.608333 0.454687 0.614583 0.456250 0.614583 0.473437 0.637500 0.478125 0.637500 0.478125 0.727083 0.473437 0.727083 0.468750 0.733333 0.468750 0.735417 0.454687 0.754167 0.453125 0.754167 0.451563 0.756250 0.450000 0.756250 0.448438 0.758333 0.446875 0.758333 0.443750 0.762500 0.443750 0.768750 0.395312 0.768750 0.395312 0.762500 0.392187 0.758333 0.390625 0.758333 0.389063 0.756250 0.387500 0.756250 0.385938 0.754167 0.384375 0.754167 0.379687 0.747917 0.378125 0.747917 0.375000 0.743750 0.375000 0.741667 0.370313 0.735417 0.370313 0.733333 0.365625 0.727083 0.365625 0.722917 0.364062 0.720833 0.364062 0.716667 0.362500 0.714583 0.362500 0.712500 0.360937 0.710417 0.360937 0.708333 0.359375 0.706250 0.354688 0.706250 0.354688 0.664583 0.359375 0.664583 0.362500 0.660417 0.362500 0.656250 0.364062 0.654167 0.364062 0.652083 0.365625 0.650000 0.365625 0.647917 0.367188 0.645833 0.367188 0.643750 0.368750 0.641667 0.368750 0.639583 0.371875 0.635417 0.371875 0.633333 0.378125 0.625000 0.379687 0.625000 0.387500 0.614583 0.389063 0.614583 0.392187 0.610417 0.393750 0.610417 0.395312 0.608333 0.396875 0.608333 0.398438 0.606250 0.401563 0.606250 0.404688 0.602083 0.404688 0.595833
2 0.125000 0.985417 0.126562 0.983333 0.128125 0.983333 0.131250 0.979167 0.131250 0.977083 0.134375 0.972917 0.135938 0.972917 0.142187 0.964583 0.143750 0.964583 0.145312 0.962500 0.146875 0.962500 0.150000 0.958333 0.151563 0.958333 0.153125 0.956250 0.159375 0.956250 0.159375 0.979167 0.154688 0.979167 0.146875 0.989583 0.145312 0.989583 0.143750 0.991667 0.139063 0.991667 0.137500 0.993750 0.135938 0.993750 0.134375 0.995833 0.134375 0.997917 0.123438 0.997917 0.123438 0.995833 0.125000 0.993750 0.125000 0.985417 0.095312 0.954167 0.087500 0.964583 0.087500 0.966667 0.085938 0.966667 0.084375 0.968750 0.084375 0.970833 0.071875 0.987500 0.070312 0.987500 0.067187 0.991667 0.065625 0.991667 0.062500 0.995833 0.062500 0.997917 0.001562 0.997917 0.001562 0.162500 0.009375 0.162500 0.009375 0.168750 0.017187 0.179167 0.018750 0.179167 0.029688 0.193750 0.031250 0.193750 0.046875 0.214583 0.046875 0.216667 0.064062 0.239583 0.064062 0.241667 0.073438 0.254167 0.075000 0.254167 0.082812 0.264583 0.084375 0.264583 0.089063 0.270833 0.089063 0.272917 0.125000 0.320833 0.126562 0.320833 0.129687 0.325000 0.131250 0.325000 0.134375 0.329167 0.135938 0.329167 0.135938 0.331250 0.139063 0.335417 0.139063 0.339583 0.140625 0.341667 0.140625 0.347917 0.142187 0.350000 0.142187 0.360417 0.143750 0.362500 0.143750 0.372917 0.145312 0.375000 0.145312 0.387500 0.146875 0.389583 0.146875 0.404167 0.148438 0.406250 0.148438 0.420833 0.150000 0.422917 0.150000 0.452083 0.151563 0.454167 0.151563 0.489583 0.153125 0.491667 0.153125 0.506250 0.151563 0.508333 0.151563 0.512500 0.153125 0.514583 0.153125 0.527083 0.154688 0.529167 0.159375 0.529167 0.159375 0.856250 0.154688 0.856250 0.150000 0.862500 0.150000 0.864583 0.146875 0.868750 0.146875 0.870833 0.140625 0.879167 0.140625 0.881250 0.134375 0.889583 0.134375 0.891667 0.128125 0.900000 0.128125 0.902083 0.120313 0.912500 0.120313 0.914583 0.109375 0.929167 0.109375 0.931250 0.101562 0.941667 0.101562 0.943750 0.095312 0.952083 0.095312 0.954167
2 0.328125 0.362500 0.328125 0.368750 0.331250 0.372917 0.332812 0.372917 0.334375 0.375000 0.335938 0.375000 0.337500 0.377083 0.339063 0.377083 0.343750 0.383333 0.345312 0.383333 0.359375 0.402083 0.359375 0.404167 0.362500 0.408333 0.362500 0.410417 0.364062 0.412500 0.364062 0.414583 0.367188 0.418750 0.371875 0.418750 0.371875 0.479167 0.367188 0.479167 0.364062 0.483333 0.364062 0.487500 0.362500 0.489583 0.362500 0.491667 0.359375 0.495833 0.359375 0.497917 0.357813 0.500000 0.357813 0.502083 0.356250 0.504167 0.356250 0.506250 0.353125 0.510417 0.353125 0.512500 0.351562 0.512500 0.346875 0.518750 0.345312 0.518750 0.340625 0.525000 0.339063 0.525000 0.335938 0.529167 0.332812 0.529167 0.331250 0.531250 0.328125 0.531250 0.326563 0.533333 0.323438 0.533333 0.321875 0.535417 0.320312 0.535417 0.318750 0.537500 0.318750 0.543750 0.293750 0.543750 0.293750 0.537500 0.290625 0.533333 0.285937 0.533333 0.284375 0.531250 0.281250 0.531250 0.279688 0.529167 0.276563 0.529167 0.273438 0.525000 0.271875 0.525000 0.270312 0.522917 0.268750 0.522917 0.265625 0.518750 0.264063 0.518750 0.253125 0.504167 0.253125 0.502083 0.251562 0.500000 0.251562 0.497917 0.250000 0.495833 0.250000 0.493750 0.246875 0.489583 0.246875 0.485417 0.245313 0.483333 0.245313 0.481250 0.243750 0.479167 0.243750 0.475000 0.242188 0.472917 0.242188 0.470833 0.240625 0.468750 0.235937 0.468750 0.235937 0.433333 0.240625 0.433333 0.242188 0.431250 0.242188 0.429167 0.243750 0.427083 0.243750 0.425000 0.245313 0.422917 0.245313 0.418750 0.246875 0.416667 0.246875 0.412500 0.250000 0.408333 0.250000 0.406250 0.253125 0.402083 0.253125 0.400000 0.268750 0.379167 0.270312 0.379167 0.273438 0.375000 0.275000 0.375000 0.276563 0.372917 0.278125 0.372917 0.281250 0.368750 0.281250 0.362500
2 0.667188 0.304167 0.667188 0.312500 0.668750 0.314583 0.671875 0.314583 0.673438 0.316667 0.675000 0.316667 0.676562 0.318750 0.678125 0.318750 0.681250 0.322917 0.682813 0.322917 0.690625 0.333333 0.692187 0.333333 0.693750 0.335417 0.693750 0.337500 0.698438 0.343750 0.698438 0.345833 0.700000 0.347917 0.700000 0.350000 0.704688 0.356250 0.709375 0.356250 0.709375 0.418750 0.704688 0.418750 0.701562 0.422917 0.701562 0.425000 0.700000 0.427083 0.700000 0.429167 0.698438 0.431250 0.698438 0.433333 0.692187 0.441667 0.692187 0.443750 0.690625 0.445833 0.689063 0.445833 0.684375 0.452083 0.684375 0.454167 0.682813 0.454167 0.676562 0.462500 0.676562 0.468750 0.626563 0.468750 0.626563 0.462500 0.617188 0.450000 0.615625 0.450000 0.610938 0.443750 0.609375 0.443750 0.606250 0.439583 0.604688 0.439583 0.601562 0.435417 0.600000 0.435417 0.589063 0.420833 0.589063 0.418750 0.587500 0.416667 0.587500 0.412500 0.585938 0.410417 0.585938 0.408333 0.584375 0.406250 0.579688 0.406250 0.579688 0.366667 0.584375 0.366667 0.585938 0.364583 0.585938 0.362500 0.587500 0.360417 0.587500 0.356250 0.589063 0.354167 0.589063 0.352083 0.592187 0.347917 0.592187 0.345833 0.595313 0.341667 0.595313 0.339583 0.603125 0.329167 0.603125 0.327083 0.604688 0.327083 0.609375 0.320833 0.610938 0.320833 0.614062 0.316667 0.615625 0.316667 0.617188 0.314583 0.618750 0.314583 0.621875 0.310417 0.621875 0.304167
2 0.657813 0.512500 0.657813 0.518750 0.660937 0.522917 0.662500 0.522917 0.664062 0.525000 0.665625 0.525000 0.671875 0.533333 0.673438 0.533333 0.681250 0.543750 0.681250 0.545833 0.687500 0.554167 0.687500 0.556250 0.689063 0.558333 0.689063 0.562500 0.690625 0.564583 0.696875 0.564583 0.696875 0.629167 0.690625 0.629167 0.689063 0.631250 0.689063 0.633333 0.687500 0.635417 0.687500 0.637500 0.685937 0.639583 0.685937 0.641667 0.682813 0.645833 0.682813 0.647917 0.671875 0.662500 0.670312 0.662500 0.668750 0.664583 0.667188 0.664583 0.665625 0.666667 0.664062 0.666667 0.660937 0.670833 0.660937 0.677083 0.607812 0.677083 0.607812 0.670833 0.598437 0.658333 0.598437 0.656250 0.595313 0.652083 0.595313 0.650000 0.592187 0.645833 0.592187 0.643750 0.590625 0.641667 0.590625 0.637500 0.589063 0.635417 0.589063 0.633333 0.587500 0.631250 0.587500 0.629167 0.584375 0.625000 0.579688 0.625000 0.579688 0.568750 0.585938 0.568750 0.587500 0.566667 0.587500 0.564583 0.590625 0.560417 0.590625 0.558333 0.595313 0.552083 0.595313 0.550000 0.596875 0.547917 0.596875 0.545833 0.598437 0.543750 0.598437 0.539583 0.600000 0.537500 0.600000 0.535417 0.603125 0.531250 0.603125 0.529167 0.610938 0.518750 0.610938 0.512500
1 1.000000 0.570833 1.000000 0.870833 0.998437 0.870833 0.996875 0.872917 0.995312 0.872917 0.993750 0.875000 0.990625 0.875000 0.989063 0.877083 0.987500 0.877083 0.985938 0.879167 0.984375 0.879167 0.982812 0.881250 0.975000 0.881250 0.973437 0.883333 0.960938 0.883333 0.959375 0.885417 0.934375 0.885417 0.932812 0.887500 0.932812 0.893750 0.892187 0.893750 0.892187 0.752083 0.900000 0.752083 0.901562 0.750000 0.903125 0.750000 0.904688 0.747917 0.904688 0.745833 0.906250 0.743750 0.906250 0.737500 0.907812 0.735417 0.907812 0.729167 0.909375 0.727083 0.909375 0.720833 0.910938 0.718750 0.910938 0.697917 0.912500 0.695833 0.912500 0.689583 0.914062 0.687500 0.914062 0.683333 0.915625 0.681250 0.915625 0.677083 0.917187 0.675000 0.917187 0.666667 0.918750 0.664583 0.918750 0.654167 0.920313 0.652083 0.920313 0.631250 0.921875 0.629167 0.921875 0.620833 0.923437 0.618750 0.923437 0.616667 0.925000 0.614583 0.925000 0.612500 0.929688 0.606250 0.929688 0.604167 0.932812 0.600000 0.934375 0.600000 0.939062 0.593750 0.940625 0.593750 0.942187 0.591667 0.943750 0.591667 0.945312 0.589583 0.946875 0.589583 0.950000 0.585417 0.951563 0.585417 0.953125 0.583333 0.954687 0.583333 0.956250 0.581250 0.957812 0.581250 0.959375 0.579167 0.960938 0.579167 0.962500 0.577083 0.962500 0.570833
2 0.479688 0.262500 0.479688 0.270833 0.481250 0.272917 0.482813 0.272917 0.484375 0.275000 0.485937 0.275000 0.501563 0.295833 0.501563 0.297917 0.506250 0.304167 0.506250 0.306250 0.507812 0.308333 0.507812 0.310417 0.510938 0.314583 0.515625 0.314583 0.515625 0.379167 0.510938 0.379167 0.507812 0.383333 0.507812 0.385417 0.506250 0.387500 0.506250 0.389583 0.503125 0.393750 0.503125 0.395833 0.498438 0.402083 0.498438 0.404167 0.496875 0.406250 0.495313 0.406250 0.490625 0.412500 0.489062 0.412500 0.487500 0.414583 0.485937 0.414583 0.484375 0.416667 0.482813 0.416667 0.479688 0.420833 0.479688 0.427083 0.420313 0.427083 0.420313 0.420833 0.418750 0.418750 0.415625 0.418750 0.414062 0.416667 0.410937 0.416667 0.407812 0.412500 0.406250 0.412500 0.396875 0.400000 0.396875 0.397917 0.393750 0.393750 0.393750 0.391667 0.392187 0.389583 0.392187 0.387500 0.390625 0.385417 0.390625 0.383333 0.389063 0.381250 0.389063 0.377083 0.387500 0.375000 0.387500 0.368750 0.385938 0.366667 0.385938 0.364583 0.384375 0.362500 0.379687 0.362500 0.379687 0.327083 0.384375 0.327083 0.387500 0.322917 0.387500 0.318750 0.389063 0.316667 0.389063 0.312500 0.390625 0.310417 0.390625 0.308333 0.393750 0.304167 0.393750 0.302083 0.395312 0.300000 0.395312 0.297917 0.403125 0.287500 0.403125 0.285417 0.404688 0.283333 0.406250 0.283333 0.409375 0.279167 0.409375 0.277083 0.410937 0.277083 0.414062 0.272917 0.415625 0.272917 0.418750 0.268750 0.418750 0.262500
1 0.753125 0.954167 0.753125 0.997917 0.567187 0.997917 0.567187 0.993750 0.573438 0.993750 0.578125 0.987500 0.579688 0.987500 0.584375 0.981250 0.585938 0.981250 0.590625 0.975000 0.592187 0.975000 0.593750 0.972917 0.596875 0.972917 0.598437 0.970833 0.600000 0.970833 0.601562 0.968750 0.603125 0.968750 0.604688 0.966667 0.606250 0.966667 0.607812 0.964583 0.612500 0.964583 0.614062 0.962500 0.617188 0.962500 0.618750 0.960417 0.618750 0.954167 0.712500 0.954167 0.712500 0.960417 0.715625 0.964583 0.718750 0.964583 0.720313 0.966667 0.723437 0.966667 0.725000 0.968750 0.726562 0.968750 0.728125 0.970833 0.729688 0.970833 0.731250 0.968750 0.732812 0.968750 0.734375 0.966667 0.735938 0.966667 0.739062 0.962500 0.739062 0.954167