1 0.358813 0.540625 0.358813 0.545312 0.344253 0.556250 0.344253 0.557812 0.340093 0.560937 0.340093 0.562500 0.338013 0.564062 0.338013 0.565625 0.335933 0.567187 0.329692 0.567187 0.329692 0.603125 0.335933 0.603125 0.338013 0.604687 0.338013 0.606250 0.340093 0.607813 0.340093 0.610937 0.344253 0.614062 0.344253 0.615625 0.358813 0.626562 0.360894 0.626562 0.362974 0.628125 0.365054 0.628125 0.369214 0.631250 0.373374 0.631250 0.375454 0.632812 0.377534 0.632812 0.379614 0.634375 0.379614 0.639062 0.427456 0.639062 0.427456 0.634375 0.429536 0.632812 0.431616 0.632812 0.433696 0.631250 0.435776 0.631250 0.437856 0.629687 0.439936 0.629687 0.444097 0.626562 0.446177 0.626562 0.464897 0.612500 0.464897 0.609375 0.466978 0.607813 0.466978 0.606250 0.469058 0.604687 0.469058 0.603125 0.471138 0.601562 0.477378 0.601562 0.477378 0.581250 0.471138 0.581250 0.466978 0.578125 0.466978 0.575000 0.464897 0.573437 0.464897 0.571875 0.462817 0.570312 0.462817 0.568750 0.452417 0.560937 0.450337 0.560937 0.446177 0.557812 0.444097 0.557812 0.442017 0.556250 0.439936 0.556250 0.437856 0.554687 0.435776 0.554687 0.431616 0.551562 0.429536 0.551562 0.421216 0.545312 0.421216 0.540625
0 0.310972 0.628125 0.310972 0.632812 0.306812 0.635937 0.304731 0.635937 0.302651 0.637500 0.300571 0.637500 0.298491 0.639062 0.298491 0.640625 0.286011 0.650000 0.286011 0.651562 0.283931 0.653125 0.283931 0.654687 0.277690 0.659375 0.271450 0.659375 0.271450 0.701562 0.277690 0.701562 0.283931 0.706250 0.283931 0.707812 0.286011 0.709375 0.286011 0.710938 0.294331 0.717187 0.294331 0.718750 0.298491 0.721875 0.300571 0.721875 0.308892 0.728125 0.310972 0.728125 0.313052 0.729687 0.317212 0.729687 0.319292 0.731250 0.321372 0.731250 0.325532 0.734375 0.325532 0.739062 0.369214 0.739062 0.369214 0.734375 0.373374 0.731250 0.375454 0.731250 0.377534 0.729687 0.381694 0.729687 0.383774 0.728125 0.385854 0.728125 0.387935 0.726562 0.390015 0.726562 0.394175 0.723437 0.396255 0.723437 0.406655 0.715625 0.406655 0.714062 0.412896 0.709375 0.419136 0.709375 0.419136 0.653125 0.410815 0.653125 0.408735 0.651562 0.408735 0.650000 0.396255 0.640625 0.394175 0.640625 0.392095 0.639062 0.387935 0.639062 0.385854 0.637500 0.383774 0.637500 0.381694 0.635937 0.377534 0.635937 0.375454 0.634375 0.371294 0.634375 0.369214 0.632812 0.369214 0.628125
1 0.431616 0.378125 0.431616 0.382812 0.427456 0.385937 0.425376 0.385937 0.423296 0.387500 0.423296 0.389062 0.417056 0.393750 0.414976 0.393750 0.414976 0.395312 0.412896 0.396875 0.412896 0.398438 0.410815 0.400000 0.404575 0.400000 0.404575 0.445312 0.410815 0.445312 0.412896 0.446875 0.412896 0.448437 0.414976 0.450000 0.414976 0.451562 0.417056 0.453125 0.417056 0.454687 0.419136 0.456250 0.421216 0.456250 0.425376 0.459375 0.425376 0.460938 0.427456 0.460938 0.429536 0.462500 0.431616 0.462500 0.433696 0.464062 0.433696 0.470312 0.489858 0.470312 0.489858 0.465625 0.491938 0.464062 0.494019 0.464062 0.496099 0.462500 0.498179 0.462500 0.506499 0.456250 0.506499 0.454687 0.514819 0.448437 0.514819 0.446875 0.516899 0.445312 0.516899 0.443750 0.521060 0.440625 0.527300 0.440625 0.527300 0.406250 0.518979 0.406250 0.516899 0.404687 0.516899 0.403125 0.512739 0.400000 0.512739 0.398438 0.508579 0.395312 0.508579 0.393750 0.504419 0.390625 0.504419 0.389062 0.502339 0.387500 0.502339 0.385937 0.500259 0.384375 0.500259 0.378125
0 0.327612 0.428125 0.327612 0.432812 0.323452 0.435937 0.321372 0.435937 0.319292 0.437500 0.317212 0.437500 0.310972 0.442187 0.308892 0.442187 0.294331 0.453125 0.294331 0.454687 0.279770 0.465625 0.271450 0.465625 0.271450 0.500000 0.277690 0.500000 0.296411 0.514062 0.300571 0.514062 0.302651 0.515625 0.304731 0.515625 0.306812 0.517187 0.308892 0.517187 0.310972 0.518750 0.313052 0.518750 0.317212 0.521875 0.317212 0.526562 0.367134 0.526562 0.367134 0.521875 0.369214 0.520312 0.371294 0.520312 0.373374 0.518750 0.375454 0.518750 0.377534 0.517187 0.379614 0.517187 0.381694 0.515625 0.383774 0.515625 0.390015 0.510937 0.392095 0.510937 0.398335 0.506250 0.398335 0.504687 0.404575 0.500000 0.410815 0.500000 0.410815 0.451562 0.402495 0.451562 0.400415 0.450000 0.400415 0.448437 0.383774 0.435937 0.381694 0.435937 0.379614 0.434375 0.377534 0.434375 0.375454 0.432812 0.375454 0.428125
0 0.566821 0.403125 0.566821 0.409375 0.564741 0.410937 0.562661 0.410937 0.554341 0.417187 0.552261 0.417187 0.550181 0.418750 0.550181 0.420312 0.539780 0.428125 0.539780 0.429688 0.537700 0.431250 0.529380 0.431250 0.529380 0.467187 0.537700 0.467187 0.546021 0.473437 0.548101 0.473437 0.552261 0.476562 0.552261 0.478125 0.554341 0.479687 0.556421 0.479687 0.558501 0.481250 0.558501 0.482812 0.562661 0.485937 0.564741 0.485937 0.568901 0.489062 0.568901 0.495312 0.625063 0.495312 0.625063 0.490625 0.627144 0.489062 0.629224 0.489062 0.633384 0.485937 0.635464 0.485937 0.643784 0.479687 0.643784 0.478125 0.650024 0.473437 0.650024 0.471875 0.652104 0.470312 0.652104 0.468750 0.654185 0.467187 0.660425 0.467187 0.660425 0.432812 0.654185 0.432812 0.650024 0.429688 0.650024 0.428125 0.647944 0.426562 0.647944 0.425000 0.645864 0.423437 0.645864 0.421875 0.633384 0.412500 0.631304 0.412500 0.629224 0.410937 0.627144 0.410937 0.622983 0.407812 0.622983 0.403125
0 0.444097 0.265625 0.444097 0.270312 0.439936 0.273437 0.437856 0.273437 0.435776 0.275000 0.433696 0.275000 0.414976 0.289062 0.414976 0.290625 0.412896 0.292187 0.404575 0.292187 0.404575 0.337500 0.410815 0.337500 0.417056 0.342187 0.417056 0.343750 0.429536 0.353125 0.431616 0.353125 0.435776 0.356250 0.437856 0.356250 0.442017 0.359375 0.442017 0.364062 0.487778 0.364062 0.487778 0.359375 0.491938 0.356250 0.494019 0.356250 0.504419 0.348437 0.504419 0.346875 0.506499 0.345312 0.506499 0.343750 0.512739 0.339062 0.512739 0.335938 0.514819 0.334375 0.514819 0.332812 0.516899 0.331250 0.516899 0.329687 0.518979 0.328125 0.527300 0.328125 0.527300 0.296875 0.521060 0.296875 0.514819 0.292187 0.514819 0.290625 0.512739 0.289062 0.512739 0.287500 0.496099 0.275000 0.494019 0.275000 0.491938 0.273437 0.489858 0.273437 0.485698 0.270312 0.485698 0.265625
1 0.668745 0.303125 0.668745 0.307813 0.664585 0.310937 0.662505 0.310937 0.641704 0.326562 0.641704 0.328125 0.639624 0.329687 0.639624 0.332812 0.635464 0.335938 0.629224 0.335938 0.629224 0.376562 0.635464 0.376562 0.647944 0.385937 0.650024 0.385937 0.656265 0.390625 0.658345 0.390625 0.666665 0.396875 0.666665 0.401562 0.699946 0.401562 0.699946 0.396875 0.704106 0.393750 0.708267 0.393750 0.710347 0.392187 0.712427 0.392187 0.714507 0.390625 0.718667 0.390625 0.731147 0.381250 0.731147 0.379687 0.737388 0.375000 0.737388 0.373437 0.741548 0.370312 0.741548 0.368750 0.745708 0.365625 0.751948 0.365625 0.751948 0.334375 0.745708 0.334375 0.741548 0.331250 0.741548 0.329687 0.739468 0.328125 0.739468 0.326562 0.731147 0.320312 0.731147 0.318750 0.729067 0.318750 0.720747 0.312500 0.718667 0.312500 0.716587 0.310937 0.714507 0.310937 0.712427 0.309375 0.712427 0.303125
1 0.604263 0.490625 0.604263 0.495312 0.600103 0.498437 0.598022 0.498437 0.589702 0.504687 0.587622 0.504687 0.585542 0.506250 0.583462 0.506250 0.581382 0.507812 0.581382 0.509375 0.575142 0.514062 0.575142 0.515625 0.573062 0.517187 0.573062 0.518750 0.568901 0.521875 0.568901 0.523437 0.566821 0.525000 0.566821 0.526562 0.560581 0.531250 0.554341 0.531250 0.554341 0.581250 0.591782 0.581250 0.593862 0.582812 0.598022 0.582812 0.600103 0.584375 0.600103 0.589062 0.647944 0.589062 0.647944 0.584375 0.652104 0.581250 0.654185 0.581250 0.656265 0.579687 0.658345 0.579687 0.660425 0.578125 0.662505 0.578125 0.670825 0.571875 0.670825 0.570312 0.674985 0.567187 0.674985 0.565625 0.679145 0.562500 0.685386 0.562500 0.685386 0.529687 0.679145 0.529687 0.672905 0.525000 0.672905 0.523437 0.670825 0.521875 0.670825 0.520312 0.668745 0.518750 0.668745 0.515625 0.664585 0.512500 0.664585 0.510937 0.650024 0.500000 0.647944 0.500000 0.645864 0.498437 0.641704 0.498437 0.637544 0.495312 0.637544 0.490625
0 0.552261 0.678125 0.546021 0.678125 0.546021 0.682812 0.552261 0.682812 0.552261 0.678125 0.570981 0.664062 0.577222 0.668750 0.579302 0.668750 0.585542 0.673437 0.589702 0.673437 0.591782 0.675000 0.593862 0.675000 0.598022 0.678125 0.598022 0.682812 0.643784 0.682812 0.643784 0.676562 0.645864 0.675000 0.647944 0.675000 0.650024 0.673437 0.652104 0.673437 0.660425 0.667187 0.662505 0.667187 0.662505 0.665625 0.668745 0.660937 0.668745 0.659375 0.672905 0.656250 0.672905 0.653125 0.674985 0.651562 0.674985 0.650000 0.679145 0.646875 0.685386 0.646875 0.685386 0.620312 0.679145 0.620312 0.674985 0.617188 0.674985 0.614062 0.672905 0.612500 0.672905 0.610937 0.670825 0.609375 0.670825 0.607813 0.666665 0.604687 0.666665 0.603125 0.654185 0.593750 0.652104 0.593750 0.650024 0.592187 0.647944 0.592187 0.643784 0.589062 0.643784 0.584375 0.546021 0.584375 0.546021 0.643750 0.552261 0.643750 0.556421 0.646875 0.556421 0.648438 0.558501 0.650000 0.558501 0.651562 0.564741 0.656250 0.564741 0.657812 0.570981 0.662500 0.570981 0.664062
2 0.710347 0.446875 0.710347 0.451562 0.706186 0.454687 0.704106 0.454687 0.702026 0.456250 0.699946 0.456250 0.695786 0.459375 0.693706 0.459375 0.689546 0.462500 0.687466 0.462500 0.674985 0.471875 0.674985 0.473437 0.672905 0.475000 0.672905 0.476562 0.668745 0.479687 0.662505 0.479687 0.662505 0.518750 0.668745 0.518750 0.674985 0.523437 0.674985 0.525000 0.677065 0.526562 0.677065 0.528125 0.683306 0.532812 0.683306 0.534375 0.695786 0.543750 0.697866 0.543750 0.702026 0.546875 0.702026 0.551562 0.754028 0.551562 0.754028 0.546875 0.758188 0.543750 0.760269 0.543750 0.762349 0.542187 0.764429 0.542187 0.766509 0.540625 0.768589 0.540625 0.774829 0.535937 0.776909 0.535937 0.781069 0.532812 0.781069 0.531250 0.785229 0.528125 0.793550 0.528125 0.793550 0.476562 0.785229 0.476562 0.783149 0.475000 0.783149 0.473437 0.772749 0.465625 0.772749 0.464062 0.770669 0.462500 0.768589 0.462500 0.762349 0.457812 0.760269 0.457812 0.758188 0.456250 0.756108 0.456250 0.754028 0.454687 0.751948 0.454687 0.747788 0.451562 0.747788 0.446875
2 0.481538 0.465625 0.481538 0.470312 0.479458 0.471875 0.477378 0.471875 0.475298 0.473437 0.471138 0.473437 0.469058 0.475000 0.464897 0.475000 0.462817 0.476562 0.458657 0.476562 0.456577 0.478125 0.454497 0.478125 0.452417 0.479687 0.450337 0.479687 0.448257 0.481250 0.437856 0.481250 0.437856 0.543750 0.458657 0.543750 0.460737 0.542187 0.462817 0.542187 0.466978 0.545312 0.469058 0.545312 0.473218 0.548437 0.475298 0.548437 0.477378 0.550000 0.479458 0.550000 0.483618 0.553125 0.483618 0.557812 0.529380 0.557812 0.529380 0.553125 0.533540 0.550000 0.535620 0.550000 0.537700 0.548437 0.539780 0.548437 0.541860 0.546875 0.543940 0.546875 0.560581 0.534375 0.560581 0.532812 0.562661 0.531250 0.562661 0.529687 0.564741 0.528125 0.564741 0.526562 0.566821 0.525000 0.566821 0.523437 0.570981 0.520312 0.577222 0.520312 0.577222 0.498437 0.570981 0.498437 0.568901 0.496875 0.568901 0.495312 0.566821 0.493750 0.566821 0.490625 0.554341 0.481250 0.554341 0.479687 0.541860 0.470312 0.541860 0.465625
1 0.088403 0.246875 0.088403 0.251562 0.084243 0.254687 0.082163 0.254687 0.080083 0.256250 0.078003 0.256250 0.073843 0.259375 0.071763 0.259375 0.057202 0.270312 0.057202 0.271875 0.053042 0.275000 0.046802 0.275000 0.046802 0.304688 0.053042 0.304688 0.057202 0.307813 0.057202 0.309375 0.059282 0.310937 0.059282 0.312500 0.061362 0.314062 0.061362 0.315625 0.067603 0.320312 0.067603 0.321875 0.080083 0.331250 0.082163 0.331250 0.086323 0.334375 0.088403 0.334375 0.090483 0.335938 0.092563 0.335938 0.094644 0.337500 0.100884 0.337500 0.102964 0.339062 0.107124 0.339062 0.109204 0.340625 0.109204 0.345312 0.117524 0.345312 0.117524 0.340625 0.119604 0.339062 0.123765 0.339062 0.125845 0.337500 0.144565 0.337500 0.146646 0.335938 0.148726 0.335938 0.150806 0.334375 0.152886 0.334375 0.161206 0.328125 0.163286 0.328125 0.163286 0.326562 0.167446 0.323437 0.167446 0.321875 0.171606 0.318750 0.177847 0.318750 0.177847 0.282812 0.171606 0.282812 0.165366 0.278125 0.165366 0.276562 0.157046 0.270312 0.157046 0.268750 0.150806 0.264062 0.148726 0.264062 0.144565 0.260937 0.142485 0.260937 0.138325 0.257812 0.134165 0.257812 0.132085 0.256250 0.130005 0.256250 0.127925 0.254687 0.125845 0.254687 0.121685 0.251562 0.121685 0.246875
2 0.518979 0.325000 0.516899 0.326562 0.516899 0.328125 0.514819 0.329687 0.514819 0.331250 0.510659 0.334375 0.504419 0.334375 0.504419 0.375000 0.510659 0.375000 0.518979 0.381250 0.518979 0.382812 0.527300 0.389062 0.527300 0.390625 0.529380 0.390625 0.531460 0.392187 0.533540 0.392187 0.539780 0.396875 0.539780 0.401562 0.593862 0.401562 0.593862 0.396875 0.600103 0.392187 0.602183 0.392187 0.616743 0.381250 0.616743 0.379687 0.620903 0.376562 0.627144 0.376562 0.627144 0.332812 0.620903 0.332812 0.614663 0.328125 0.614663 0.326562 0.612583 0.325000 0.610503 0.325000 0.606343 0.321875 0.606343 0.320312 0.604263 0.320312 0.600103 0.317187 0.598022 0.317187 0.593862 0.314062 0.593862 0.309375 0.543940 0.309375 0.543940 0.314062 0.537700 0.318750 0.535620 0.318750 0.533540 0.320312 0.531460 0.320312 0.527300 0.323437 0.523140 0.323437 0.521060 0.325000 0.518979 0.325000 0.514819 0.323437 0.514819 0.321875 0.518979 0.318750 0.518979 0.309375 0.504419 0.309375 0.504419 0.323437 0.514819 0.323437
1 0.030161 0.521875 0.030161 0.526562 0.026001 0.529687 0.023921 0.529687 0.021841 0.531250 0.019761 0.531250 0.013521 0.535937 0.011440 0.535937 0.003120 0.542187 0.000000 0.542187 0.000000 0.635937 0.003120 0.635937 0.009360 0.640625 0.009360 0.645312 0.082163 0.645312 0.082163 0.640625 0.088403 0.635937 0.090483 0.635937 0.094644 0.632812 0.094644 0.618750 0.096724 0.617188 0.096724 0.612500 0.098804 0.610937 0.098804 0.604687 0.100884 0.603125 0.100884 0.596875 0.102964 0.595312 0.102964 0.590625 0.105044 0.589062 0.111284 0.589062 0.111284 0.543750 0.105044 0.543750 0.100884 0.540625 0.100884 0.539062 0.094644 0.534375 0.094644 0.532812 0.086323 0.526562 0.086323 0.521875
2 0.240249 0.528125 0.240249 0.532812 0.236089 0.535937 0.234009 0.535937 0.229849 0.539062 0.227769 0.539062 0.223608 0.542187 0.221528 0.542187 0.217368 0.545312 0.215288 0.545312 0.206968 0.551562 0.204888 0.551562 0.202808 0.553125 0.202808 0.554687 0.200728 0.556250 0.200728 0.557812 0.194487 0.562500 0.188247 0.562500 0.188247 0.607813 0.194487 0.607813 0.200728 0.612500 0.200728 0.614062 0.209048 0.620312 0.209048 0.621875 0.211128 0.621875 0.219448 0.628125 0.221528 0.628125 0.223608 0.629687 0.225688 0.629687 0.227769 0.631250 0.229849 0.631250 0.234009 0.634375 0.234009 0.639062 0.281851 0.639062 0.281851 0.634375 0.286011 0.631250 0.288091 0.631250 0.290171 0.629687 0.294331 0.629687 0.296411 0.628125 0.298491 0.628125 0.313052 0.617188 0.313052 0.615625 0.321372 0.609375 0.327612 0.609375 0.327612 0.564062 0.321372 0.564062 0.315132 0.559375 0.315132 0.557812 0.308892 0.553125 0.308892 0.551562 0.298491 0.543750 0.296411 0.543750 0.292251 0.540625 0.290171 0.540625 0.286011 0.537500 0.281851 0.537500 0.279770 0.535937 0.273530 0.535937 0.271450 0.534375 0.269370 0.534375 0.267290 0.532812 0.267290 0.528125
2 0.475298 0.609375 0.475298 0.614062 0.471138 0.617188 0.464897 0.617188 0.460737 0.620312 0.458657 0.620312 0.454497 0.623438 0.452417 0.623438 0.446177 0.628125 0.444097 0.628125 0.427456 0.640625 0.421216 0.640625 0.421216 0.685937 0.427456 0.685937 0.431616 0.689062 0.431616 0.690625 0.433696 0.692187 0.433696 0.693750 0.435776 0.695312 0.435776 0.696875 0.437856 0.696875 0.444097 0.701562 0.446177 0.701562 0.448257 0.703125 0.450337 0.703125 0.452417 0.704687 0.454497 0.704687 0.460737 0.709375 0.464897 0.709375 0.466978 0.710938 0.469058 0.710938 0.471138 0.712500 0.473218 0.712500 0.475298 0.714062 0.475298 0.720312 0.535620 0.720312 0.535620 0.715625 0.543940 0.709375 0.546021 0.709375 0.556421 0.701562 0.556421 0.700000 0.562661 0.695312 0.568901 0.695312 0.568901 0.609375 0.523140 0.609375 0.523140 0.614062 0.521060 0.615625 0.518979 0.614062 0.518979 0.609375
1 0.639624 0.959375 0.639624 0.964062 0.635464 0.967187 0.629224 0.967187 0.629224 0.998437 0.810190 0.998437 0.810190 0.995312 0.801870 0.995312 0.799790 0.993750 0.797710 0.993750 0.795630 0.992188 0.793550 0.992188 0.791470 0.990625 0.789390 0.990625 0.785229 0.987500 0.783149 0.987500 0.781069 0.985937 0.778989 0.985937 0.776909 0.984375 0.774829 0.984375 0.772749 0.982812 0.770669 0.982812 0.768589 0.981250 0.766509 0.981250 0.764429 0.979687 0.760269 0.979687 0.758188 0.978125 0.756108 0.978125 0.751948 0.975000 0.747788 0.975000 0.745708 0.973437 0.743628 0.973437 0.741548 0.971875 0.739468 0.971875 0.735308 0.968750 0.733227 0.968750 0.731147 0.967187 0.726987 0.967187 0.722827 0.964062 0.722827 0.959375
2 0.333853 0.334375 0.333853 0.339062 0.329692 0.342187 0.327612 0.342187 0.325532 0.343750 0.323452 0.343750 0.321372 0.345312 0.319292 0.345312 0.310972 0.351562 0.308892 0.351562 0.308892 0.353125 0.300571 0.359375 0.300571 0.360937 0.294331 0.365625 0.288091 0.365625 0.288091 0.404687 0.294331 0.404687 0.298491 0.407812 0.298491 0.409375 0.317212 0.423437 0.319292 0.423437 0.321372 0.425000 0.325532 0.425000 0.329692 0.428125 0.329692 0.432812 0.362974 0.432812 0.362974 0.428125 0.365054 0.426562 0.373374 0.426562 0.375454 0.425000 0.381694 0.425000 0.383774 0.423437 0.385854 0.423437 0.402495 0.410937 0.402495 0.409375 0.404575 0.407812 0.404575 0.404687 0.406655 0.403125 0.406655 0.401562 0.408735 0.400000 0.408735 0.396875 0.410815 0.395312 0.410815 0.393750 0.412896 0.392187 0.419136 0.392187 0.419136 0.365625 0.412896 0.365625 0.406655 0.360937 0.406655 0.359375 0.402495 0.356250 0.402495 0.354687 0.387935 0.343750 0.385854 0.343750 0.379614 0.339062 0.379614 0.334375
1 0.972437 0.571875 0.972437 0.576562 0.968276 0.579687 0.966196 0.579687 0.953716 0.589062 0.951636 0.589062 0.949556 0.590625 0.949556 0.592187 0.945395 0.595312 0.945395 0.596875 0.939155 0.601562 0.939155 0.603125 0.934995 0.606250 0.934995 0.607813 0.932915 0.609375 0.932915 0.610937 0.930835 0.612500 0.930835 0.614062 0.926675 0.617188 0.920435 0.617188 0.920435 0.720312 0.937075 0.720312 0.937075 0.714062 0.934995 0.712500 0.934995 0.709375 0.932915 0.707812 0.932915 0.704687 0.930835 0.703125 0.930835 0.698437 0.928755 0.696875 0.930835 0.695312 0.930835 0.692187 0.934995 0.689062 0.937075 0.689062 0.939155 0.690625 0.941235 0.690625 0.953716 0.700000 0.955796 0.700000 0.959956 0.703125 0.962036 0.703125 0.966196 0.706250 0.968276 0.706250 0.970356 0.707812 0.972437 0.707812 0.974517 0.709375 0.976597 0.709375 0.978677 0.710938 0.980757 0.710938 0.982837 0.712500 0.984917 0.712500 0.989077 0.715625 0.989077 0.720312 1.000000 0.720312 1.000000 0.571875
2 0.500259 0.946875 0.500259 0.951562 0.498179 0.953125 0.498179 0.954687 0.489858 0.960938 0.489858 0.962500 0.485698 0.965625 0.479458 0.965625 0.479458 0.998437 0.643784 0.998437 0.643784 0.990625 0.637544 0.990625 0.631304 0.985937 0.631304 0.984375 0.629224 0.982812 0.629224 0.981250 0.625063 0.978125 0.625063 0.976562 0.620903 0.973437 0.620903 0.971875 0.610503 0.964062 0.608423 0.964062 0.606343 0.962500 0.604263 0.962500 0.600103 0.959375 0.595942 0.959375 0.593862 0.957812 0.591782 0.957812 0.589702 0.956250 0.587622 0.956250 0.585542 0.954687 0.583462 0.954687 0.579302 0.951562 0.579302 0.946875 0.577222 0.946875 0.577222 0.951562 0.573062 0.954687 0.558501 0.954687 0.554341 0.951562 0.554341 0.946875
1 0.984917 0.221875 0.984917 0.228125 0.980757 0.231250 0.978677 0.231250 0.957876 0.246875 0.957876 0.248437 0.949556 0.254687 0.949556 0.256250 0.939155 0.264062 0.939155 0.265625 0.926675 0.275000 0.926675 0.276562 0.922515 0.279687 0.922515 0.281250 0.918354 0.284375 0.912114 0.284375 0.912114 0.325000 0.918354 0.325000 0.922515 0.328125 0.922515 0.329687 0.924595 0.331250 0.924595 0.332812 0.928755 0.335938 0.928755 0.337500 0.934995 0.342187 0.934995 0.343750 0.951636 0.356250 0.953716 0.356250 0.957876 0.359375 0.959956 0.359375 0.962036 0.360937 0.964116 0.360937 0.966196 0.362500 0.968276 0.362500 0.970356 0.364062 0.972437 0.364062 0.974517 0.365625 0.974517 0.370312 1.000000 0.370312 1.000000 0.221875