0 0.690625 0.479167 0.690625 0.485417 0.695312 0.491667 0.696875 0.491667 0.700000 0.495833 0.701562 0.495833 0.714063 0.512500 0.714063 0.514583 0.717187 0.518750 0.721875 0.518750 0.721875 0.566667 0.717187 0.566667 0.714063 0.570833 0.712500 0.570833 0.710938 0.572917 0.709375 0.572917 0.701562 0.583333 0.698438 0.583333 0.696875 0.585417 0.695312 0.585417 0.693750 0.587500 0.693750 0.593750 0.642188 0.593750 0.642188 0.585417 0.634375 0.575000 0.634375 0.572917 0.631250 0.568750 0.631250 0.566667 0.628125 0.562500 0.623437 0.562500 0.623437 0.518750 0.628125 0.518750 0.631250 0.514583 0.631250 0.512500 0.634375 0.508333 0.634375 0.506250 0.645312 0.491667 0.646875 0.491667 0.648438 0.489583 0.650000 0.489583 0.651563 0.487500 0.651563 0.479167
1 0.368750 0.429167 0.368750 0.435417 0.371875 0.439583 0.373438 0.439583 0.375000 0.441667 0.376562 0.441667 0.382812 0.450000 0.384375 0.450000 0.392187 0.460417 0.392187 0.462500 0.395312 0.466667 0.395312 0.468750 0.398438 0.472917 0.398438 0.475000 0.400000 0.477083 0.400000 0.479167 0.401563 0.481250 0.401563 0.485417 0.404688 0.489583 0.409375 0.489583 0.409375 0.533333 0.404688 0.533333 0.403125 0.535417 0.401563 0.535417 0.390625 0.550000 0.390625 0.552083 0.389063 0.552083 0.378125 0.566667 0.378125 0.568750 0.376562 0.568750 0.368750 0.579167 0.367188 0.579167 0.360937 0.587500 0.360937 0.593750 0.309375 0.593750 0.309375 0.587500 0.304688 0.581250 0.303125 0.581250 0.293750 0.568750 0.293750 0.566667 0.289062 0.560417 0.289062 0.558333 0.287500 0.556250 0.287500 0.554167 0.284375 0.550000 0.279688 0.550000 0.279688 0.477083 0.285937 0.477083 0.287500 0.475000 0.287500 0.470833 0.289062 0.468750 0.289062 0.466667 0.293750 0.460417 0.293750 0.458333 0.306250 0.441667 0.307813 0.441667 0.312500 0.435417 0.312500 0.429167
1 0.490625 0.620833 0.490625 0.627083 0.493750 0.631250 0.495313 0.631250 0.498438 0.635417 0.500000 0.635417 0.503125 0.639583 0.504687 0.639583 0.510938 0.647917 0.512500 0.647917 0.518750 0.656250 0.518750 0.658333 0.523438 0.664583 0.528125 0.664583 0.528125 0.695833 0.523438 0.695833 0.521875 0.697917 0.521875 0.700000 0.520312 0.702083 0.520312 0.706250 0.518750 0.708333 0.518750 0.710417 0.517188 0.712500 0.517188 0.714583 0.514062 0.718750 0.514062 0.720833 0.512500 0.722917 0.512500 0.725000 0.503125 0.737500 0.501563 0.737500 0.498438 0.741667 0.496875 0.741667 0.493750 0.745833 0.493750 0.752083 0.451563 0.752083 0.451563 0.743750 0.450000 0.741667 0.448438 0.741667 0.446875 0.739583 0.445312 0.739583 0.442187 0.735417 0.440625 0.735417 0.435938 0.729167 0.429688 0.729167 0.429688 0.672917 0.434375 0.672917 0.435938 0.670833 0.435938 0.668750 0.437500 0.666667 0.437500 0.664583 0.445312 0.654167 0.445312 0.652083 0.450000 0.645833 0.450000 0.643750 0.454687 0.637500 0.454687 0.635417 0.459375 0.629167 0.459375 0.620833
1 0.423437 0.245833 0.423437 0.254167 0.425000 0.256250 0.426562 0.256250 0.435938 0.268750 0.437500 0.268750 0.437500 0.270833 0.442187 0.277083 0.442187 0.279167 0.448438 0.287500 0.453125 0.287500 0.453125 0.372917 0.446875 0.372917 0.445312 0.375000 0.445312 0.377083 0.431250 0.395833 0.429688 0.395833 0.426562 0.400000 0.425000 0.400000 0.421875 0.404167 0.420313 0.404167 0.418750 0.406250 0.414062 0.406250 0.412500 0.408333 0.409375 0.408333 0.406250 0.412500 0.406250 0.418750 0.371875 0.418750 0.371875 0.412500 0.368750 0.408333 0.367188 0.408333 0.364062 0.404167 0.362500 0.404167 0.359375 0.400000 0.357813 0.400000 0.354688 0.395833 0.353125 0.395833 0.346875 0.387500 0.346875 0.385417 0.343750 0.381250 0.343750 0.379167 0.340625 0.375000 0.340625 0.372917 0.339063 0.370833 0.339063 0.368750 0.337500 0.366667 0.337500 0.364583 0.334375 0.360417 0.329687 0.360417 0.329687 0.297917 0.335938 0.297917 0.337500 0.300000 0.339063 0.300000 0.340625 0.302083 0.342188 0.302083 0.345312 0.297917 0.346875 0.297917 0.348437 0.295833 0.348437 0.293750 0.350000 0.291667 0.350000 0.287500 0.356250 0.279167 0.356250 0.277083 0.359375 0.272917 0.360937 0.272917 0.362500 0.270833 0.362500 0.268750 0.365625 0.264583 0.367188 0.264583 0.371875 0.258333 0.373438 0.258333 0.375000 0.256250 0.376562 0.256250 0.379687 0.252083 0.379687 0.245833
0 0.390625 0.870833 0.390625 0.939583 0.385938 0.939583 0.382812 0.943750 0.382812 0.945833 0.376562 0.954167 0.376562 0.956250 0.365625 0.970833 0.364062 0.970833 0.362500 0.972917 0.360937 0.972917 0.359375 0.975000 0.357813 0.975000 0.354688 0.979167 0.354688 0.985417 0.315625 0.985417 0.315625 0.979167 0.312500 0.975000 0.310938 0.975000 0.309375 0.972917 0.307813 0.972917 0.304688 0.968750 0.303125 0.968750 0.290625 0.952083 0.285937 0.952083 0.285937 0.887500 0.292188 0.887500 0.293750 0.885417 0.293750 0.883333 0.298437 0.877083 0.298437 0.870833
2 0.537500 0.504167 0.537500 0.510417 0.539062 0.512500 0.540625 0.512500 0.542188 0.514583 0.543750 0.514583 0.546875 0.518750 0.548438 0.518750 0.562500 0.537500 0.562500 0.539583 0.564063 0.541667 0.564063 0.543750 0.567187 0.547917 0.571875 0.547917 0.571875 0.604167 0.565625 0.604167 0.564063 0.606250 0.564063 0.608333 0.562500 0.610417 0.562500 0.612500 0.553125 0.625000 0.553125 0.627083 0.551562 0.627083 0.543750 0.637500 0.543750 0.643750 0.503125 0.643750 0.503125 0.637500 0.500000 0.633333 0.498438 0.633333 0.495313 0.629167 0.493750 0.629167 0.492188 0.627083 0.490625 0.627083 0.485937 0.620833 0.484375 0.620833 0.482813 0.618750 0.482813 0.616667 0.478125 0.610417 0.473437 0.610417 0.473437 0.543750 0.478125 0.543750 0.481250 0.539583 0.481250 0.537500 0.487500 0.529167 0.487500 0.527083 0.489062 0.525000 0.490625 0.525000 0.498438 0.514583 0.500000 0.514583 0.503125 0.510417 0.503125 0.504167
2 0.028125 0.620833 0.028125 0.627083 0.031250 0.631250 0.032812 0.631250 0.042188 0.643750 0.042188 0.645833 0.043750 0.647917 0.043750 0.650000 0.045313 0.652083 0.045313 0.654167 0.046875 0.656250 0.046875 0.658333 0.048437 0.660417 0.053125 0.660417 0.053125 0.729167 0.048437 0.729167 0.043750 0.735417 0.043750 0.739583 0.042188 0.741667 0.042188 0.743750 0.039062 0.747917 0.039062 0.750000 0.037500 0.752083 0.037500 0.754167 0.025000 0.770833 0.025000 0.777083 0.001562 0.777083 0.001562 0.620833
2 0.712500 0.587500 0.712500 0.595833 0.714063 0.597917 0.715625 0.597917 0.721875 0.606250 0.721875 0.608333 0.728125 0.616667 0.734375 0.616667 0.734375 0.677083 0.729688 0.677083 0.728125 0.679167 0.726562 0.679167 0.723437 0.683333 0.723437 0.685417 0.715625 0.695833 0.714063 0.695833 0.712500 0.697917 0.710938 0.697917 0.709375 0.700000 0.706250 0.700000 0.703125 0.704167 0.703125 0.710417 0.682813 0.710417 0.682813 0.704167 0.679688 0.700000 0.678125 0.700000 0.676562 0.697917 0.675000 0.697917 0.670312 0.691667 0.668750 0.691667 0.662500 0.683333 0.660937 0.683333 0.654687 0.675000 0.654687 0.672917 0.646875 0.662500 0.642188 0.662500 0.642188 0.618750 0.648438 0.618750 0.650000 0.616667 0.650000 0.614583 0.656250 0.606250 0.657813 0.606250 0.664062 0.597917 0.665625 0.597917 0.667188 0.595833 0.670312 0.595833 0.671875 0.593750 0.671875 0.587500
1 0.140625 0.029167 0.140625 0.204167 0.135938 0.204167 0.134375 0.206250 0.134375 0.208333 0.132812 0.210417 0.132812 0.212500 0.131250 0.214583 0.131250 0.218750 0.129687 0.220833 0.129687 0.222917 0.126562 0.227083 0.126562 0.229167 0.125000 0.231250 0.125000 0.233333 0.121875 0.237500 0.121875 0.239583 0.117188 0.245833 0.115625 0.245833 0.114062 0.247917 0.112500 0.247917 0.110937 0.250000 0.109375 0.250000 0.107813 0.252083 0.104688 0.252083 0.101562 0.256250 0.100000 0.256250 0.098437 0.258333 0.096875 0.258333 0.092188 0.264583 0.090625 0.264583 0.076563 0.283333 0.075000 0.283333 0.067187 0.293750 0.065625 0.293750 0.060938 0.300000 0.059375 0.300000 0.057813 0.302083 0.056250 0.302083 0.054688 0.304167 0.053125 0.304167 0.051562 0.306250 0.048437 0.306250 0.046875 0.308333 0.043750 0.308333 0.040625 0.312500 0.040625 0.318750 0.007812 0.318750 0.007812 0.312500 0.006250 0.310417 0.001562 0.310417 0.001562 0.075000 0.004687 0.075000 0.006250 0.072917 0.007812 0.072917 0.017187 0.060417 0.018750 0.062500 0.020312 0.062500 0.021875 0.064583 0.023438 0.062500 0.023438 0.060417 0.021875 0.058333 0.021875 0.056250 0.020312 0.054167 0.020312 0.052083 0.018750 0.050000 0.018750 0.045833 0.015625 0.041667 0.015625 0.039583 0.014063 0.037500 0.014063 0.029167
2 0.435938 0.529167 0.435938 0.535417 0.439062 0.539583 0.440625 0.539583 0.451563 0.554167 0.451563 0.556250 0.456250 0.562500 0.456250 0.564583 0.457812 0.566667 0.457812 0.568750 0.460938 0.572917 0.465625 0.572917 0.465625 0.622917 0.460938 0.622917 0.454687 0.631250 0.454687 0.633333 0.453125 0.635417 0.453125 0.637500 0.448438 0.643750 0.448438 0.645833 0.442187 0.654167 0.442187 0.660417 0.389063 0.660417 0.389063 0.654167 0.385938 0.650000 0.384375 0.650000 0.382812 0.647917 0.381250 0.647917 0.376562 0.641667 0.375000 0.641667 0.368750 0.633333 0.368750 0.631250 0.365625 0.627083 0.364062 0.627083 0.362500 0.625000 0.354688 0.625000 0.354688 0.591667 0.359375 0.591667 0.368750 0.579167 0.370313 0.579167 0.379687 0.566667 0.381250 0.566667 0.382812 0.564583 0.382812 0.562500 0.384375 0.560417 0.385938 0.560417 0.392187 0.552083 0.393750 0.552083 0.395312 0.550000 0.395312 0.547917 0.400000 0.541667 0.400000 0.539583 0.401563 0.537500 0.401563 0.529167
2 0.853125 0.000000 0.853125 0.004167 0.845313 0.004167 0.840625 0.010417 0.839062 0.010417 0.837500 0.012500 0.835938 0.012500 0.829688 0.020833 0.829688 0.027083 0.810937 0.027083 0.810937 0.018750 0.806250 0.012500 0.804688 0.012500 0.798438 0.004167 0.792187 0.004167 0.792187 0.000000
1 0.440625 0.000000 0.440625 0.068750 0.435938 0.068750 0.432813 0.072917 0.432813 0.075000 0.431250 0.077083 0.431250 0.081250 0.428125 0.085417 0.428125 0.087500 0.426562 0.089583 0.426562 0.091667 0.423437 0.095833 0.423437 0.097917 0.415625 0.108333 0.414062 0.108333 0.409375 0.114583 0.406250 0.114583 0.404688 0.116667 0.403125 0.116667 0.400000 0.120833 0.400000 0.127083 0.362500 0.127083 0.362500 0.120833 0.359375 0.116667 0.356250 0.116667 0.354688 0.114583 0.351562 0.114583 0.350000 0.112500 0.348437 0.112500 0.346875 0.110417 0.345312 0.110417 0.343750 0.108333 0.342188 0.108333 0.339063 0.104167 0.337500 0.104167 0.335938 0.102083 0.334375 0.102083 0.329687 0.095833 0.328125 0.095833 0.323438 0.089583 0.321875 0.089583 0.320312 0.087500 0.318750 0.087500 0.317187 0.085417 0.310938 0.085417 0.309375 0.087500 0.287500 0.087500 0.285937 0.085417 0.284375 0.085417 0.284375 0.083333 0.279688 0.077083 0.273438 0.077083 0.273438 0.050000 0.279688 0.050000 0.282812 0.045833 0.282812 0.043750 0.284375 0.043750 0.287500 0.039583 0.289062 0.039583 0.293750 0.033333 0.295313 0.033333 0.301562 0.025000 0.301562 0.022917 0.303125 0.020833 0.303125 0.018750 0.309375 0.010417 0.309375 0.008333 0.310938 0.006250 0.314062 0.006250 0.315625 0.004167 0.318750 0.004167 0.320312 0.006250 0.325000 0.006250 0.326563 0.004167 0.329687 0.004167 0.331250 0.002083 0.331250 0.000000
2 0.171875 0.000000 0.171875 0.060417 0.167188 0.060417 0.165625 0.062500 0.165625 0.064583 0.164062 0.066667 0.164062 0.070833 0.162500 0.072917 0.162500 0.077083 0.160937 0.079167 0.160937 0.083333 0.159375 0.085417 0.159375 0.087500 0.154688 0.093750 0.154688 0.102083 0.067187 0.102083 0.067187 0.095833 0.065625 0.093750 0.064062 0.093750 0.062500 0.091667 0.059375 0.091667 0.057813 0.089583 0.054688 0.089583 0.053125 0.087500 0.051562 0.087500 0.050000 0.085417 0.048437 0.085417 0.046875 0.083333 0.045313 0.083333 0.042188 0.079167 0.040625 0.079167 0.026563 0.060417 0.026563 0.058333 0.021875 0.052083 0.021875 0.050000 0.018750 0.045833 0.018750 0.043750 0.014063 0.037500 0.014063 0.035417 0.012500 0.033333 0.012500 0.031250 0.009375 0.027083 0.004687 0.027083 0.004687 0.000000
1 0.171875 0.000000 0.171875 0.060417 0.167188 0.060417 0.165625 0.062500 0.165625 0.064583 0.164062 0.066667 0.164062 0.070833 0.162500 0.072917 0.162500 0.077083 0.160937 0.079167 0.160937 0.083333 0.159375 0.085417 0.159375 0.087500 0.153125 0.095833 0.153125 0.102083 0.067187 0.102083 0.067187 0.095833 0.065625 0.093750 0.064062 0.093750 0.062500 0.091667 0.059375 0.091667 0.057813 0.089583 0.054688 0.089583 0.053125 0.087500 0.051562 0.087500 0.050000 0.085417 0.048437 0.085417 0.046875 0.083333 0.045313 0.083333 0.042188 0.079167 0.040625 0.079167 0.026563 0.060417 0.026563 0.058333 0.021875 0.052083 0.021875 0.050000 0.018750 0.045833 0.018750 0.043750 0.014063 0.037500 0.014063 0.035417 0.012500 0.033333 0.012500 0.031250 0.009375 0.027083 0.004687 0.027083 0.004687 0.000000