1 0.453979 0.490625 0.453979 0.495312 0.456060 0.496875 0.458140 0.496875 0.460220 0.498437 0.464380 0.498437 0.466460 0.500000 0.468540 0.500000 0.470620 0.501562 0.472700 0.501562 0.472700 0.503125 0.485181 0.512500 0.485181 0.514062 0.487261 0.515625 0.495581 0.515625 0.495581 0.567187 0.489341 0.567187 0.487261 0.568750 0.485181 0.568750 0.466460 0.582812 0.464380 0.582812 0.462300 0.584375 0.460220 0.584375 0.458140 0.585937 0.456060 0.585937 0.449819 0.590625 0.449819 0.595312 0.397817 0.595312 0.397817 0.590625 0.391577 0.585937 0.389497 0.585937 0.387417 0.584375 0.385337 0.584375 0.383257 0.582812 0.381177 0.582812 0.374937 0.578125 0.372856 0.578125 0.368696 0.575000 0.366616 0.575000 0.364536 0.573437 0.364536 0.571875 0.360376 0.568750 0.360376 0.565625 0.358296 0.564062 0.358296 0.562500 0.354136 0.559375 0.347896 0.559375 0.347896 0.521875 0.354136 0.521875 0.360376 0.517187 0.360376 0.515625 0.366616 0.510937 0.366616 0.509375 0.372856 0.504687 0.374937 0.504687 0.383257 0.498437 0.387417 0.498437 0.391577 0.495312 0.391577 0.490625
0 0.537183 0.565625 0.537183 0.571875 0.539263 0.573437 0.541343 0.573437 0.551743 0.581250 0.553823 0.581250 0.568384 0.592187 0.568384 0.593750 0.572544 0.596875 0.578784 0.596875 0.578784 0.648438 0.570464 0.648438 0.568384 0.650000 0.568384 0.651562 0.564224 0.654687 0.564224 0.656250 0.560064 0.659375 0.560064 0.660937 0.555903 0.664062 0.555903 0.665625 0.547583 0.671875 0.545503 0.671875 0.543423 0.673437 0.541343 0.673437 0.539263 0.675000 0.537183 0.675000 0.533022 0.678125 0.533022 0.682812 0.470620 0.682812 0.470620 0.676562 0.468540 0.675000 0.466460 0.675000 0.464380 0.673437 0.462300 0.673437 0.460220 0.671875 0.458140 0.671875 0.449819 0.665625 0.447739 0.665625 0.445659 0.664062 0.445659 0.662500 0.437339 0.656250 0.437339 0.654687 0.435259 0.653125 0.435259 0.651562 0.433179 0.650000 0.433179 0.646875 0.429019 0.643750 0.422778 0.643750 0.422778 0.606250 0.429019 0.606250 0.433179 0.603125 0.433179 0.601562 0.435259 0.600000 0.435259 0.598437 0.441499 0.593750 0.443579 0.593750 0.447739 0.590625 0.449819 0.590625 0.451899 0.589062 0.453979 0.589062 0.456060 0.587500 0.458140 0.587500 0.462300 0.584375 0.464380 0.584375 0.468540 0.581250 0.470620 0.581250 0.485181 0.570312 0.485181 0.565625
1 0.605825 0.390625 0.605825 0.395312 0.609985 0.398438 0.612065 0.398438 0.614146 0.400000 0.616226 0.400000 0.618306 0.401562 0.620386 0.401562 0.622466 0.403125 0.622466 0.404687 0.634946 0.414062 0.634946 0.415625 0.639106 0.418750 0.639106 0.420312 0.641187 0.421875 0.641187 0.423437 0.643267 0.425000 0.643267 0.428125 0.645347 0.429688 0.645347 0.432812 0.647427 0.434375 0.653667 0.434375 0.653667 0.473437 0.645347 0.473437 0.641187 0.476562 0.639106 0.476562 0.637026 0.478125 0.634946 0.478125 0.632866 0.479687 0.630786 0.479687 0.626626 0.482812 0.624546 0.482812 0.618306 0.487500 0.616226 0.487500 0.612065 0.490625 0.612065 0.495312 0.537183 0.495312 0.537183 0.490625 0.533022 0.487500 0.530942 0.487500 0.526782 0.484375 0.524702 0.484375 0.512222 0.475000 0.512222 0.473437 0.510142 0.471875 0.510142 0.470312 0.508062 0.468750 0.508062 0.464062 0.505981 0.462500 0.505981 0.460938 0.503901 0.459375 0.497661 0.459375 0.497661 0.429688 0.503901 0.429688 0.508062 0.426562 0.508062 0.421875 0.510142 0.420312 0.510142 0.417187 0.512222 0.415625 0.512222 0.414062 0.520542 0.407812 0.522622 0.407812 0.530942 0.401562 0.533022 0.401562 0.535103 0.400000 0.537183 0.400000 0.539263 0.398438 0.541343 0.398438 0.545503 0.395312 0.545503 0.390625
0 0.466460 0.384375 0.466460 0.389062 0.472700 0.393750 0.474780 0.393750 0.483101 0.400000 0.485181 0.400000 0.489341 0.403125 0.491421 0.403125 0.499741 0.409375 0.499741 0.410937 0.501821 0.412500 0.501821 0.414062 0.505981 0.417187 0.512222 0.417187 0.512222 0.435937 0.505981 0.435937 0.503901 0.437500 0.503901 0.448437 0.505981 0.450000 0.512222 0.450000 0.512222 0.470312 0.505981 0.470312 0.499741 0.475000 0.499741 0.476562 0.487261 0.485937 0.485181 0.485937 0.478940 0.490625 0.478940 0.495312 0.410298 0.495312 0.410298 0.490625 0.406138 0.487500 0.404058 0.487500 0.401978 0.485937 0.399897 0.485937 0.397817 0.484375 0.395737 0.484375 0.389497 0.479687 0.387417 0.479687 0.383257 0.476562 0.383257 0.475000 0.379097 0.471875 0.379097 0.470312 0.377017 0.468750 0.377017 0.467187 0.374937 0.465625 0.374937 0.464062 0.370776 0.460938 0.364536 0.460938 0.364536 0.421875 0.370776 0.421875 0.374937 0.418750 0.374937 0.417187 0.377017 0.415625 0.377017 0.414062 0.381177 0.410937 0.381177 0.409375 0.397817 0.396875 0.399897 0.396875 0.404058 0.393750 0.406138 0.393750 0.408218 0.392187 0.410298 0.392187 0.414458 0.389062 0.414458 0.384375
2 0.657827 0.621875 0.657827 0.626562 0.664067 0.631250 0.666147 0.631250 0.670308 0.634375 0.672388 0.634375 0.680708 0.640625 0.680708 0.642187 0.684868 0.645312 0.684868 0.646875 0.689028 0.650000 0.695269 0.650000 0.695269 0.701562 0.686948 0.701562 0.684868 0.703125 0.684868 0.704687 0.680708 0.707812 0.680708 0.709375 0.672388 0.715625 0.672388 0.717187 0.670308 0.717187 0.668228 0.718750 0.668228 0.720312 0.666147 0.721875 0.664067 0.721875 0.659907 0.725000 0.657827 0.725000 0.653667 0.728125 0.651587 0.728125 0.649507 0.729687 0.645347 0.729687 0.643267 0.731250 0.641187 0.731250 0.639106 0.732812 0.639106 0.739062 0.603745 0.739062 0.603745 0.734375 0.599585 0.731250 0.597505 0.731250 0.595425 0.729687 0.591265 0.729687 0.589185 0.728125 0.587104 0.728125 0.582944 0.725000 0.580864 0.725000 0.574624 0.720312 0.572544 0.720312 0.568384 0.717187 0.568384 0.715625 0.560064 0.709375 0.560064 0.707812 0.557983 0.706250 0.557983 0.704687 0.555903 0.703125 0.547583 0.703125 0.547583 0.667187 0.553823 0.667187 0.562144 0.660937 0.562144 0.659375 0.566304 0.656250 0.566304 0.654687 0.568384 0.653125 0.568384 0.651562 0.572544 0.648438 0.572544 0.646875 0.578784 0.642187 0.578784 0.640625 0.580864 0.639062 0.580864 0.637500 0.595425 0.626562 0.595425 0.621875
1 0.129487 0.521875 0.129487 0.526562 0.135728 0.531250 0.137808 0.531250 0.146128 0.537500 0.148208 0.537500 0.160689 0.546875 0.160689 0.548437 0.162769 0.550000 0.171089 0.550000 0.171089 0.598437 0.164849 0.598437 0.160689 0.601562 0.160689 0.604687 0.158608 0.606250 0.158608 0.610937 0.156528 0.612500 0.156528 0.615625 0.154448 0.617188 0.146128 0.617188 0.144048 0.618750 0.141968 0.618750 0.139888 0.620312 0.135728 0.620312 0.133648 0.621875 0.129487 0.621875 0.127407 0.623438 0.123247 0.623438 0.121167 0.625000 0.119087 0.625000 0.117007 0.626562 0.114927 0.626562 0.112847 0.628125 0.112847 0.632812 0.073325 0.632812 0.073325 0.628125 0.069165 0.625000 0.065005 0.625000 0.062925 0.623438 0.058765 0.623438 0.056685 0.621875 0.054605 0.621875 0.048364 0.617188 0.046284 0.617188 0.035884 0.609375 0.035884 0.607813 0.029644 0.603125 0.023403 0.603125 0.023403 0.550000 0.029644 0.550000 0.033804 0.546875 0.033804 0.545312 0.044204 0.537500 0.046284 0.537500 0.050444 0.534375 0.052524 0.534375 0.056685 0.531250 0.058765 0.531250 0.060845 0.529687 0.065005 0.529687 0.069165 0.526562 0.069165 0.521875
1 0.726470 0.015625 0.726470 0.020312 0.728550 0.021875 0.730630 0.021875 0.732710 0.023438 0.734790 0.023438 0.736870 0.025000 0.741030 0.025000 0.743110 0.026562 0.745190 0.026562 0.747271 0.028125 0.749351 0.028125 0.751431 0.029687 0.753511 0.029687 0.755591 0.031250 0.759751 0.031250 0.761831 0.032812 0.763911 0.032812 0.768071 0.035937 0.770151 0.035937 0.772231 0.037500 0.774312 0.037500 0.778472 0.040625 0.780552 0.040625 0.784712 0.043750 0.786792 0.043750 0.817993 0.067187 0.817993 0.068750 0.824233 0.073437 0.824233 0.075000 0.826313 0.076562 0.826313 0.078125 0.830474 0.081250 0.830474 0.082812 0.834634 0.085938 0.834634 0.089062 0.842954 0.095312 0.845034 0.095312 0.847114 0.096875 0.851274 0.096875 0.853354 0.098437 0.855435 0.098437 0.857515 0.100000 0.859595 0.100000 0.863755 0.103125 0.869995 0.103125 0.869995 0.171875 0.861675 0.171875 0.859595 0.173437 0.859595 0.175000 0.853354 0.179688 0.853354 0.181250 0.838794 0.192187 0.836714 0.192187 0.834634 0.193750 0.832554 0.193750 0.826313 0.198437 0.824233 0.198437 0.811753 0.207812 0.809673 0.207812 0.803433 0.212500 0.801353 0.212500 0.799272 0.214062 0.797192 0.214062 0.795112 0.215625 0.790952 0.215625 0.788872 0.217187 0.786792 0.217187 0.784712 0.218750 0.780552 0.218750 0.776392 0.221875 0.776392 0.226562 0.680708 0.226562 0.680708 0.220312 0.678628 0.218750 0.676548 0.218750 0.674468 0.217187 0.672388 0.217187 0.670308 0.215625 0.659907 0.215625 0.657827 0.214062 0.645347 0.214062 0.643267 0.212500 0.637026 0.212500 0.634946 0.210938 0.630786 0.210938 0.626626 0.207812 0.626626 0.206250 0.622466 0.203125 0.622466 0.178125 0.624546 0.176562 0.624546 0.173437 0.626626 0.171875 0.626626 0.167187 0.628706 0.165625 0.628706 0.164062 0.626626 0.162500 0.626626 0.154687 0.624546 0.153125 0.624546 0.150000 0.622466 0.148437 0.622466 0.145312 0.620386 0.143750 0.620386 0.142187 0.618306 0.140625 0.618306 0.139062 0.609985 0.132812 0.607905 0.132812 0.605825 0.131250 0.603745 0.131250 0.599585 0.128125 0.597505 0.128125 0.593345 0.125000 0.591265 0.125000 0.585024 0.120312 0.582944 0.120312 0.570464 0.110937 0.570464 0.109375 0.566304 0.106250 0.566304 0.103125 0.562144 0.100000 0.555903 0.100000 0.555903 0.060937 0.562144 0.060937 0.566304 0.057812 0.566304 0.054688 0.570464 0.051562 0.570464 0.050000 0.587104 0.037500 0.589185 0.037500 0.591265 0.035937 0.593345 0.035937 0.597505 0.032812 0.601665 0.032812 0.603745 0.031250 0.605825 0.031250 0.607905 0.029687 0.609985 0.029687 0.612065 0.028125 0.614146 0.028125 0.616226 0.026562 0.620386 0.026562 0.622466 0.025000 0.626626 0.025000 0.628706 0.023438 0.632866 0.023438 0.637026 0.020312 0.637026 0.015625
2 0.306294 0.359375 0.306294 0.364062 0.310454 0.367188 0.312534 0.367188 0.314614 0.368750 0.316694 0.368750 0.318774 0.370312 0.320855 0.370312 0.327095 0.375000 0.329175 0.375000 0.341655 0.384375 0.341655 0.385937 0.343735 0.387500 0.343735 0.389062 0.347896 0.392187 0.354136 0.392187 0.354136 0.440625 0.347896 0.440625 0.341655 0.445312 0.341655 0.446875 0.335415 0.451562 0.335415 0.453125 0.331255 0.456250 0.329175 0.456250 0.322935 0.460938 0.320855 0.460938 0.314614 0.465625 0.314614 0.470312 0.250132 0.470312 0.250132 0.465625 0.245972 0.462500 0.243892 0.462500 0.239731 0.459375 0.237651 0.459375 0.218931 0.445312 0.218931 0.443750 0.216851 0.442187 0.216851 0.440625 0.212690 0.437500 0.206450 0.437500 0.206450 0.396875 0.212690 0.396875 0.216851 0.393750 0.216851 0.392187 0.218931 0.390625 0.218931 0.389062 0.221011 0.387500 0.221011 0.385937 0.227251 0.381250 0.227251 0.379687 0.235571 0.373437 0.237651 0.373437 0.241812 0.370312 0.243892 0.370312 0.245972 0.368750 0.248052 0.368750 0.254292 0.364062 0.254292 0.359375
2 0.535103 0.303125 0.535103 0.307813 0.539263 0.310937 0.545503 0.310937 0.547583 0.312500 0.549663 0.312500 0.553823 0.315625 0.555903 0.315625 0.560064 0.318750 0.562144 0.318750 0.576704 0.329687 0.576704 0.331250 0.580864 0.334375 0.587104 0.334375 0.587104 0.378125 0.580864 0.378125 0.574624 0.382812 0.574624 0.384375 0.572544 0.385937 0.572544 0.387500 0.570464 0.389062 0.566304 0.389062 0.564224 0.390625 0.555903 0.390625 0.553823 0.392187 0.551743 0.392187 0.549663 0.393750 0.547583 0.393750 0.545503 0.395312 0.543423 0.395312 0.541343 0.396875 0.539263 0.396875 0.537183 0.398438 0.535103 0.398438 0.528862 0.403125 0.528862 0.407812 0.491421 0.407812 0.491421 0.401562 0.489341 0.400000 0.487261 0.400000 0.483101 0.396875 0.481021 0.396875 0.470620 0.389062 0.468540 0.389062 0.466460 0.387500 0.466460 0.385937 0.462300 0.382812 0.462300 0.381250 0.460220 0.379687 0.460220 0.378125 0.458140 0.376562 0.458140 0.375000 0.453979 0.371875 0.447739 0.371875 0.447739 0.343750 0.453979 0.343750 0.458140 0.340625 0.458140 0.339062 0.460220 0.337500 0.460220 0.335938 0.462300 0.334375 0.462300 0.332812 0.468540 0.328125 0.468540 0.326562 0.478940 0.318750 0.481021 0.318750 0.483101 0.317187 0.485181 0.317187 0.491421 0.312500 0.493501 0.312500 0.495581 0.310937 0.499741 0.310937 0.503901 0.307813 0.503901 0.303125
2 0.628706 0.490625 0.628706 0.496875 0.630786 0.498437 0.632866 0.498437 0.634946 0.500000 0.637026 0.500000 0.641187 0.503125 0.641187 0.504687 0.643267 0.506250 0.645347 0.506250 0.647427 0.507812 0.647427 0.509375 0.655747 0.515625 0.661987 0.515625 0.661987 0.565625 0.655747 0.565625 0.649507 0.570312 0.649507 0.571875 0.645347 0.575000 0.645347 0.576562 0.630786 0.587500 0.628706 0.587500 0.624546 0.590625 0.624546 0.595312 0.572544 0.595312 0.572544 0.590625 0.570464 0.589062 0.568384 0.589062 0.560064 0.582812 0.557983 0.582812 0.551743 0.578125 0.547583 0.578125 0.545503 0.576562 0.545503 0.575000 0.541343 0.571875 0.539263 0.571875 0.528862 0.564062 0.526782 0.564062 0.526782 0.562500 0.524702 0.560937 0.524702 0.557812 0.520542 0.554687 0.514302 0.554687 0.514302 0.515625 0.520542 0.515625 0.526782 0.510937 0.526782 0.509375 0.541343 0.498437 0.543423 0.498437 0.547583 0.495312 0.547583 0.490625
1 0.370776 0.571875 0.370776 0.576562 0.377017 0.581250 0.379097 0.581250 0.385337 0.585937 0.387417 0.585937 0.391577 0.589062 0.393657 0.589062 0.406138 0.598437 0.412378 0.598437 0.412378 0.660937 0.406138 0.660937 0.389497 0.673437 0.387417 0.673437 0.381177 0.678125 0.379097 0.678125 0.377017 0.679688 0.374937 0.679688 0.370776 0.682812 0.368696 0.682812 0.366616 0.684375 0.366616 0.689062 0.314614 0.689062 0.314614 0.684375 0.310454 0.681250 0.308374 0.681250 0.306294 0.679688 0.304214 0.679688 0.302134 0.678125 0.300054 0.678125 0.297974 0.676562 0.295894 0.676562 0.281333 0.665625 0.281333 0.664062 0.277173 0.660937 0.277173 0.659375 0.275093 0.657812 0.275093 0.656250 0.270933 0.653125 0.264692 0.653125 0.264692 0.610937 0.270933 0.610937 0.275093 0.607813 0.275093 0.606250 0.277173 0.604687 0.277173 0.603125 0.279253 0.601562 0.279253 0.600000 0.285493 0.595312 0.285493 0.593750 0.300054 0.582812 0.302134 0.582812 0.306294 0.579687 0.308374 0.579687 0.312534 0.576562 0.312534 0.571875
2 0.370776 0.571875 0.370776 0.576562 0.379097 0.582812 0.381177 0.582812 0.387417 0.587500 0.389497 0.587500 0.391577 0.589062 0.393657 0.589062 0.401978 0.595312 0.401978 0.596875 0.404058 0.598437 0.412378 0.598437 0.412378 0.660937 0.406138 0.660937 0.389497 0.673437 0.387417 0.673437 0.381177 0.678125 0.379097 0.678125 0.377017 0.679688 0.374937 0.679688 0.370776 0.682812 0.368696 0.682812 0.366616 0.684375 0.366616 0.689062 0.314614 0.689062 0.314614 0.684375 0.308374 0.679688 0.304214 0.679688 0.302134 0.678125 0.300054 0.678125 0.297974 0.676562 0.295894 0.676562 0.281333 0.665625 0.281333 0.664062 0.279253 0.662500 0.279253 0.660937 0.275093 0.657812 0.275093 0.656250 0.270933 0.653125 0.264692 0.653125 0.264692 0.610937 0.270933 0.610937 0.275093 0.607813 0.275093 0.606250 0.277173 0.604687 0.277173 0.603125 0.279253 0.601562 0.279253 0.600000 0.285493 0.595312 0.285493 0.593750 0.300054 0.582812 0.302134 0.582812 0.306294 0.579687 0.308374 0.579687 0.312534 0.576562 0.312534 0.571875
1 0.770151 0.215625 0.770151 0.221875 0.768071 0.223437 0.768071 0.228125 0.765991 0.229687 0.765991 0.231250 0.761831 0.231250 0.759751 0.232812 0.755591 0.232812 0.753511 0.234375 0.757671 0.237500 0.757671 0.239062 0.759751 0.240625 0.761831 0.240625 0.765991 0.237500 0.765991 0.235937 0.768071 0.234375 0.770151 0.234375 0.774312 0.231250 0.774312 0.229687 0.776392 0.229687 0.778472 0.228125 0.782632 0.228125 0.784712 0.226562 0.786792 0.226562 0.797192 0.234375 0.799272 0.232812 0.801353 0.232812 0.807593 0.228125 0.809673 0.228125 0.811753 0.226562 0.822153 0.234375 0.828394 0.234375 0.828394 0.292187 0.822153 0.292187 0.820073 0.293750 0.820073 0.295312 0.817993 0.296875 0.817993 0.298437 0.815913 0.300000 0.815913 0.303125 0.813833 0.304688 0.813833 0.306250 0.811753 0.307813 0.811753 0.309375 0.807593 0.312500 0.807593 0.314062 0.805513 0.315625 0.805513 0.317187 0.803433 0.318750 0.803433 0.320312 0.801353 0.321875 0.801353 0.323437 0.799272 0.325000 0.799272 0.326562 0.797192 0.328125 0.797192 0.329687 0.795112 0.331250 0.795112 0.332812 0.788872 0.337500 0.788872 0.339062 0.786792 0.340625 0.784712 0.340625 0.770151 0.351562 0.768071 0.351562 0.761831 0.356250 0.759751 0.356250 0.755591 0.359375 0.753511 0.359375 0.751431 0.360937 0.749351 0.360937 0.747271 0.362500 0.745190 0.362500 0.741030 0.365625 0.738950 0.365625 0.736870 0.367188 0.734790 0.367188 0.732710 0.368750 0.728550 0.368750 0.724390 0.371875 0.722310 0.371875 0.720230 0.373437 0.718149 0.373437 0.716069 0.375000 0.711909 0.375000 0.705669 0.379687 0.701509 0.379687 0.699429 0.381250 0.697349 0.381250 0.693188 0.384375 0.691108 0.384375 0.689028 0.385937 0.682788 0.385937 0.680708 0.387500 0.676548 0.387500 0.674468 0.389062 0.672388 0.389062 0.670308 0.390625 0.670308 0.395312 0.651587 0.395312 0.651587 0.390625 0.649507 0.389062 0.647427 0.389062 0.645347 0.387500 0.641187 0.387500 0.639106 0.385937 0.634946 0.385937 0.632866 0.384375 0.628706 0.384375 0.626626 0.382812 0.622466 0.382812 0.618306 0.379687 0.616226 0.379687 0.607905 0.373437 0.607905 0.370312 0.605825 0.368750 0.605825 0.365625 0.597505 0.359375 0.593345 0.362500 0.593345 0.365625 0.582944 0.373437 0.582944 0.375000 0.572544 0.382812 0.572544 0.395312 0.564224 0.395312 0.564224 0.326562 0.574624 0.326562 0.574624 0.328125 0.576704 0.329687 0.576704 0.331250 0.580864 0.334375 0.585024 0.334375 0.589185 0.331250 0.589185 0.329687 0.591265 0.328125 0.591265 0.326562 0.589185 0.325000 0.589185 0.320312 0.597505 0.314062 0.597505 0.309375 0.601665 0.306250 0.601665 0.304688 0.605825 0.301562 0.605825 0.296875 0.607905 0.295312 0.607905 0.293750 0.609985 0.292187 0.609985 0.290625 0.614146 0.287500 0.614146 0.285937 0.626626 0.276562 0.626626 0.273437 0.628706 0.271875 0.628706 0.270312 0.641187 0.270312 0.645347 0.267187 0.647427 0.267187 0.655747 0.260937 0.655747 0.253125 0.653667 0.251562 0.653667 0.248437 0.651587 0.246875 0.651587 0.245312 0.655747 0.245312 0.657827 0.243750 0.661987 0.243750 0.664067 0.245312 0.666147 0.245312 0.670308 0.248437 0.684868 0.248437 0.686948 0.250000 0.689028 0.250000 0.691108 0.248437 0.695269 0.248437 0.699429 0.245312 0.697349 0.243750 0.697349 0.242188 0.695269 0.240625 0.695269 0.239062 0.689028 0.234375 0.689028 0.232812 0.686948 0.231250 0.686948 0.225000 0.689028 0.223437 0.689028 0.215625